1,1,0,0,0,0,0,0,1,0,0,0,0,0,0,0,nan,nan,nan,nan,nan,nan,nan
2,1,0,0,0,0,0,0,1,0,0,0,0,0,0,0,nan,nan,nan,nan,nan,nan,nan
3,1,0,0,0,0,0,0,1,0,0,0,0,0,0,0,nan,nan,nan,nan,nan,nan,nan
4,1,0,0,0,0,0,0,1,0,0,0,0,0,0,0,nan,nan,nan,nan,nan,nan,nan
5,1,0,0,0,0,0,0,1,0,0,0,0,0,0,0,nan,nan,nan,nan,nan,nan,nan
6,1,0,0,0,0,0,0,1,0,0,0,0,0,0,0,nan,nan,nan,nan,nan,nan,nan
7,1,0,0,0,0,0,0,1,0,0,0,0,0,0,0,nan,nan,nan,nan,nan,nan,nan
8,1,0,0,0,0,0,0,1,0,0,0,0,0,0,0,nan,nan,nan,nan,nan,nan,nan
9,1,0,0,0,0,0,0,1,0,0,0,0,0,0,0,nan,nan,nan,nan,nan,nan,nan
10,1,0,0,0,0,0,0,1,0,0,0,0,0,0,0,nan,nan,nan,nan,nan,nan,nan
11,1,0,0,0,0,0,0,2,0,0,0,0,0,0,1,nan,nan,nan,nan,nan,nan,10.503829589630353
12,1,0,0,0,0,0,0,2,0,0,0,0,0,0,1,nan,nan,nan,nan,nan,nan,nan
13,1,0,0,0,0,0,0,2,0,0,0,0,0,0,1,nan,nan,nan,nan,nan,nan,nan
14,1,0,0,0,0,0,0,2,0,0,0,0,0,0,1,nan,nan,nan,nan,nan,nan,nan
15,1,1,0,0,0,1,0,2,0,0,0,0,1,0,1,14.804912429754593,nan,nan,nan,14.131577317272761,nan,nan
16,1,1,0,1,0,0,0,2,0,0,1,0,1,0,0,nan,nan,15.075465768475176,nan,nan,15.074596814886823,nan
17,1,1,0,1,0,0,0,2,0,0,1,0,1,0,0,nan,nan,nan,nan,nan,nan,nan
18,1,0,0,1,0,0,0,2,0,0,0,0,1,0,0,nan,17.96021317975545,nan,nan,nan,nan,nan
19,1,0,0,1,0,0,0,2,0,0,0,0,1,0,0,nan,nan,nan,nan,nan,nan,nan
20,1,0,0,1,0,0,0,2,0,0,0,0,1,0,0,nan,nan,nan,nan,nan,nan,nan
21,1,0,0,1,0,0,0,2,0,0,0,0,1,0,0,nan,nan,nan,nan,nan,nan,nan
22,1,0,0,1,0,0,0,2,0,0,0,0,1,0,0,nan,nan,nan,nan,nan,nan,nan
23,1,0,0,1,0,0,0,2,0,0,0,0,1,0,0,nan,nan,nan,nan,nan,nan,nan
24,1,0,0,1,0,0,0,2,0,0,0,0,1,0,0,nan,nan,nan,nan,nan,nan,nan
25,1,0,0,1,0,0,0,2,0,0,0,0,1,0,0,nan,nan,nan,nan,nan,nan,nan
26,1,0,0,1,0,0,0,2,0,0,0,0,1,0,0,nan,nan,nan,nan,nan,nan,nan
27,1,0,0,0,0,0,0,2,0,0,0,0,0,0,0,nan,nan,nan,26.47738092342668,nan,nan,nan
28,1,0,1,0,0,0,0,2,0,1,0,0,0,0,0,nan,9.25425331855935,nan,nan,nan,nan,nan
29,1,0,1,0,0,0,0,2,0,1,0,0,0,0,0,nan,nan,nan,nan,nan,nan,nan
30,1,0,1,0,0,0,0,2,0,1,0,0,0,0,0,nan,nan,nan,nan,nan,nan,nan
31,1,0,1,0,0,0,0,2,0,1,0,0,0,0,0,nan,nan,nan,nan,nan,nan,nan
32,1,0,1,0,0,0,0,2,0,1,0,0,0,0,0,nan,nan,nan,nan,nan,nan,nan
33,1,0,1,0,0,0,0,2,0,1,0,0,0,0,0,nan,nan,nan,nan,nan,nan,nan
34,1,0,1,0,0,0,0,2,0,1,0,0,0,0,0,nan,nan,nan,nan,nan,nan,nan
35,1,0,1,0,0,0,0,3,0,1,0,0,0,0,1,nan,nan,nan,nan,nan,nan,24.33612576374789
36,1,0,1,0,0,0,0,3,0,1,0,0,0,1,0,nan,nan,nan,nan,nan,20.440471954196326,nan
37,1,0,1,0,0,0,0,3,0,1,0,0,0,1,0,nan,nan,nan,nan,nan,nan,nan
38,1,0,1,0,0,0,0,3,0,1,0,0,0,1,0,nan,nan,nan,nan,nan,nan,nan
39,1,0,1,0,0,0,0,3,0,1,0,0,0,1,0,nan,nan,nan,nan,nan,nan,nan
40,1,0,1,0,0,0,0,3,0,1,0,0,0,1,0,nan,nan,nan,nan,nan,nan,nan
41,1,0,1,0,0,0,0,3,0,1,0,0,0,1,0,nan,nan,nan,nan,nan,nan,nan
42,1,0,1,0,0,0,0,3,0,1,0,0,1,0,0,nan,nan,nan,nan,27.652242070262158,nan,nan
43,1,0,1,0,0,0,0,3,0,0,0,0,1,0,0,27.723070937254782,nan,nan,nan,nan,nan,nan
44,1,0,1,0,0,0,0,3,0,0,0,0,1,0,0,nan,nan,nan,nan,nan,nan,nan
45,1,0,1,0,0,0,0,3,0,0,0,0,1,0,0,nan,nan,nan,nan,nan,nan,nan
46,1,0,1,0,0,0,0,3,0,0,0,0,1,0,0,nan,nan,nan,nan,nan,nan,nan
47,1,0,1,0,0,0,0,3,0,0,0,0,1,0,0,nan,nan,nan,nan,nan,nan,nan
48,1,0,0,0,0,0,0,3,0,0,0,0,0,0,0,nan,nan,32.11566082684691,21.078980651738178,nan,nan,nan
49,1,0,0,0,0,0,0,3,0,0,0,0,0,0,0,nan,nan,nan,nan,nan,nan,nan
50,1,0,0,0,0,0,0,3,0,0,0,0,0,0,0,nan,nan,nan,nan,nan,nan,nan
51,1,0,0,0,0,0,0,3,0,0,0,0,0,0,0,nan,nan,nan,nan,nan,nan,nan
52,1,0,0,0,0,0,0,4,0,0,0,0,0,0,1,nan,nan,nan,nan,nan,nan,16.941937888383194
53,1,0,0,0,0,0,0,4,0,0,0,0,0,0,1,nan,nan,nan,nan,nan,nan,nan
54,1,1,0,0,0,0,0,4,0,0,0,0,0,0,1,11.186764116591341,nan,nan,nan,nan,nan,nan
55,1,1,0,0,0,0,0,4,0,0,0,0,0,0,1,nan,nan,nan,nan,nan,nan,nan
56,1,1,0,0,0,0,0,4,0,0,0,0,0,1,0,nan,nan,nan,nan,nan,20.412869505885844,nan
57,1,1,0,0,0,0,0,4,0,0,0,0,0,1,0,nan,nan,nan,nan,nan,nan,nan
58,1,1,0,0,0,0,0,4,0,0,0,0,0,1,0,nan,nan,nan,nan,nan,nan,nan
59,1,1,0,0,0,0,0,4,0,0,0,0,0,1,0,nan,nan,nan,nan,nan,nan,nan
60,1,0,0,1,0,0,0,4,0,0,0,0,0,1,0,nan,32.2833598151485,12.153990951963713,nan,nan,nan,nan
61,1,0,0,1,0,0,0,4,0,0,0,0,0,1,0,nan,nan,nan,nan,nan,nan,nan
62,1,0,0,1,0,0,0,4,0,0,0,0,0,1,0,nan,nan,nan,nan,nan,nan,nan
63,1,0,0,1,0,0,0,4,0,0,0,0,0,1,0,nan,nan,nan,nan,nan,nan,nan
64,1,0,0,1,0,0,0,4,0,0,0,0,0,1,0,nan,nan,nan,nan,nan,nan,nan
65,1,0,0,1,0,0,0,4,0,0,0,0,0,1,0,nan,nan,nan,nan,nan,nan,nan
66,1,1,0,0,1,0,0,4,0,0,0,0,0,1,0,11.450352794823075,nan,nan,17.518534921232515,nan,nan,nan
67,1,1,0,0,1,0,0,4,0,0,0,0,0,1,0,nan,nan,nan,nan,nan,nan,nan
68,1,1,0,0,1,0,0,4,0,0,0,0,0,1,0,nan,nan,nan,nan,nan,nan,nan
69,1,1,0,0,1,0,0,4,0,0,0,0,0,1,0,nan,nan,nan,nan,nan,nan,nan
70,1,1,0,0,1,0,0,4,0,0,0,0,0,1,0,nan,nan,nan,nan,nan,nan,nan
71,1,1,0,0,0,0,0,4,0,0,0,0,0,0,0,nan,nan,nan,nan,28.792603078349472,nan,nan
72,1,0,1,0,0,0,0,4,0,0,0,0,0,0,0,nan,11.66483925115012,nan,nan,nan,nan,nan
73,1,0,1,0,0,0,0,4,0,0,0,0,0,0,0,nan,nan,nan,nan,nan,nan,nan
74,1,0,1,0,0,0,0,4,0,0,0,0,0,0,0,nan,nan,nan,nan,nan,nan,nan
75,1,0,1,0,0,0,0,4,0,0,0,0,0,0,0,nan,nan,nan,nan,nan,nan,nan
76,1,0,0,1,0,0,0,4,0,0,0,0,0,0,0,nan,nan,16.390690150846332,nan,nan,nan,nan
77,1,0,0,1,0,0,0,4,0,0,0,0,0,0,0,nan,nan,nan,nan,nan,nan,nan
78,1,0,0,0,1,0,0,4,0,0,0,0,0,0,0,nan,nan,nan,12.84158483268186,nan,nan,nan
79,1,0,0,0,1,0,0,4,0,0,0,0,0,0,0,nan,nan,nan,nan,nan,nan,nan
80,1,0,0,0,1,0,0,4,0,0,0,0,0,0,0,nan,nan,nan,nan,nan,nan,nan
81,1,0,0,0,1,0,0,4,0,0,0,0,0,0,0,nan,nan,nan,nan,nan,nan,nan
82,1,1,0,0,1,0,0,5,0,0,0,0,0,0,1,16.12698499599138,nan,nan,nan,nan,nan,29.57416046130642
83,1,1,0,0,1,0,0,5,0,0,0,0,0,0,1,nan,nan,nan,nan,nan,nan,nan
84,1,1,0,0,1,0,0,5,0,0,0,0,0,0,1,nan,nan,nan,nan,nan,nan,nan
85,1,1,0,0,1,0,0,5,0,0,0,0,0,0,1,nan,nan,nan,nan,nan,nan,nan
86,1,0,1,0,1,0,0,5,0,0,0,0,0,0,1,nan,14.266898022246096,nan,nan,nan,nan,nan
87,1,0,1,0,1,0,0,5,0,0,0,0,0,0,1,nan,nan,nan,nan,nan,nan,nan
88,1,0,1,0,1,0,0,5,0,0,0,0,0,0,1,nan,nan,nan,nan,nan,nan,nan
89,1,0,1,0,1,0,0,5,0,0,0,0,0,0,1,nan,nan,nan,nan,nan,nan,nan
90,1,0,1,0,0,1,0,5,0,0,0,0,0,0,1,nan,nan,nan,nan,18.65820427646956,nan,nan
91,1,0,1,0,0,1,0,5,0,0,0,0,0,0,1,nan,nan,nan,nan,nan,nan,nan
92,1,0,1,0,0,0,0,5,0,0,0,0,0,0,0,nan,nan,nan,nan,nan,35.83397122366131,nan
93,1,0,1,0,0,0,0,5,0,0,0,0,0,0,0,nan,nan,nan,nan,nan,nan,nan
94,1,0,0,1,0,0,0,5,0,0,0,0,0,0,0,nan,nan,17.943239350731275,nan,nan,nan,nan
95,1,0,0,1,0,0,0,5,0,0,0,0,0,0,0,nan,nan,nan,nan,nan,nan,nan
96,1,0,1,1,0,0,0,5,0,1,0,0,0,0,0,nan,9.71797493543798,nan,nan,nan,nan,nan
97,1,0,1,1,0,0,0,5,0,1,0,0,0,0,0,nan,nan,nan,nan,nan,nan,nan
98,1,0,1,1,0,0,0,5,0,1,0,0,0,0,0,nan,nan,nan,nan,nan,nan,nan
99,1,0,1,1,0,0,0,5,0,1,0,0,0,0,0,nan,nan,nan,nan,nan,nan,nan
100,1,0,1,1,0,0,0,5,0,1,0,0,0,0,0,nan,nan,nan,nan,nan,nan,nan
101,1,0,1,0,1,0,1,5,0,0,0,0,0,1,0,19.43444338016127,nan,nan,22.198714517795807,nan,8.799603785962134,nan
102,1,0,1,0,1,0,1,5,0,0,0,0,0,1,0,nan,nan,nan,nan,nan,nan,nan
103,1,0,1,0,0,0,1,5,0,0,0,0,0,0,0,nan,nan,nan,nan,12.956494794449839,nan,nan
104,1,0,1,0,0,0,1,5,0,0,0,0,0,0,0,nan,nan,nan,nan,nan,nan,nan
105,1,0,1,0,0,0,1,5,0,0,0,0,0,0,0,nan,nan,nan,nan,nan,nan,nan
106,1,0,1,0,0,0,1,5,0,0,0,0,0,0,0,nan,nan,nan,nan,nan,nan,nan
107,1,0,1,0,0,0,0,6,0,0,0,0,0,0,0,nan,nan,nan,nan,nan,nan,25.53228005769226
108,1,0,1,0,0,0,0,6,0,0,0,0,0,0,0,nan,nan,nan,nan,nan,nan,nan
109,1,0,1,0,0,0,0,6,0,0,0,0,0,0,0,nan,nan,nan,nan,nan,nan,nan
110,1,1,1,0,0,0,0,6,0,0,0,0,0,0,0,8.935348864420533,nan,nan,nan,nan,nan,nan
111,1,1,1,0,1,0,0,6,0,0,0,1,0,0,0,nan,nan,nan,10.568627268097586,nan,nan,nan
112,1,1,1,0,1,0,0,6,0,0,0,1,0,0,0,nan,nan,nan,nan,nan,nan,nan
113,1,0,2,0,1,0,0,6,0,0,0,1,0,0,0,nan,17.40946682295285,nan,nan,nan,nan,nan
114,1,0,2,0,1,0,0,6,0,0,0,1,0,0,0,nan,nan,nan,nan,nan,nan,nan
115,1,0,2,0,1,0,0,6,0,0,0,1,0,0,0,nan,nan,nan,nan,nan,nan,nan
116,1,0,2,0,1,0,0,6,0,0,0,1,0,0,0,nan,nan,nan,nan,nan,nan,nan
117,1,0,2,0,1,0,0,6,0,0,0,1,0,0,0,nan,nan,nan,nan,nan,nan,nan
118,1,0,2,0,1,0,0,6,0,0,0,1,0,0,0,nan,nan,nan,nan,nan,nan,nan
119,1,0,2,0,1,0,0,6,0,0,0,1,0,0,0,nan,nan,nan,nan,nan,nan,nan
120,1,0,2,0,1,0,0,6,0,0,0,1,0,0,0,nan,nan,nan,nan,nan,nan,nan
121,1,0,2,0,0,1,0,6,0,0,0,1,0,0,0,nan,nan,nan,nan,18.54407894807231,nan,nan
122,1,0,2,0,0,1,0,6,0,0,0,1,0,0,0,nan,nan,nan,nan,nan,nan,nan
123,1,0,2,0,0,1,0,6,0,0,0,1,0,0,0,nan,nan,nan,nan,nan,nan,nan
124,1,0,2,0,0,1,0,6,0,0,0,1,0,0,0,nan,nan,nan,nan,nan,nan,nan
125,1,0,3,0,0,1,0,6,0,0,0,1,0,0,0,14.760590861942845,11.92979550904829,nan,nan,nan,nan,nan
126,1,0,3,0,0,1,0,6,0,0,0,1,0,0,0,nan,nan,nan,nan,nan,nan,nan
127,1,0,3,0,0,0,0,7,0,0,0,1,0,0,0,nan,nan,nan,nan,nan,25.819505487527564,19.435711091539645
128,1,0,3,0,0,0,0,7,0,0,0,1,0,0,0,nan,nan,nan,nan,nan,nan,nan
129,1,0,3,0,0,0,0,7,0,0,0,1,0,0,0,nan,nan,nan,nan,nan,nan,nan
130,1,0,3,0,0,0,0,7,0,0,0,1,0,0,0,nan,nan,nan,nan,nan,nan,nan
131,1,0,3,0,0,0,0,7,0,0,0,1,0,0,0,nan,nan,nan,nan,nan,nan,nan
132,1,0,3,0,0,0,0,7,0,0,0,1,0,0,0,nan,nan,nan,nan,nan,nan,nan
133,1,0,3,0,0,0,0,7,0,0,0,1,0,0,0,nan,nan,nan,nan,nan,nan,nan
134,1,0,3,0,0,0,0,7,0,0,0,1,0,0,0,nan,nan,nan,nan,nan,nan,nan
135,1,0,3,0,0,0,0,7,0,0,0,1,0,0,0,nan,nan,nan,nan,nan,nan,nan
136,1,0,2,0,0,0,0,7,0,0,0,0,0,0,0,nan,nan,42.29953741898193,nan,nan,nan,nan
137,1,0,2,0,0,0,0,8,0,0,0,0,0,0,1,nan,nan,nan,nan,nan,nan,9.874431793064971
138,1,0,3,0,0,0,0,8,0,1,0,0,0,0,1,nan,13.206266589064782,nan,nan,nan,nan,nan
139,1,0,3,0,0,1,0,8,0,1,0,0,1,0,1,nan,nan,nan,nan,17.31172540078832,nan,nan
140,1,0,3,0,0,1,0,8,0,0,0,0,1,0,1,15.357873751330203,nan,nan,nan,nan,nan,nan
141,1,0,3,0,0,1,0,8,0,0,0,0,1,0,1,nan,nan,nan,nan,nan,nan,nan
142,1,0,3,0,0,1,0,8,0,0,0,0,1,0,1,nan,nan,nan,nan,nan,nan,nan
143,1,0,3,0,0,1,0,8,0,0,0,0,1,0,1,nan,nan,nan,nan,nan,nan,nan
144,1,0,3,0,0,1,0,8,0,0,0,0,1,0,1,nan,nan,nan,nan,nan,nan,nan
145,1,0,3,0,0,1,0,8,0,0,0,0,1,0,1,nan,nan,nan,nan,nan,nan,nan
146,1,0,3,0,0,1,0,8,0,0,0,0,1,0,1,nan,nan,nan,nan,nan,nan,nan
147,1,0,3,0,0,1,0,8,0,0,0,0,1,0,1,nan,nan,nan,nan,nan,nan,nan
148,1,0,3,0,0,1,0,8,0,0,0,0,1,0,1,nan,nan,nan,nan,nan,nan,nan
149,1,0,3,0,0,1,0,8,0,0,0,0,1,0,1,nan,nan,nan,nan,nan,nan,nan
150,1,0,2,1,0,1,0,8,0,0,0,0,1,0,1,nan,nan,13.443368621165973,nan,nan,nan,nan
151,1,0,2,0,0,0,0,8,0,0,0,0,0,0,0,nan,nan,nan,39.50319396829806,nan,24.50202300279213,nan
152,1,0,2,0,0,0,0,8,0,0,0,0,0,0,0,nan,nan,nan,nan,nan,nan,nan
153,1,0,3,0,0,0,0,8,0,1,0,0,0,0,0,nan,14.575920405282659,nan,nan,nan,nan,nan
154,1,0,3,0,0,0,0,8,0,1,0,0,0,0,0,nan,nan,nan,nan,nan,nan,nan
155,1,0,3,0,0,0,0,8,0,1,0,0,0,0,0,nan,nan,nan,nan,nan,nan,nan
156,1,0,3,0,0,0,0,8,0,1,0,0,0,0,0,nan,nan,nan,nan,nan,nan,nan
157,1,0,3,0,0,0,0,8,0,1,0,0,0,0,0,nan,nan,nan,nan,nan,nan,nan
158,1,0,3,0,0,0,0,8,0,1,0,0,0,0,0,nan,nan,nan,nan,nan,nan,nan
159,1,0,3,0,0,0,0,8,0,1,0,0,0,0,0,nan,nan,nan,nan,nan,nan,nan
160,1,0,3,0,0,0,0,8,0,1,0,0,0,0,0,nan,nan,nan,nan,nan,nan,nan
161,1,0,3,0,0,0,0,8,0,1,0,0,0,0,0,nan,nan,nan,nan,nan,nan,nan
162,1,0,3,0,1,0,0,8,0,1,0,1,0,0,0,nan,nan,nan,11.614012318787985,nan,nan,nan
163,1,0,3,0,1,0,0,9,0,1,0,1,0,0,1,nan,nan,nan,nan,nan,nan,26.19283825830766
164,1,0,3,0,0,1,0,9,0,1,0,1,0,0,1,nan,nan,nan,nan,25.190421696675315,nan,nan
165,1,0,3,0,0,1,0,9,0,1,0,1,0,0,1,nan,nan,nan,nan,nan,nan,nan
166,1,0,3,0,0,1,0,9,0,1,0,1,0,0,1,nan,nan,nan,nan,nan,nan,nan
167,1,0,3,0,0,1,0,9,0,1,0,1,0,0,1,nan,nan,nan,nan,nan,nan,nan
168,1,0,3,0,0,1,0,9,0,1,0,1,0,0,1,nan,nan,nan,nan,nan,nan,nan
169,1,0,3,0,0,1,0,9,0,0,0,1,0,0,1,28.941962609895427,nan,nan,nan,nan,nan,nan
170,1,0,3,0,0,1,0,9,0,0,0,1,0,0,1,nan,nan,nan,nan,nan,nan,nan
171,1,0,3,0,0,1,0,9,0,0,0,1,0,0,1,nan,nan,nan,nan,nan,nan,nan
172,1,0,3,0,0,1,0,9,0,0,0,1,0,0,1,nan,nan,nan,nan,nan,nan,nan
173,1,0,3,0,0,1,0,9,0,0,0,1,0,0,1,nan,nan,nan,nan,nan,nan,nan
174,1,0,3,0,0,0,0,9,0,0,0,1,0,0,0,nan,nan,nan,nan,nan,22.119713354699712,nan
175,1,0,3,0,0,0,0,9,0,0,0,1,0,0,0,nan,nan,nan,nan,nan,nan,nan
176,1,0,3,0,0,0,0,9,0,0,0,1,0,0,0,nan,nan,nan,nan,nan,nan,nan
177,1,0,3,0,0,0,0,9,0,0,0,1,0,0,0,nan,nan,nan,nan,nan,nan,nan
178,1,0,3,0,0,0,0,9,0,0,0,1,0,0,0,nan,nan,nan,nan,nan,nan,nan
179,1,0,3,0,0,0,0,9,0,0,0,1,0,0,0,nan,nan,nan,nan,nan,nan,nan
180,1,0,3,0,0,0,0,9,0,0,0,1,0,0,0,nan,nan,nan,nan,nan,nan,nan
181,1,0,3,0,0,1,0,9,0,0,0,1,1,0,0,nan,nan,nan,nan,16.966187721689323,nan,nan
182,1,0,3,0,0,1,0,9,0,0,0,1,1,0,0,nan,nan,nan,nan,nan,nan,nan
183,1,0,3,0,0,1,0,9,0,0,0,1,1,0,0,nan,nan,nan,nan,nan,nan,nan
184,1,0,3,0,0,0,1,9,0,0,0,1,1,0,0,nan,nan,nan,nan,nan,10.49059114296304,nan
185,1,0,2,0,0,0,1,9,0,0,0,0,1,0,0,nan,nan,34.94264337527784,nan,nan,nan,nan
186,1,0,2,0,0,0,1,9,0,0,0,0,1,0,0,nan,nan,nan,nan,nan,nan,nan
187,1,0,3,0,0,0,1,9,0,1,0,0,1,0,0,nan,34.47234804140322,nan,nan,nan,nan,nan
188,1,0,3,0,0,0,1,9,0,1,0,0,1,0,0,nan,nan,nan,nan,nan,nan,nan
189,1,0,3,0,0,0,1,9,0,1,0,0,1,0,0,nan,nan,nan,nan,nan,nan,nan
190,1,0,3,0,0,0,1,9,0,1,0,0,1,0,0,nan,nan,nan,nan,nan,nan,nan
191,1,0,3,0,0,0,1,9,0,1,0,0,1,0,0,nan,nan,nan,nan,nan,nan,nan
192,1,0,3,0,0,0,1,9,0,0,0,0,1,0,0,22.56343115335042,nan,nan,nan,nan,nan,nan
193,1,0,3,0,0,0,1,9,0,0,0,0,1,0,0,nan,nan,nan,nan,nan,nan,nan
194,1,0,3,0,0,0,0,10,0,0,0,0,1,0,0,nan,nan,nan,nan,nan,nan,31.031132345215354
195,1,0,3,0,0,0,0,10,0,0,0,0,1,0,0,nan,nan,nan,nan,nan,nan,nan
196,1,0,3,0,0,0,0,10,0,0,0,0,1,0,0,nan,nan,nan,nan,nan,nan,nan
197,1,0,3,0,0,0,0,10,0,0,0,0,1,0,0,nan,nan,nan,nan,nan,nan,nan
198,1,0,3,0,0,0,0,10,0,0,0,0,1,0,0,nan,nan,nan,nan,nan,nan,nan
199,1,0,3,0,0,0,0,10,0,0,0,0,1,0,0,nan,nan,nan,nan,nan,nan,nan
200,1,0,3,0,0,0,0,10,0,0,0,0,1,0,0,nan,nan,nan,nan,nan,nan,nan
201,1,0,3,0,0,0,0,10,0,0,0,0,1,0,0,nan,nan,nan,nan,nan,nan,nan
202,1,0,3,0,0,0,0,10,0,0,0,0,1,0,0,nan,nan,nan,nan,nan,nan,nan
203,1,0,3,0,0,0,0,10,0,0,0,0,1,0,0,nan,nan,nan,nan,nan,nan,nan
204,1,0,3,0,0,0,0,10,0,0,0,0,1,0,0,nan,nan,nan,nan,nan,nan,nan
205,1,0,3,0,0,0,0,10,0,0,0,1,0,0,0,nan,nan,nan,42.66264200530313,nan,nan,nan
206,1,0,2,0,0,0,0,10,0,0,0,0,0,0,0,nan,nan,21.127644829261556,nan,nan,nan,nan
207,1,0,2,0,0,0,0,11,0,0,0,0,0,0,1,nan,nan,nan,nan,nan,nan,13.563966595562931
208,1,0,2,0,0,0,0,11,0,0,0,0,0,0,1,nan,nan,nan,nan,nan,nan,nan
209,1,0,3,0,0,0,0,11,0,1,0,0,0,1,0,nan,21.414443096102048,nan,nan,nan,25.361455124290842,nan
210,1,0,3,0,0,0,0,11,0,0,0,0,0,1,0,18.11412473844979,nan,nan,nan,nan,nan,nan
211,1,0,3,0,0,0,0,11,0,0,0,0,0,1,0,nan,nan,nan,nan,nan,nan,nan
212,1,0,3,0,0,0,0,11,0,0,0,0,0,1,0,nan,nan,nan,nan,nan,nan,nan
213,1,0,3,0,0,0,0,11,0,0,0,0,0,1,0,nan,nan,nan,nan,nan,nan,nan
214,1,0,3,0,0,0,0,11,0,0,0,0,0,1,0,nan,nan,nan,nan,nan,nan,nan
215,1,0,3,0,0,0,0,11,0,0,0,0,0,1,0,nan,nan,nan,nan,nan,nan,nan
216,1,0,3,0,0,0,0,11,0,0,0,0,0,1,0,nan,nan,nan,nan,nan,nan,nan
217,1,0,3,0,0,0,0,11,0,0,0,0,0,1,0,nan,nan,nan,nan,nan,nan,nan
218,1,0,3,0,0,0,0,11,0,0,0,0,0,1,0,nan,nan,nan,nan,nan,nan,nan
219,1,0,3,0,1,0,0,11,0,0,0,1,0,1,0,nan,nan,nan,14.392443173492836,nan,nan,nan
220,1,0,3,0,1,0,0,11,0,0,0,1,0,1,0,nan,nan,nan,nan,nan,nan,nan
221,1,0,3,0,1,0,0,11,0,0,0,1,0,1,0,nan,nan,nan,nan,nan,nan,nan
222,1,0,3,0,1,0,0,11,0,0,0,1,0,1,0,nan,nan,nan,nan,nan,nan,nan
223,1,1,3,0,1,0,0,11,0,0,0,1,0,1,0,12.837225872689686,nan,nan,nan,nan,nan,nan
224,1,1,3,0,1,0,0,11,0,0,0,1,0,1,0,nan,nan,nan,nan,nan,nan,nan
225,1,1,3,0,1,0,0,12,0,0,0,1,0,1,1,nan,nan,nan,nan,nan,nan,17.35741103625682
226,1,0,4,0,1,0,0,12,0,0,0,1,0,1,1,nan,17.77947946390327,nan,nan,nan,nan,nan
227,1,0,4,0,1,0,0,12,0,0,0,1,0,1,1,nan,nan,nan,nan,nan,nan,nan
228,1,0,4,0,1,0,0,12,0,0,0,1,0,1,1,nan,nan,nan,nan,nan,nan,nan
229,1,0,4,0,1,0,0,12,0,0,0,1,0,1,1,nan,nan,nan,nan,nan,nan,nan
230,1,0,4,0,1,0,0,12,0,0,0,1,0,1,1,nan,nan,nan,nan,nan,nan,nan
231,1,0,4,0,0,0,0,12,0,0,0,1,0,0,1,nan,nan,nan,nan,50.071474557795824,nan,nan
232,1,0,4,0,0,0,0,12,0,0,0,1,0,0,1,nan,nan,nan,nan,nan,nan,nan
233,1,0,4,0,0,0,0,12,0,0,0,1,0,0,1,nan,nan,nan,nan,nan,nan,nan
234,1,0,3,0,0,0,0,12,0,0,0,0,0,0,1,nan,nan,28.34642764305761,nan,nan,nan,nan
235,1,1,3,0,0,0,0,12,0,0,0,0,0,0,1,12.205373875774654,nan,nan,nan,nan,nan,nan
236,1,1,3,0,0,0,0,12,0,0,0,0,0,0,1,nan,nan,nan,nan,nan,nan,nan
237,1,1,3,0,0,0,0,12,0,0,0,0,0,0,1,nan,nan,nan,nan,nan,nan,nan
238,1,1,3,0,0,0,0,12,0,0,0,0,0,0,1,nan,nan,nan,nan,nan,nan,nan
239,1,1,3,0,0,0,0,12,0,0,0,0,0,0,1,nan,nan,nan,nan,nan,nan,nan
240,1,1,3,0,0,0,0,12,0,0,0,0,0,0,1,nan,nan,nan,nan,nan,nan,nan
241,1,1,3,0,0,0,0,12,0,0,0,0,0,0,1,nan,nan,nan,nan,nan,nan,nan
242,1,1,3,0,0,0,0,12,0,0,0,0,0,0,1,nan,nan,nan,nan,nan,nan,nan
243,1,1,3,0,0,0,0,12,0,0,0,0,0,0,1,nan,nan,nan,nan,nan,nan,nan
244,1,1,3,0,0,0,0,12,0,0,0,0,0,0,1,nan,nan,nan,nan,nan,nan,nan
245,1,1,3,0,0,0,0,12,0,0,0,0,0,0,1,nan,nan,nan,nan,nan,nan,nan
246,1,1,3,0,0,0,0,12,0,0,0,0,0,0,1,nan,nan,nan,nan,nan,nan,nan
247,1,1,3,0,0,0,0,12,0,0,0,0,0,0,1,nan,nan,nan,nan,nan,nan,nan
248,1,1,3,0,0,0,0,12,0,0,0,0,0,0,1,nan,nan,nan,nan,nan,nan,nan
249,1,1,3,0,0,0,0,12,0,0,0,0,0,0,1,nan,nan,nan,nan,nan,nan,nan
250,1,1,3,0,0,1,0,12,0,0,0,0,1,0,1,nan,nan,nan,nan,18.91526665235631,nan,nan
251,1,1,3,0,0,1,0,12,0,0,0,0,1,0,1,nan,nan,nan,nan,nan,nan,nan
252,1,1,3,0,0,0,0,12,0,0,0,0,1,0,0,nan,nan,nan,nan,nan,42.62082605244049,nan
253,1,1,3,0,0,0,0,12,0,0,0,0,1,0,0,nan,nan,nan,nan,nan,nan,nan
254,1,1,3,0,0,0,0,12,0,0,0,0,1,0,0,nan,nan,nan,nan,nan,nan,nan
255,1,1,4,0,0,0,0,12,0,0,0,1,0,0,0,20.06718387771491,29.036631649602015,nan,35.694401822898385,nan,nan,nan
256,1,1,4,0,0,0,0,12,0,0,0,1,0,0,0,nan,nan,nan,nan,nan,nan,nan
257,1,1,4,0,0,0,0,12,0,0,0,1,0,0,0,nan,nan,nan,nan,nan,nan,nan
258,1,1,3,0,0,0,0,12,0,0,0,0,0,0,0,nan,nan,23.996019769557165,nan,nan,nan,nan
259,1,1,3,0,0,0,0,12,0,0,0,0,0,0,0,nan,nan,nan,nan,nan,nan,nan
260,1,1,3,0,0,0,0,12,0,0,0,0,0,0,0,nan,nan,nan,nan,nan,nan,nan
261,1,1,3,0,0,0,0,12,0,0,0,0,0,0,0,nan,nan,nan,nan,nan,nan,nan
262,1,1,3,0,0,0,0,12,0,0,0,0,0,0,0,nan,nan,nan,nan,nan,nan,nan
263,1,1,3,0,0,0,0,12,0,0,0,0,0,0,0,nan,nan,nan,nan,nan,nan,nan
264,1,1,3,0,0,0,0,12,0,0,0,0,0,0,0,nan,nan,nan,nan,nan,nan,nan
265,1,2,3,0,0,0,0,13,0,0,0,0,0,0,1,10.427731780501858,nan,nan,nan,nan,nan,40.32350109832484
266,1,2,3,0,0,0,0,13,0,0,0,0,0,0,1,nan,nan,nan,nan,nan,nan,nan
267,1,1,4,0,0,0,0,13,0,0,0,0,0,0,1,nan,11.57569412362514,nan,nan,nan,nan,nan
268,1,1,4,0,1,0,0,13,0,0,0,1,0,0,1,nan,nan,nan,13.21093673514298,nan,nan,nan
269,1,1,4,0,0,1,0,13,0,0,0,1,0,0,1,nan,nan,nan,nan,18.9364943407044,nan,nan
270,1,1,4,0,0,1,0,13,0,0,0,1,0,0,1,nan,nan,nan,nan,nan,nan,nan
271,1,1,4,0,0,1,0,13,0,0,0,1,0,0,1,nan,nan,nan,nan,nan,nan,nan
272,1,1,4,0,0,0,0,13,0,0,0,1,0,0,0,nan,nan,nan,nan,nan,19.662760960754667,nan
273,1,1,4,0,0,0,0,13,0,0,0,1,0,0,0,nan,nan,nan,nan,nan,nan,nan
274,1,1,4,0,0,0,0,13,0,0,0,1,0,0,0,nan,nan,nan,nan,nan,nan,nan
275,1,1,4,0,0,0,0,13,0,0,0,1,0,0,0,nan,nan,nan,nan,nan,nan,nan
276,1,1,4,0,0,0,0,13,0,0,0,1,0,0,0,nan,nan,nan,nan,nan,nan,nan
277,1,1,3,0,0,0,0,13,0,0,0,0,0,0,0,nan,nan,18.447262980910295,nan,nan,nan,nan
278,1,1,3,0,0,0,0,13,0,0,0,0,0,0,0,nan,nan,nan,nan,nan,nan,nan
279,1,0,4,0,0,0,0,13,0,0,0,0,0,0,0,nan,11.51308077482139,nan,nan,nan,nan,nan
280,1,0,4,0,0,0,0,13,0,0,0,0,0,0,0,nan,nan,nan,nan,nan,nan,nan
281,1,0,4,0,0,0,0,13,0,0,0,0,0,0,0,nan,nan,nan,nan,nan,nan,nan
282,1,0,4,0,0,0,0,13,0,0,0,0,0,0,0,nan,nan,nan,nan,nan,nan,nan
283,1,0,4,0,0,1,0,13,0,0,0,0,1,0,0,nan,nan,nan,nan,14.63642288595696,nan,nan
284,1,0,4,0,0,1,0,13,0,0,0,0,1,0,0,nan,nan,nan,nan,nan,nan,nan
285,1,0,4,0,0,0,1,13,0,0,0,0,1,0,0,nan,nan,nan,nan,nan,13.5908411829123,nan
286,1,1,4,0,0,0,1,13,0,0,0,0,1,0,0,20.175700626459445,nan,nan,nan,nan,nan,nan
287,1,1,4,0,0,0,1,13,0,0,0,0,1,0,0,nan,nan,nan,nan,nan,nan,nan
288,1,1,4,0,0,0,1,13,0,0,0,1,0,0,0,nan,nan,nan,19.411254510083097,nan,nan,nan
289,1,1,4,0,0,0,1,13,0,0,0,1,0,0,0,nan,nan,nan,nan,nan,nan,nan
290,1,1,4,0,0,0,1,13,0,0,0,1,0,0,0,nan,nan,nan,nan,nan,nan,nan
291,1,1,3,0,0,0,1,13,0,0,0,0,0,0,0,nan,nan,14.527943689720473,nan,nan,nan,nan
292,1,1,3,0,0,0,0,14,0,0,0,0,0,0,0,nan,nan,nan,nan,nan,nan,26.40430417621991
293,1,1,3,0,0,0,0,14,0,0,0,0,0,0,0,nan,nan,nan,nan,nan,nan,nan
294,1,1,3,0,0,0,0,14,0,0,0,0,0,0,0,nan,nan,nan,nan,nan,nan,nan
295,1,1,3,0,0,0,1,14,0,0,0,0,0,1,0,nan,nan,nan,nan,nan,9.441900442835447,nan
296,1,1,3,0,0,0,1,14,0,0,0,0,0,1,0,nan,nan,nan,nan,nan,nan,nan
297,1,0,4,0,0,0,1,14,0,0,0,0,0,1,0,nan,18.64174800115302,nan,nan,nan,nan,nan
298,1,0,4,0,0,0,1,14,0,0,0,0,0,1,0,nan,nan,nan,nan,nan,nan,nan
299,1,0,4,0,0,0,1,14,0,0,0,0,0,1,0,nan,nan,nan,nan,nan,nan,nan
300,1,1,4,0,0,0,1,14,0,0,0,0,0,1,0,14.118118756766762,nan,nan,nan,nan,nan,nan
301,1,1,4,0,0,0,1,14,0,0,0,0,0,1,0,nan,nan,nan,nan,nan,nan,nan
302,1,1,4,0,0,0,1,14,0,0,0,0,0,1,0,nan,nan,nan,nan,nan,nan,nan
303,1,1,4,0,0,0,1,14,0,0,0,0,0,1,0,nan,nan,nan,nan,nan,nan,nan
304,1,1,4,0,0,0,1,14,0,0,0,0,0,1,0,nan,nan,nan,nan,nan,nan,nan
305,1,1,4,0,0,0,1,14,0,0,0,0,0,1,0,nan,nan,nan,nan,nan,nan,nan
306,1,1,4,0,0,0,1,14,0,0,0,0,0,1,0,nan,nan,nan,nan,nan,nan,nan
307,1,1,4,0,0,0,1,14,0,0,0,0,0,1,0,nan,nan,nan,nan,nan,nan,nan
308,1,1,4,0,0,0,1,14,0,0,0,0,0,1,0,nan,nan,nan,nan,nan,nan,nan
309,1,1,4,0,0,0,1,14,0,0,0,0,1,0,0,nan,nan,nan,nan,26.234848799656504,nan,nan
310,1,1,3,1,0,0,1,14,0,0,0,0,1,0,0,nan,nan,18.76323429646635,nan,nan,nan,nan
311,1,1,3,1,0,0,0,15,0,0,0,0,1,0,0,nan,nan,nan,nan,nan,nan,18.95852714315589
312,1,1,3,1,0,0,0,15,0,0,0,0,1,0,0,nan,nan,nan,nan,nan,nan,nan
313,1,1,3,1,0,0,0,15,0,0,0,0,1,0,0,nan,nan,nan,nan,nan,nan,nan
314,1,0,4,1,0,0,0,15,0,0,0,0,1,0,0,nan,16.810502940681033,nan,nan,nan,nan,nan
315,1,0,4,1,0,0,0,15,0,0,0,0,1,0,0,nan,nan,nan,nan,nan,nan,nan
316,1,0,4,0,0,0,0,15,0,0,0,0,0,0,0,nan,nan,nan,28.27868108974684,nan,nan,nan
317,1,0,4,0,0,0,0,15,0,0,0,0,0,0,0,nan,nan,nan,nan,nan,nan,nan
318,1,0,4,0,0,0,0,15,0,0,0,0,0,0,0,nan,nan,nan,nan,nan,nan,nan
319,1,0,4,0,0,0,0,15,0,0,0,0,0,0,0,nan,nan,nan,nan,nan,nan,nan
320,1,1,4,0,0,0,0,15,0,0,0,0,0,0,0,20.14083086244318,nan,nan,nan,nan,nan,nan
321,1,1,4,0,0,0,0,15,0,0,0,0,0,0,0,nan,nan,nan,nan,nan,nan,nan
322,1,1,4,0,0,0,1,15,0,0,0,0,0,1,0,nan,nan,nan,nan,nan,27.20875613754049,nan
323,1,1,4,0,0,0,1,15,0,0,0,0,0,1,0,nan,nan,nan,nan,nan,nan,nan
324,1,1,4,0,0,0,1,15,0,0,0,0,0,1,0,nan,nan,nan,nan,nan,nan,nan
325,1,1,4,0,0,0,0,16,0,0,0,0,0,1,0,nan,nan,nan,nan,nan,nan,14.748079995016383
326,1,1,4,0,0,0,0,16,0,0,0,0,0,1,0,nan,nan,nan,nan,nan,nan,nan
327,1,1,4,0,0,0,0,16,0,0,0,0,0,1,0,nan,nan,nan,nan,nan,nan,nan
328,1,1,4,0,0,0,0,16,0,0,0,0,0,1,0,nan,nan,nan,nan,nan,nan,nan
329,1,2,4,0,0,0,0,16,0,0,0,0,0,1,0,9.567213960279673,nan,nan,nan,nan,nan,nan
330,1,2,4,0,1,0,0,16,0,0,0,1,0,1,0,nan,nan,nan,13.61235123477286,nan,nan,nan
331,1,2,4,0,0,0,0,16,0,0,0,1,0,0,0,nan,nan,nan,nan,21.677178044983577,nan,nan
332,1,2,3,0,0,0,0,16,0,0,0,0,0,0,0,nan,nan,21.510649945210787,nan,nan,nan,nan
333,1,2,3,0,0,0,0,16,0,0,0,0,0,0,0,nan,nan,nan,nan,nan,nan,nan
334,1,2,3,0,0,0,0,16,0,0,0,0,0,0,0,nan,nan,nan,nan,nan,nan,nan
335,1,2,3,0,0,0,0,16,0,0,0,0,0,0,0,nan,nan,nan,nan,nan,nan,nan
336,1,2,3,0,0,0,0,16,0,0,0,0,0,0,0,nan,nan,nan,nan,nan,nan,nan
337,1,2,3,0,0,0,0,16,0,0,0,0,0,0,0,nan,nan,nan,nan,nan,nan,nan
338,1,2,3,0,0,0,0,16,0,0,0,0,0,0,0,nan,nan,nan,nan,nan,nan,nan
339,1,2,3,0,0,0,0,16,0,0,0,0,0,0,0,nan,nan,nan,nan,nan,nan,nan
340,1,2,3,0,0,0,0,16,0,0,0,0,0,0,0,nan,nan,nan,nan,nan,nan,nan
341,1,2,3,0,0,0,1,16,0,0,0,0,0,1,0,nan,nan,nan,nan,nan,19.100424588417866,nan
342,1,2,3,0,0,0,0,17,0,0,0,0,0,1,0,nan,nan,nan,nan,nan,nan,16.44131289551524
343,1,2,3,0,0,0,0,17,0,0,0,0,0,1,0,nan,nan,nan,nan,nan,nan,nan
344,1,2,3,0,0,0,0,17,0,0,0,0,0,1,0,nan,nan,nan,nan,nan,nan,nan
345,1,1,4,0,0,0,0,17,0,0,0,0,0,1,0,nan,31.17371525416945,nan,nan,nan,nan,nan
346,1,2,4,0,0,0,0,17,0,0,0,0,0,1,0,17.052035263695075,nan,nan,nan,nan,nan,nan
347,1,2,4,0,0,0,0,17,0,0,0,0,0,1,0,nan,nan,nan,nan,nan,nan,nan
348,1,2,4,0,0,0,0,17,0,0,0,0,0,1,0,nan,nan,nan,nan,nan,nan,nan
349,1,2,4,0,0,0,0,17,0,0,0,0,0,1,0,nan,nan,nan,nan,nan,nan,nan
350,1,2,3,1,0,0,0,17,0,0,0,0,0,1,0,nan,nan,18.884182288709326,nan,nan,nan,nan
351,1,2,3,1,0,0,0,17,0,0,0,0,0,1,0,nan,nan,nan,nan,nan,nan,nan
352,1,2,3,1,0,0,0,17,0,0,0,0,0,1,0,nan,nan,nan,nan,nan,nan,nan
353,1,2,3,1,0,0,0,17,0,0,0,0,0,1,0,nan,nan,nan,nan,nan,nan,nan
354,1,2,3,1,0,0,0,17,0,0,0,0,0,1,0,nan,nan,nan,nan,nan,nan,nan
355,1,2,3,1,0,0,0,17,0,0,0,0,0,1,0,nan,nan,nan,nan,nan,nan,nan
356,1,2,3,1,0,0,0,17,0,0,0,0,0,1,0,nan,nan,nan,nan,nan,nan,nan
357,1,2,3,1,0,0,0,17,0,0,0,0,0,1,0,nan,nan,nan,nan,nan,nan,nan
358,1,2,3,1,0,0,0,17,0,0,0,0,0,1,0,nan,nan,nan,nan,nan,nan,nan
359,1,2,3,1,0,0,0,17,0,0,0,0,0,1,0,nan,nan,nan,nan,nan,nan,nan
360,1,2,3,1,0,0,0,18,0,0,0,0,0,1,1,nan,nan,nan,nan,nan,nan,18.000043113864137
361,1,1,4,1,0,0,0,18,0,0,0,0,0,1,1,nan,15.886269847501751,nan,nan,nan,nan,nan
362,1,1,4,0,1,0,0,18,0,0,0,0,0,1,1,nan,nan,nan,31.985432559527624,nan,nan,nan
363,1,1,4,0,0,0,0,18,0,0,0,0,0,0,1,nan,nan,nan,nan,31.96381402888386,nan,nan
364,1,1,4,0,0,0,0,18,0,0,0,0,0,0,1,nan,nan,nan,nan,nan,nan,nan
365,1,1,4,0,0,0,0,18,0,0,0,0,0,0,1,nan,nan,nan,nan,nan,nan,nan
366,1,1,4,0,0,0,0,18,0,0,0,0,0,0,1,nan,nan,nan,nan,nan,nan,nan
367,1,1,4,0,0,0,0,18,0,0,0,0,0,0,1,nan,nan,nan,nan,nan,nan,nan
368,1,1,4,0,0,0,0,18,0,0,0,0,0,0,1,nan,nan,nan,nan,nan,nan,nan
369,1,2,3,1,0,0,0,18,0,0,0,0,0,0,1,22.276236812792206,nan,18.451163235686693,nan,nan,nan,nan
370,1,2,3,1,0,0,0,18,0,0,0,0,0,0,1,nan,nan,nan,nan,nan,nan,nan
371,1,2,3,1,0,0,0,18,0,0,0,0,0,0,1,nan,nan,nan,nan,nan,nan,nan
372,1,2,3,1,0,0,0,18,0,0,0,0,0,0,1,nan,nan,nan,nan,nan,nan,nan
373,1,2,3,1,0,0,0,18,0,0,0,0,0,0,1,nan,nan,nan,nan,nan,nan,nan
374,1,2,3,1,0,0,0,18,0,0,0,0,0,0,1,nan,nan,nan,nan,nan,nan,nan
375,1,2,3,1,0,0,0,18,0,0,0,0,0,0,1,nan,nan,nan,nan,nan,nan,nan
376,1,2,3,1,0,0,0,18,0,0,0,0,0,0,1,nan,nan,nan,nan,nan,nan,nan
377,1,2,3,1,0,0,0,18,0,0,0,0,0,0,1,nan,nan,nan,nan,nan,nan,nan
378,1,2,3,1,0,0,0,18,0,0,0,0,0,0,1,nan,nan,nan,nan,nan,nan,nan
379,1,2,3,1,0,0,0,18,0,0,0,0,0,0,1,nan,nan,nan,nan,nan,nan,nan
380,1,2,3,1,0,0,0,18,0,0,0,0,0,0,1,nan,nan,nan,nan,nan,nan,nan
381,1,2,3,1,0,0,0,18,0,0,0,0,0,0,1,nan,nan,nan,nan,nan,nan,nan
382,1,2,3,1,0,0,0,18,0,0,0,0,0,0,1,nan,nan,nan,nan,nan,nan,nan
383,1,2,3,0,1,0,0,18,0,0,0,0,0,0,1,nan,nan,nan,21.632957498226006,nan,nan,nan
384,1,2,3,0,1,0,0,18,0,0,0,0,0,0,1,nan,nan,nan,nan,nan,nan,nan
385,1,2,3,0,1,0,0,18,0,0,0,0,0,0,1,nan,nan,nan,nan,nan,nan,nan
386,1,2,3,0,1,0,0,18,0,0,0,0,0,0,1,nan,nan,nan,nan,nan,nan,nan
387,1,2,2,1,1,0,0,18,0,0,0,0,0,0,1,nan,nan,18.224349671277082,nan,nan,nan,nan
388,1,2,2,1,1,0,0,18,0,0,0,0,0,0,1,nan,nan,nan,nan,nan,nan,nan
389,1,1,3,1,0,1,0,18,0,0,0,0,0,0,1,nan,27.969898130697175,nan,nan,25.600127129392035,nan,nan
390,1,1,3,1,0,1,0,18,0,0,0,0,0,0,1,nan,nan,nan,nan,nan,nan,nan
391,1,2,3,1,0,1,0,18,0,0,0,0,0,0,1,21.902079664656924,nan,nan,nan,nan,nan,nan
392,1,2,3,1,0,1,0,18,0,0,0,0,0,0,1,nan,nan,nan,nan,nan,nan,nan
393,1,2,3,1,0,1,0,18,0,0,0,0,0,0,1,nan,nan,nan,nan,nan,nan,nan
394,1,2,3,1,0,1,0,18,0,0,0,0,0,0,1,nan,nan,nan,nan,nan,nan,nan
395,1,2,3,1,0,0,0,18,0,0,0,0,0,0,0,nan,nan,nan,nan,nan,54.302308579069404,nan
396,1,2,3,1,0,0,0,18,0,0,0,0,0,0,0,nan,nan,nan,nan,nan,nan,nan
397,1,2,3,1,0,0,0,18,0,0,0,0,0,0,0,nan,nan,nan,nan,nan,nan,nan
398,1,2,3,1,0,0,0,18,0,0,0,0,0,0,0,nan,nan,nan,nan,nan,nan,nan
399,1,2,3,1,0,0,0,18,0,0,0,0,0,0,0,nan,nan,nan,nan,nan,nan,nan
400,1,2,3,1,0,0,0,18,0,0,0,0,0,0,0,nan,nan,nan,nan,nan,nan,nan
401,1,2,3,1,0,0,0,18,0,0,0,0,0,0,0,nan,nan,nan,nan,nan,nan,nan
402,1,2,3,0,0,1,0,18,0,0,0,0,0,0,0,nan,nan,nan,19.282532862632763,13.754737708361404,nan,nan
403,1,2,3,0,0,1,0,18,0,0,0,0,0,0,0,nan,nan,nan,nan,nan,nan,nan
404,1,2,3,0,0,1,0,18,0,0,0,0,0,0,0,nan,nan,nan,nan,nan,nan,nan
405,1,3,3,0,0,1,0,18,0,0,0,0,0,0,0,14.248514559434454,nan,nan,nan,nan,nan,nan
406,1,3,3,0,0,1,0,18,0,0,0,0,0,0,0,nan,nan,nan,nan,nan,nan,nan
407,1,3,3,0,0,1,0,18,0,0,0,0,0,0,0,nan,nan,nan,nan,nan,nan,nan
408,1,3,3,0,0,1,0,18,0,0,0,0,0,0,0,nan,nan,nan,nan,nan,nan,nan
409,1,3,3,0,0,1,0,18,0,0,0,0,0,0,0,nan,nan,nan,nan,nan,nan,nan
410,1,3,3,0,0,1,0,18,0,0,0,0,0,0,0,nan,nan,nan,nan,nan,nan,nan
411,1,3,3,0,0,1,0,18,0,0,0,0,0,0,0,nan,nan,nan,nan,nan,nan,nan
412,1,3,3,0,0,1,0,18,0,0,0,0,0,0,0,nan,nan,nan,nan,nan,nan,nan
413,1,3,3,0,0,1,0,18,0,0,0,0,0,0,0,nan,nan,nan,nan,nan,nan,nan
414,1,2,4,0,0,2,0,18,0,0,0,0,1,0,0,nan,24.820055712982594,nan,nan,11.38347988671012,nan,nan
415,1,3,4,0,0,2,0,18,0,0,0,0,1,0,0,10.311155346421629,nan,nan,nan,nan,nan,nan
416,1,3,4,0,0,2,0,18,0,0,0,0,1,0,0,nan,nan,nan,nan,nan,nan,nan
417,1,3,4,0,0,1,1,18,0,0,0,0,1,0,0,nan,nan,nan,nan,nan,21.58409419326796,nan
418,1,3,4,0,0,1,0,19,0,0,0,0,1,0,0,nan,nan,nan,nan,nan,nan,58.47549503636458
419,1,3,4,0,0,1,0,19,0,0,0,0,1,0,0,nan,nan,nan,nan,nan,nan,nan
420,1,3,4,0,0,1,0,19,0,0,0,0,1,0,0,nan,nan,nan,nan,nan,nan,nan
421,1,3,4,0,0,1,0,19,0,0,0,0,1,0,0,nan,nan,nan,nan,nan,nan,nan
422,1,3,4,0,0,1,0,19,0,0,0,1,0,0,0,nan,nan,nan,19.30656596043832,nan,nan,nan
423,1,3,4,0,0,1,0,19,0,0,0,1,0,0,0,nan,nan,nan,nan,nan,nan,nan
424,1,3,4,0,0,1,0,19,0,0,0,1,0,0,0,nan,nan,nan,nan,nan,nan,nan
425,1,3,4,0,0,1,0,19,0,0,0,1,0,0,0,nan,nan,nan,nan,nan,nan,nan
426,1,2,5,0,0,1,0,19,0,0,0,1,0,0,0,nan,11.78838444851624,nan,nan,nan,nan,nan
427,1,2,5,0,0,1,0,19,0,0,0,1,0,0,0,nan,nan,nan,nan,nan,nan,nan
428,1,2,5,0,0,1,0,19,0,0,0,1,0,0,0,nan,nan,nan,nan,nan,nan,nan
429,1,2,5,0,0,1,0,20,0,0,0,1,0,0,1,nan,nan,nan,nan,nan,nan,10.924920644707015
430,1,2,5,0,0,1,0,20,0,0,0,1,0,0,1,nan,nan,nan,nan,nan,nan,nan
431,1,2,5,0,0,1,0,20,0,0,0,1,0,0,1,nan,nan,nan,nan,nan,nan,nan
432,1,2,5,0,0,1,0,20,0,0,0,1,0,0,1,nan,nan,nan,nan,nan,nan,nan
433,1,2,5,0,0,1,0,20,0,0,0,1,0,0,1,nan,nan,nan,nan,nan,nan,nan
434,1,2,5,0,0,2,0,20,0,0,0,1,1,0,1,nan,nan,nan,nan,20.070213920375295,nan,nan
435,1,2,5,0,0,2,0,20,0,0,0,1,1,0,1,nan,nan,nan,nan,nan,nan,nan
436,1,2,5,0,0,2,0,20,0,0,0,1,1,0,1,nan,nan,nan,nan,nan,nan,nan
437,1,2,5,0,0,2,0,20,0,0,0,1,1,0,1,nan,nan,nan,nan,nan,nan,nan
438,1,2,5,0,0,2,0,20,0,2,0,1,1,0,1,nan,12.561448056950667,nan,nan,nan,nan,nan
439,1,1,5,0,0,2,0,20,0,0,0,0,1,0,1,nan,nan,51.925343121763774,nan,nan,nan,nan
440,1,2,5,0,0,2,0,20,0,0,0,0,1,0,1,24.549784707679578,nan,nan,nan,nan,nan,nan
441,1,2,5,0,0,2,0,20,0,0,0,0,1,0,1,nan,nan,nan,nan,nan,nan,nan
442,1,2,5,0,0,2,0,20,0,0,0,0,1,0,1,nan,nan,nan,nan,nan,nan,nan
443,1,2,5,0,0,2,0,20,0,0,0,0,1,0,1,nan,nan,nan,nan,nan,nan,nan
444,1,2,5,0,0,2,0,20,0,0,0,0,1,0,1,nan,nan,nan,nan,nan,nan,nan
445,1,2,5,0,0,2,0,20,0,0,0,0,1,0,1,nan,nan,nan,nan,nan,nan,nan
446,1,2,5,0,0,1,0,20,0,0,0,0,1,0,0,nan,nan,nan,nan,nan,29.282075398340965,nan
447,1,2,5,0,0,1,0,20,0,0,0,0,1,0,0,nan,nan,nan,nan,nan,nan,nan
448,1,2,5,0,0,1,0,20,0,0,0,0,1,0,0,nan,nan,nan,nan,nan,nan,nan
449,1,2,5,0,0,1,0,20,0,0,0,0,1,0,0,nan,nan,nan,nan,nan,nan,nan
450,1,2,5,0,0,1,0,20,0,0,0,0,1,0,0,nan,nan,nan,nan,nan,nan,nan
451,1,2,5,0,0,1,0,20,0,0,0,0,1,0,0,nan,nan,nan,nan,nan,nan,nan
452,1,2,5,0,0,1,0,20,0,0,0,0,1,0,0,nan,nan,nan,nan,nan,nan,nan
453,1,2,5,0,0,1,0,20,0,0,0,0,1,0,0,nan,nan,nan,nan,nan,nan,nan
454,1,2,5,0,0,1,0,20,0,0,0,1,0,0,0,nan,nan,nan,32.31660191575605,nan,nan,nan
455,1,2,4,0,0,1,0,20,0,0,0,0,0,0,0,nan,nan,15.435559252108135,nan,nan,nan,nan
456,1,2,4,0,0,1,0,20,0,0,0,0,0,0,0,nan,nan,nan,nan,nan,nan,nan
457,1,2,4,0,0,1,0,20,0,0,0,0,0,0,0,nan,nan,nan,nan,nan,nan,nan
458,1,2,5,0,0,1,0,20,0,0,0,0,0,0,0,18.7147845013194,20.1132583206047,nan,nan,nan,nan,nan
459,1,2,5,0,0,1,0,20,0,0,0,0,0,0,0,nan,nan,nan,nan,nan,nan,nan
460,1,2,5,0,0,1,0,20,0,0,0,0,0,0,0,nan,nan,nan,nan,nan,nan,nan
461,1,2,5,0,0,1,0,20,0,0,0,0,0,0,0,nan,nan,nan,nan,nan,nan,nan
462,1,2,5,0,0,1,0,20,0,0,0,0,0,0,0,nan,nan,nan,nan,nan,nan,nan
463,1,2,5,0,0,1,0,20,0,0,0,0,0,0,0,nan,nan,nan,nan,nan,nan,nan
464,1,2,5,0,0,1,1,20,0,0,0,0,1,0,0,nan,nan,nan,nan,30.231471034341894,18.043190404942095,nan
465,1,2,5,0,0,1,0,21,0,0,0,0,1,0,0,nan,nan,nan,nan,nan,nan,35.834989580476304
466,1,2,5,0,0,1,0,21,0,0,0,0,1,0,0,nan,nan,nan,nan,nan,nan,nan
467,1,2,5,0,0,1,0,21,0,0,0,0,1,0,0,nan,nan,nan,nan,nan,nan,nan
468,1,2,5,0,0,1,0,21,0,0,0,0,1,0,0,nan,nan,nan,nan,nan,nan,nan
469,1,2,5,0,0,1,0,21,0,2,0,0,1,0,0,nan,11.072685096738326,nan,nan,nan,nan,nan
470,1,2,5,0,0,1,0,21,0,2,0,0,1,0,0,nan,nan,nan,nan,nan,nan,nan
471,1,2,5,0,0,1,0,21,0,2,0,0,1,0,0,nan,nan,nan,nan,nan,nan,nan
472,1,2,5,0,0,1,0,21,0,2,0,0,1,0,0,nan,nan,nan,nan,nan,nan,nan
473,1,1,5,1,0,1,0,21,0,0,0,0,1,0,0,nan,nan,18.29115984065743,nan,nan,nan,nan
474,1,1,5,1,0,1,0,21,0,0,0,0,1,0,0,nan,nan,nan,nan,nan,nan,nan
475,1,1,5,1,0,1,0,21,0,0,0,0,1,0,0,nan,nan,nan,nan,nan,nan,nan
476,1,1,5,1,0,1,0,21,0,0,0,0,1,0,0,nan,nan,nan,nan,nan,nan,nan
477,1,1,5,0,0,1,0,21,0,0,0,0,0,0,0,nan,nan,nan,22.54115176473556,nan,nan,nan
478,1,2,5,0,0,1,0,21,0,0,0,0,0,0,0,19.02267198891917,nan,nan,nan,nan,nan,nan
479,1,2,5,0,0,1,0,21,0,0,0,0,0,0,0,nan,nan,nan,nan,nan,nan,nan
480,1,2,5,0,0,1,0,21,0,0,0,0,0,0,0,nan,nan,nan,nan,nan,nan,nan
481,1,2,5,0,0,1,0,22,0,0,0,0,0,0,1,nan,nan,nan,nan,nan,nan,16.476958722430652
482,1,2,5,0,0,1,0,22,0,0,0,0,0,0,1,nan,nan,nan,nan,nan,nan,nan
483,1,2,5,0,0,1,0,22,0,0,0,0,0,0,1,nan,nan,nan,nan,nan,nan,nan
484,1,2,5,0,0,1,0,22,0,2,0,0,0,0,1,nan,14.954255519582773,nan,nan,nan,nan,nan
485,1,2,5,0,0,1,0,22,0,2,0,0,0,0,1,nan,nan,nan,nan,nan,nan,nan
486,1,2,5,0,0,1,0,22,0,2,0,0,0,0,1,nan,nan,nan,nan,nan,nan,nan
487,1,2,5,0,0,0,0,22,0,2,0,0,0,0,0,nan,nan,nan,nan,nan,23.010899245057203,nan
488,1,2,5,0,0,0,0,22,0,2,0,0,0,0,0,nan,nan,nan,nan,nan,nan,nan
489,1,1,5,1,0,0,0,22,0,0,0,0,0,0,0,nan,nan,15.7152943035166,nan,nan,nan,nan
490,1,1,5,1,0,0,0,22,0,0,0,0,0,0,0,nan,nan,nan,nan,nan,nan,nan
491,1,1,5,1,0,0,0,22,0,0,0,0,0,0,0,nan,nan,nan,nan,nan,nan,nan
492,1,1,5,1,0,0,0,22,0,0,0,0,0,0,0,nan,nan,nan,nan,nan,nan,nan
493,1,1,5,1,0,1,0,22,0,0,0,0,1,0,0,nan,nan,nan,nan,28.509515181801987,nan,nan
494,1,1,5,1,0,1,0,22,0,0,0,0,1,0,0,nan,nan,nan,nan,nan,nan,nan
495,1,1,5,1,0,1,0,22,0,0,0,0,1,0,0,nan,nan,nan,nan,nan,nan,nan
496,1,1,5,1,0,1,0,22,0,0,0,0,1,0,0,nan,nan,nan,nan,nan,nan,nan
497,1,1,5,1,0,1,0,22,0,0,0,0,1,0,0,nan,nan,nan,nan,nan,nan,nan
498,1,1,5,0,0,0,1,22,0,0,0,0,0,0,0,nan,nan,nan,21.218409911551987,nan,11.014661413134206,nan
499,1,1,5,0,0,0,1,22,0,0,0,0,0,0,0,nan,nan,nan,nan,nan,nan,nan
500,1,2,5,0,0,0,1,22,0,0,0,0,0,0,0,22.311367717786368,nan,nan,nan,nan,nan,nan
501,1,2,4,1,0,0,1,22,0,0,0,0,0,0,0,nan,nan,12.096578950993376,nan,nan,nan,nan
502,1,2,4,1,0,0,1,22,0,0,0,0,0,0,0,nan,nan,nan,nan,nan,nan,nan
503,1,2,4,1,0,0,1,22,0,0,0,0,0,0,0,nan,nan,nan,nan,nan,nan,nan
504,1,2,4,1,0,0,0,23,0,0,0,0,0,0,0,nan,nan,nan,nan,nan,nan,22.606372736821072
505,1,2,4,1,0,0,0,23,0,0,0,0,0,0,0,nan,nan,nan,nan,nan,nan,nan
506,1,2,4,1,0,0,0,23,0,0,0,0,0,0,0,nan,nan,nan,nan,nan,nan,nan
507,1,2,4,1,0,0,0,23,0,0,0,0,0,0,0,nan,nan,nan,nan,nan,nan,nan
508,1,1,5,1,0,0,0,23,0,0,0,0,0,0,0,nan,23.71442143740512,nan,nan,nan,nan,nan
509,1,1,5,1,0,0,0,23,0,0,0,0,0,0,0,nan,nan,nan,nan,nan,nan,nan
510,1,1,5,1,0,0,0,23,0,0,0,0,0,0,0,nan,nan,nan,nan,nan,nan,nan
511,1,1,5,0,1,0,0,23,0,0,0,0,0,0,0,nan,nan,nan,13.547894645042959,nan,nan,nan
512,1,2,5,0,1,0,0,23,0,0,0,0,0,0,0,11.933081173296557,nan,nan,nan,nan,nan,nan
513,1,2,5,0,1,0,0,23,0,0,0,0,0,0,0,nan,nan,nan,nan,nan,nan,nan
514,1,2,5,0,1,0,0,23,0,0,0,0,0,0,0,nan,nan,nan,nan,nan,nan,nan
515,1,2,5,0,1,0,0,23,0,0,0,0,0,0,0,nan,nan,nan,nan,nan,nan,nan
516,1,2,5,0,0,0,1,23,0,0,0,0,0,0,0,nan,nan,nan,nan,23.692607948095997,17.938920883164656,nan
517,1,2,5,0,0,0,1,23,0,0,0,0,0,0,0,nan,nan,nan,nan,nan,nan,nan
518,1,2,4,1,0,0,1,23,0,0,0,0,0,0,0,nan,nan,17.347329604056654,nan,nan,nan,nan
519,1,2,4,1,0,0,1,23,0,0,0,0,0,0,0,nan,nan,nan,nan,nan,nan,nan
520,1,2,4,1,0,0,1,23,0,0,0,0,0,0,0,nan,nan,nan,nan,nan,nan,nan
521,1,2,4,1,0,0,1,23,0,0,0,0,0,0,0,nan,nan,nan,nan,nan,nan,nan
522,1,2,4,1,0,0,1,23,0,0,0,0,0,0,0,nan,nan,nan,nan,nan,nan,nan
523,1,2,4,1,0,0,1,23,0,0,0,0,0,0,0,nan,nan,nan,nan,nan,nan,nan
524,1,2,4,1,0,0,1,23,0,0,0,0,0,0,0,nan,nan,nan,nan,nan,nan,nan
525,1,1,5,1,0,0,1,23,0,0,0,0,0,0,0,nan,17.36117504647399,nan,nan,nan,nan,nan
526,1,1,5,0,1,0,1,23,0,0,0,0,0,0,0,nan,nan,nan,14.561680209548967,nan,nan,nan
527,1,1,5,0,0,1,1,23,0,0,0,0,0,0,0,nan,nan,nan,nan,10.471438669199415,nan,nan
528,1,1,5,0,0,0,2,23,0,0,0,0,0,0,0,nan,nan,nan,nan,nan,11.411498887593325,nan
529,1,1,5,0,0,0,2,23,0,0,0,0,0,0,0,nan,nan,nan,nan,nan,nan,nan
530,1,2,5,0,0,0,1,24,0,0,0,0,0,0,0,18.374887430813885,nan,nan,nan,nan,nan,25.809456542883822
531,1,2,5,0,0,0,1,24,0,0,0,0,0,0,0,nan,nan,nan,nan,nan,nan,nan
532,1,2,5,0,0,0,1,24,0,0,0,0,0,0,0,nan,nan,nan,nan,nan,nan,nan
533,1,2,4,1,0,0,1,24,0,0,0,0,0,0,0,nan,nan,14.865652969616576,nan,nan,nan,nan
534,1,2,4,1,0,0,1,24,0,0,0,0,0,0,0,nan,nan,nan,nan,nan,nan,nan
535,1,2,4,1,0,0,1,24,0,0,0,0,0,0,0,nan,nan,nan,nan,nan,nan,nan
536,1,2,4,1,0,0,1,24,0,0,0,0,0,0,0,nan,nan,nan,nan,nan,nan,nan
537,1,2,4,0,1,0,1,24,0,0,0,0,0,0,0,nan,nan,nan,10.682485822041599,nan,nan,nan
538,1,2,4,0,1,0,1,24,0,0,0,0,0,0,0,nan,nan,nan,nan,nan,nan,nan
539,1,2,4,0,1,0,1,24,0,0,0,0,0,0,0,nan,nan,nan,nan,nan,nan,nan
540,1,2,4,0,1,0,1,25,0,0,0,0,0,1,0,nan,nan,nan,nan,nan,12.242333441570167,10.20274002317467
541,1,3,4,0,1,0,1,25,0,0,0,0,0,1,0,10.739412169711954,nan,nan,nan,nan,nan,nan
542,1,2,5,0,1,0,1,25,0,0,0,0,0,1,0,nan,16.69282318407852,nan,nan,nan,nan,nan
543,1,2,5,0,0,0,1,25,0,0,0,0,0,0,0,nan,nan,nan,nan,16.467960092525345,nan,nan
544,1,2,5,0,0,0,1,25,0,0,0,0,0,0,0,nan,nan,nan,nan,nan,nan,nan
545,1,2,5,0,0,0,1,25,0,0,0,0,0,0,0,nan,nan,nan,nan,nan,nan,nan
546,1,2,5,0,0,0,1,25,0,0,0,0,0,0,0,nan,nan,nan,nan,nan,nan,nan
547,1,2,5,0,0,0,1,25,0,0,0,0,0,0,0,nan,nan,nan,nan,nan,nan,nan
548,1,2,5,0,0,0,1,25,0,0,0,0,0,0,0,nan,nan,nan,nan,nan,nan,nan
549,1,2,5,0,0,0,1,25,0,0,0,0,0,0,0,nan,nan,nan,nan,nan,nan,nan
550,1,2,5,0,0,0,1,25,0,0,0,0,0,0,0,nan,nan,nan,nan,nan,nan,nan
551,1,2,5,0,0,0,1,25,0,0,0,0,0,0,0,nan,nan,nan,nan,nan,nan,nan
552,1,2,5,0,0,0,1,25,0,0,0,0,0,0,0,nan,nan,nan,nan,nan,nan,nan
553,1,2,5,0,0,0,1,25,0,0,0,0,0,0,0,nan,nan,nan,nan,nan,nan,nan
554,1,2,5,0,0,0,1,25,0,0,0,0,0,0,0,nan,nan,nan,nan,nan,nan,nan
555,1,2,5,0,0,0,1,25,0,0,0,0,0,0,0,nan,nan,nan,nan,nan,nan,nan
556,1,2,5,0,0,0,1,25,0,0,0,0,0,0,0,nan,nan,nan,nan,nan,nan,nan
557,1,2,5,0,0,0,1,25,0,0,0,0,0,0,0,nan,nan,nan,nan,nan,nan,nan
558,1,2,5,0,0,0,1,25,0,0,0,0,0,0,0,nan,nan,nan,nan,nan,nan,nan
559,1,2,5,0,0,0,0,26,0,0,0,0,0,0,0,nan,nan,nan,nan,nan,nan,18.86234686748469
560,1,2,5,0,0,0,0,26,0,0,0,0,0,0,0,nan,nan,nan,nan,nan,nan,nan
561,1,2,5,0,0,1,0,26,0,2,0,0,1,0,0,nan,18.95196259777026,nan,nan,17.404004894769855,nan,nan
562,1,2,5,0,0,1,0,26,0,2,0,0,1,0,0,nan,nan,nan,nan,nan,nan,nan
563,1,1,5,1,0,1,0,26,0,0,0,0,1,0,0,nan,nan,30.472714474024656,nan,nan,nan,nan
564,1,1,5,1,0,1,0,26,0,0,0,0,1,0,0,nan,nan,nan,nan,nan,nan,nan
565,1,1,5,1,0,1,0,26,0,0,0,0,1,0,0,nan,nan,nan,nan,nan,nan,nan
566,1,1,5,1,0,1,0,26,0,0,0,0,1,0,0,nan,nan,nan,nan,nan,nan,nan
567,1,1,5,0,0,1,0,26,0,0,0,0,0,0,0,nan,nan,nan,30.661426862426765,nan,nan,nan
568,1,1,5,0,0,1,0,26,0,0,0,0,0,0,0,nan,nan,nan,nan,nan,nan,nan
569,1,1,5,0,0,1,0,26,0,0,0,0,0,0,0,nan,nan,nan,nan,nan,nan,nan
570,1,1,5,0,0,1,0,26,0,0,0,0,0,0,0,nan,nan,nan,nan,nan,nan,nan
571,1,1,5,0,0,1,0,26,0,0,0,0,0,0,0,nan,nan,nan,nan,nan,nan,nan
572,1,2,5,0,0,1,0,26,0,0,0,0,0,0,0,30.985066723113732,nan,nan,nan,nan,nan,nan
573,1,2,5,0,0,1,0,26,0,0,0,0,0,0,0,nan,nan,nan,nan,nan,nan,nan
574,1,2,5,0,0,1,0,27,0,0,0,0,0,0,1,nan,nan,nan,nan,nan,nan,15.267458818955106
575,1,2,5,0,0,0,0,27,0,0,0,0,0,0,0,nan,nan,nan,nan,nan,35.166991114937446,nan
576,1,2,5,0,0,0,0,27,0,0,0,0,0,0,0,nan,nan,nan,nan,nan,nan,nan
577,1,2,5,0,0,0,0,27,0,0,0,0,0,0,0,nan,nan,nan,nan,nan,nan,nan
578,1,2,5,0,0,0,0,27,0,0,0,0,0,0,0,nan,nan,nan,nan,nan,nan,nan
579,1,2,5,0,0,0,0,27,0,0,0,0,0,0,0,nan,nan,nan,nan,nan,nan,nan
580,1,2,5,0,0,0,0,27,0,0,0,0,0,0,0,nan,nan,nan,nan,nan,nan,nan
581,1,2,5,0,0,0,0,27,0,0,0,0,0,0,0,nan,nan,nan,nan,nan,nan,nan
582,1,2,5,0,0,0,0,27,0,2,0,0,0,0,0,nan,20.669920969467626,nan,nan,nan,nan,nan
583,1,2,5,0,0,0,0,27,0,2,0,0,0,0,0,nan,nan,nan,nan,nan,nan,nan
584,1,2,5,0,0,0,0,27,0,2,0,0,0,0,0,nan,nan,nan,nan,nan,nan,nan
585,1,2,5,0,0,0,0,28,0,2,0,0,0,0,1,nan,nan,nan,nan,nan,nan,10.704992839552915
586,1,1,5,1,0,0,0,28,0,0,0,0,0,0,1,nan,nan,22.65963607442427,nan,nan,nan,nan
587,1,1,5,1,0,0,0,28,0,0,0,0,0,0,1,nan,nan,nan,nan,nan,nan,nan
588,1,1,5,1,0,0,0,28,0,0,0,0,0,0,1,nan,nan,nan,nan,nan,nan,nan
589,1,1,5,0,0,1,0,28,0,0,0,0,0,0,1,nan,nan,nan,21.269020614849182,27.890730728483845,nan,nan
590,1,1,5,0,0,1,0,28,0,0,0,0,0,0,1,nan,nan,nan,nan,nan,nan,nan
591,1,1,5,0,0,1,0,28,0,0,0,0,0,0,1,nan,nan,nan,nan,nan,nan,nan
592,1,1,5,0,0,1,0,28,0,0,0,0,0,0,1,nan,nan,nan,nan,nan,nan,nan
593,1,1,5,0,0,1,0,28,0,0,0,0,0,0,1,nan,nan,nan,nan,nan,nan,nan
594,1,1,5,0,0,1,0,28,0,0,0,0,0,0,1,nan,nan,nan,nan,nan,nan,nan
595,1,1,5,0,0,1,0,28,0,0,0,0,0,0,1,nan,nan,nan,nan,nan,nan,nan
596,1,1,5,0,0,1,0,28,0,0,0,0,0,0,1,nan,nan,nan,nan,nan,nan,nan
597,1,1,5,0,0,1,0,28,0,0,0,0,0,0,1,nan,nan,nan,nan,nan,nan,nan
598,1,2,4,1,0,1,0,28,0,0,0,0,0,0,1,25.699172319690547,nan,12.118709040423482,nan,nan,nan,nan
599,1,2,4,1,0,1,0,28,0,0,0,0,0,0,1,nan,nan,nan,nan,nan,nan,nan
600,1,1,5,1,0,2,0,28,0,0,0,0,1,0,1,nan,18.06811381733837,nan,nan,11.708872045708176,nan,nan
601,1,1,5,1,0,1,0,28,0,0,0,0,1,0,0,nan,nan,nan,nan,nan,26.4615486147203,nan
602,1,1,5,1,0,1,0,28,0,0,0,0,1,0,0,nan,nan,nan,nan,nan,nan,nan
603,1,1,5,1,0,1,0,28,0,0,0,0,1,0,0,nan,nan,nan,nan,nan,nan,nan
604,1,1,5,1,0,1,0,28,0,0,0,0,1,0,0,nan,nan,nan,nan,nan,nan,nan
605,1,1,5,1,0,1,0,28,0,0,0,0,1,0,0,nan,nan,nan,nan,nan,nan,nan
606,1,1,5,1,0,1,0,28,0,0,0,0,1,0,0,nan,nan,nan,nan,nan,nan,nan
607,1,1,5,1,0,1,0,28,0,0,0,0,1,0,0,nan,nan,nan,nan,nan,nan,nan
608,1,1,5,1,0,1,0,28,0,0,0,0,1,0,0,nan,nan,nan,nan,nan,nan,nan
609,1,1,5,0,0,1,0,28,0,0,0,0,0,0,0,nan,nan,nan,20.76489320535552,nan,nan,nan
610,1,1,5,0,0,1,0,28,0,0,0,0,0,0,0,nan,nan,nan,nan,nan,nan,nan
611,1,1,5,0,0,1,0,28,0,0,0,0,0,0,0,nan,nan,nan,nan,nan,nan,nan
612,1,1,5,0,0,1,0,28,0,2,0,0,0,0,0,nan,12.561876067230628,nan,nan,nan,nan,nan
613,1,1,5,0,0,1,0,28,0,2,0,0,0,0,0,nan,nan,nan,nan,nan,nan,nan
614,1,2,5,0,0,1,0,28,0,2,0,0,0,0,0,15.961771980997696,nan,nan,nan,nan,nan,nan
615,1,2,5,0,0,1,0,28,0,2,0,0,0,0,0,nan,nan,nan,nan,nan,nan,nan
616,1,2,5,0,0,1,0,28,0,2,0,0,0,0,0,nan,nan,nan,nan,nan,nan,nan
617,1,2,5,0,0,1,0,28,0,2,0,0,0,0,0,nan,nan,nan,nan,nan,nan,nan
618,1,2,5,0,0,1,0,28,0,2,0,0,0,0,0,nan,nan,nan,nan,nan,nan,nan
619,1,2,5,0,0,1,0,28,0,2,0,0,0,0,0,nan,nan,nan,nan,nan,nan,nan
620,1,2,5,0,0,1,0,28,0,2,0,0,0,0,0,nan,nan,nan,nan,nan,nan,nan
621,1,2,5,0,1,1,0,28,0,2,0,1,0,0,0,nan,nan,nan,11.510536638529175,nan,nan,nan
622,1,2,5,0,1,1,0,28,0,2,0,1,0,0,0,nan,nan,nan,nan,nan,nan,nan
623,1,2,5,0,1,0,1,28,0,2,0,1,0,0,0,nan,nan,nan,nan,nan,21.801628964563747,nan
624,1,2,5,0,1,0,1,28,0,2,0,1,0,0,0,nan,nan,nan,nan,nan,nan,nan
625,1,2,5,0,1,0,1,28,0,2,0,1,0,0,0,nan,nan,nan,nan,nan,nan,nan
626,1,2,5,0,1,0,1,28,0,2,0,1,0,0,0,nan,nan,nan,nan,nan,nan,nan
627,1,1,5,0,1,0,0,29,0,0,0,0,0,0,0,nan,nan,28.792404701091186,nan,nan,nan,42.10314741812135
628,1,1,5,0,1,0,0,29,0,0,0,0,0,0,0,nan,nan,nan,nan,nan,nan,nan
629,1,1,5,0,1,0,0,29,0,0,0,0,0,0,0,nan,nan,nan,nan,nan,nan,nan
630,1,1,5,0,1,0,0,29,0,0,0,0,0,0,0,nan,nan,nan,nan,nan,nan,nan
631,1,2,5,0,1,0,0,29,0,0,0,0,0,0,0,17.783570014482848,nan,nan,nan,nan,nan,nan
632,1,2,5,0,1,0,0,29,0,0,0,0,0,0,0,nan,nan,nan,nan,nan,nan,nan
633,1,2,5,0,1,0,0,29,0,0,0,0,0,0,0,nan,nan,nan,nan,nan,nan,nan
634,1,2,5,0,1,0,0,29,0,0,0,0,0,0,0,nan,nan,nan,nan,nan,nan,nan
635,1,2,5,0,1,0,0,29,0,0,0,0,0,0,0,nan,nan,nan,nan,nan,nan,nan
636,1,2,5,0,1,0,0,29,0,0,0,0,0,0,0,nan,nan,nan,nan,nan,nan,nan
637,1,2,5,0,1,0,0,29,0,0,0,0,0,0,0,nan,nan,nan,nan,nan,nan,nan
638,1,2,5,0,1,0,0,29,0,0,0,0,0,0,0,nan,nan,nan,nan,nan,nan,nan
639,1,2,5,0,1,0,0,29,0,2,0,0,0,0,0,nan,26.457394665003903,nan,nan,nan,nan,nan
640,1,2,5,0,1,0,0,29,0,2,0,0,0,0,0,nan,nan,nan,nan,nan,nan,nan
641,1,2,5,0,1,0,0,29,0,2,0,0,0,0,0,nan,nan,nan,nan,nan,nan,nan
642,1,2,5,0,0,0,1,29,0,2,0,0,0,0,0,nan,nan,nan,nan,41.262437620282185,18.918700572736952,nan
643,1,2,5,0,0,0,1,29,0,2,0,0,0,0,0,nan,nan,nan,nan,nan,nan,nan
644,1,2,5,0,0,0,1,29,0,2,0,0,0,0,0,nan,nan,nan,nan,nan,nan,nan
645,1,2,5,0,0,0,1,29,0,2,0,0,0,0,0,nan,nan,nan,nan,nan,nan,nan
646,1,2,5,0,1,0,1,29,0,2,0,1,0,0,0,nan,nan,nan,24.80023278022213,nan,nan,nan
647,1,2,5,0,1,0,1,29,0,2,0,1,0,0,0,nan,nan,nan,nan,nan,nan,nan
648,1,2,5,0,1,0,1,29,0,2,0,1,0,0,0,nan,nan,nan,nan,nan,nan,nan
649,1,2,5,0,1,0,1,29,0,2,0,1,0,0,0,nan,nan,nan,nan,nan,nan,nan
650,1,2,5,0,1,0,1,29,0,2,0,1,0,0,0,nan,nan,nan,nan,nan,nan,nan
651,1,2,5,0,1,0,1,29,0,2,0,1,0,0,0,nan,nan,nan,nan,nan,nan,nan
652,1,2,5,0,1,0,0,30,0,2,0,1,0,0,0,nan,nan,nan,nan,nan,nan,25.022738460216033
653,1,2,5,0,1,0,0,30,0,2,0,1,0,0,0,nan,nan,nan,nan,nan,nan,nan
654,1,2,5,0,1,0,0,30,0,2,0,1,0,0,0,nan,nan,nan,nan,nan,nan,nan
655,1,1,5,0,1,0,0,30,0,0,0,0,0,0,0,nan,nan,28.563568936433057,nan,nan,nan,nan
656,1,2,5,0,1,0,1,30,0,0,0,0,0,1,0,24.832078086788783,nan,nan,nan,nan,13.789061561414883,nan
657,1,2,5,0,1,0,1,30,0,0,0,0,0,1,0,nan,nan,nan,nan,nan,nan,nan
658,1,2,5,0,1,0,1,30,0,0,0,0,0,1,0,nan,nan,nan,nan,nan,nan,nan
659,1,2,5,0,1,0,1,30,0,0,0,0,0,1,0,nan,nan,nan,nan,nan,nan,nan
660,1,2,5,0,1,0,1,30,0,0,0,0,0,1,0,nan,nan,nan,nan,nan,nan,nan
661,1,2,5,0,1,0,1,30,0,0,0,0,0,1,0,nan,nan,nan,nan,nan,nan,nan
662,1,2,5,0,1,0,1,30,0,0,0,0,0,1,0,nan,nan,nan,nan,nan,nan,nan
663,1,2,5,0,1,0,1,30,0,0,0,0,0,1,0,nan,nan,nan,nan,nan,nan,nan
664,1,2,5,0,1,0,1,30,0,0,0,0,0,1,0,nan,nan,nan,nan,nan,nan,nan
665,1,2,5,0,1,0,1,30,0,0,0,0,0,1,0,nan,nan,nan,nan,nan,nan,nan
666,1,3,5,0,1,0,1,30,0,0,0,0,0,1,0,9.67327819751381,nan,nan,nan,nan,nan,nan
667,1,3,5,0,1,0,1,30,0,0,0,0,0,1,0,nan,nan,nan,nan,nan,nan,nan
668,1,3,5,0,1,0,1,30,0,0,0,0,0,1,0,nan,nan,nan,nan,nan,nan,nan
669,1,3,5,0,0,0,1,30,0,0,0,0,0,0,0,nan,nan,nan,nan,27.00456078932268,nan,nan
670,1,3,5,0,0,0,1,30,0,0,0,0,0,0,0,nan,nan,nan,nan,nan,nan,nan
671,1,3,4,1,0,0,1,30,0,0,0,0,0,0,0,nan,nan,15.255088254718657,nan,nan,nan,nan
672,1,2,5,1,0,0,1,30,0,0,0,0,0,0,0,nan,32.763975753144905,nan,nan,nan,nan,nan
673,1,2,5,1,0,0,1,30,0,0,0,0,0,0,0,nan,nan,nan,nan,nan,nan,nan
674,1,2,5,1,0,0,1,30,0,0,0,0,0,0,0,nan,nan,nan,nan,nan,nan,nan
675,1,2,5,1,0,0,1,30,0,0,0,0,0,0,0,nan,nan,nan,nan,nan,nan,nan
676,1,2,5,1,0,0,1,30,0,0,0,0,0,0,0,nan,nan,nan,nan,nan,nan,nan
677,1,2,5,1,0,0,1,30,0,0,0,0,0,0,0,nan,nan,nan,nan,nan,nan,nan
678,1,2,5,0,1,0,1,30,0,0,0,0,0,0,0,nan,nan,nan,32.09547043249347,nan,nan,nan
679,1,2,5,0,1,0,1,30,0,0,0,0,0,0,0,nan,nan,nan,nan,nan,nan,nan
680,1,2,5,0,1,0,1,30,0,0,0,0,0,0,0,nan,nan,nan,nan,nan,nan,nan
681,1,2,5,0,0,1,1,30,0,0,0,0,0,0,0,nan,nan,nan,nan,12.095096498050111,nan,nan
682,1,2,5,0,0,1,1,30,0,0,0,0,0,0,0,nan,nan,nan,nan,nan,nan,nan
683,1,2,5,0,0,1,0,31,0,0,0,0,0,0,0,nan,nan,nan,nan,nan,nan,30.660495535163363
684,1,2,5,0,0,1,0,31,0,0,0,0,0,0,0,nan,nan,nan,nan,nan,nan,nan
685,1,3,5,0,0,0,1,31,0,0,0,0,0,0,0,19.30679572608915,nan,nan,nan,nan,28.7081666893921,nan
686,1,3,5,0,0,0,1,31,0,0,0,0,0,0,0,nan,nan,nan,nan,nan,nan,nan
687,1,3,5,0,0,0,1,31,0,0,0,0,0,0,0,nan,nan,nan,nan,nan,nan,nan
688,1,3,5,0,0,0,1,31,0,0,0,0,0,0,0,nan,nan,nan,nan,nan,nan,nan
689,1,3,5,0,0,0,1,31,0,0,0,0,0,0,0,nan,nan,nan,nan,nan,nan,nan
690,1,3,5,0,0,0,1,31,0,0,0,0,0,0,0,nan,nan,nan,nan,nan,nan,nan
691,1,3,4,1,0,0,1,31,0,0,0,0,0,0,0,nan,nan,20.04113945279994,nan,nan,nan,nan
692,1,3,4,1,0,1,1,31,0,0,0,0,1,0,0,nan,nan,nan,nan,11.337578838902687,nan,nan
693,1,3,4,1,0,1,1,31,0,0,0,0,1,0,0,nan,nan,nan,nan,nan,nan,nan
694,1,3,4,0,0,1,1,31,0,0,0,0,0,0,0,nan,nan,nan,16.749611064773603,nan,nan,nan
695,1,3,4,0,0,1,1,31,0,0,0,0,0,0,0,nan,nan,nan,nan,nan,nan,nan
696,1,3,4,0,0,1,1,31,0,0,0,0,0,0,0,nan,nan,nan,nan,nan,nan,nan
697,1,3,4,0,0,1,1,31,0,0,0,0,0,0,0,nan,nan,nan,nan,nan,nan,nan
698,1,3,4,0,0,1,1,31,0,0,0,0,0,0,0,nan,nan,nan,nan,nan,nan,nan
699,1,3,4,0,0,1,1,31,0,0,0,0,0,0,0,nan,nan,nan,nan,nan,nan,nan
700,1,4,4,0,0,1,0,32,0,0,0,0,0,0,0,15.027363846805997,nan,nan,nan,nan,nan,16.864935418685377
701,1,3,5,0,0,0,1,32,0,0,0,0,0,0,0,nan,29.584834303591492,nan,nan,nan,15.851644277458263,nan
702,1,3,5,0,0,0,1,32,0,0,0,0,0,0,0,nan,nan,nan,nan,nan,nan,nan
703,1,3,5,0,0,0,1,32,0,0,0,0,0,0,0,nan,nan,nan,nan,nan,nan,nan
704,1,3,5,0,0,0,1,32,0,0,0,0,0,0,0,nan,nan,nan,nan,nan,nan,nan
705,1,3,5,0,0,0,1,32,0,0,0,0,0,0,0,nan,nan,nan,nan,nan,nan,nan
706,1,3,5,0,0,0,1,32,0,0,0,0,0,0,0,nan,nan,nan,nan,nan,nan,nan
707,1,3,5,0,0,0,1,32,0,0,0,0,0,0,0,nan,nan,nan,nan,nan,nan,nan
708,1,3,5,0,0,0,1,32,0,0,0,0,0,0,0,nan,nan,nan,nan,nan,nan,nan
709,1,3,5,0,0,0,1,32,0,0,0,0,0,0,0,nan,nan,nan,nan,nan,nan,nan
710,1,3,5,0,0,0,1,32,0,0,0,0,0,0,0,nan,nan,nan,nan,nan,nan,nan
711,1,3,5,0,1,0,1,32,0,0,0,1,0,0,0,nan,nan,nan,16.046661684379615,nan,nan,nan
712,1,4,5,0,1,0,1,32,0,0,0,1,0,0,0,12.223625883201521,nan,nan,nan,nan,nan,nan
713,1,4,5,0,1,0,1,32,0,0,0,1,0,0,0,nan,nan,nan,nan,nan,nan,nan
714,1,4,5,0,1,0,1,32,0,0,0,1,0,0,0,nan,nan,nan,nan,nan,nan,nan
715,1,4,5,0,1,0,1,32,0,0,0,1,0,0,0,nan,nan,nan,nan,nan,nan,nan
716,1,4,5,0,1,0,1,32,0,0,0,1,0,0,0,nan,nan,nan,nan,nan,nan,nan
717,1,4,5,0,1,0,1,32,0,0,0,1,0,0,0,nan,nan,nan,nan,nan,nan,nan
718,1,4,5,0,1,0,1,32,0,0,0,1,0,0,0,nan,nan,nan,nan,nan,nan,nan
719,1,4,4,0,1,0,1,32,0,0,0,0,0,0,0,nan,nan,28.459948609397998,nan,nan,nan,nan
720,1,3,5,0,1,0,1,32,0,0,0,0,0,0,0,nan,18.941166538973107,nan,nan,nan,nan,nan
721,1,3,5,0,0,1,1,32,0,0,0,0,0,0,0,nan,nan,nan,nan,28.58701751618446,nan,nan
722,1,3,5,0,0,1,1,32,0,0,0,0,0,0,0,nan,nan,nan,nan,nan,nan,nan
723,1,3,5,0,0,1,1,32,0,0,0,0,0,0,0,nan,nan,nan,nan,nan,nan,nan
724,1,3,5,0,0,1,1,32,0,0,0,0,0,0,0,nan,nan,nan,nan,nan,nan,nan
725,1,3,5,0,0,1,1,32,0,0,0,0,0,0,0,nan,nan,nan,nan,nan,nan,nan
726,1,3,5,0,0,0,2,32,0,0,0,0,0,0,0,nan,nan,nan,nan,nan,25.78228444277954,nan
727,1,3,5,0,0,0,2,32,0,0,0,0,0,0,0,nan,nan,nan,nan,nan,nan,nan
728,1,3,5,0,0,0,2,32,0,0,0,0,0,0,0,nan,nan,nan,nan,nan,nan,nan
729,1,3,5,0,0,0,2,32,0,0,0,0,0,0,0,nan,nan,nan,nan,nan,nan,nan
730,1,3,5,1,0,0,2,32,0,0,0,0,0,0,0,17.509821146620197,9.912833622867993,10.328077546216264,nan,nan,nan,nan
731,1,3,5,1,0,0,2,32,0,0,0,0,0,0,0,nan,nan,nan,nan,nan,nan,nan
732,1,3,5,1,0,0,2,32,0,0,0,0,0,0,0,nan,nan,nan,nan,nan,nan,nan
733,1,3,5,1,0,0,2,32,0,0,0,0,0,0,0,nan,nan,nan,nan,nan,nan,nan
734,1,3,5,1,0,0,2,32,0,0,0,0,0,0,0,nan,nan,nan,nan,nan,nan,nan
735,1,3,5,1,0,0,2,32,0,0,0,0,0,0,0,nan,nan,nan,nan,nan,nan,nan
736,1,3,5,1,0,0,2,32,0,0,0,0,0,0,0,nan,nan,nan,nan,nan,nan,nan
737,1,3,5,1,0,0,2,32,0,0,0,0,0,0,0,nan,nan,nan,nan,nan,nan,nan
738,1,3,5,1,0,0,2,32,0,0,0,0,0,0,0,nan,nan,nan,nan,nan,nan,nan
739,1,3,5,1,0,0,2,32,0,0,0,0,0,0,0,nan,nan,nan,nan,nan,nan,nan
740,1,3,5,1,0,0,2,32,0,0,0,0,0,0,0,nan,nan,nan,nan,nan,nan,nan
741,1,3,5,1,0,0,1,33,0,0,0,0,0,0,0,nan,nan,nan,nan,nan,nan,41.750027760471085
742,1,3,5,1,0,0,1,33,0,0,0,0,0,0,0,nan,nan,nan,nan,nan,nan,nan
743,1,3,5,1,0,0,1,33,0,0,0,0,0,0,0,nan,nan,nan,nan,nan,nan,nan
744,1,3,5,1,0,0,1,33,0,0,0,0,0,0,0,nan,nan,nan,nan,nan,nan,nan
745,1,3,5,1,0,0,1,33,0,0,0,0,0,0,0,nan,nan,nan,nan,nan,nan,nan
746,1,3,5,1,0,1,1,33,0,0,0,0,1,0,0,nan,nan,nan,nan,25.69188655751975,nan,nan
747,1,3,5,0,0,0,2,33,0,0,0,0,0,0,0,nan,nan,nan,36.3112470611635,nan,20.510379052999724,nan
748,1,3,5,0,0,0,2,33,0,0,0,0,0,0,0,nan,nan,nan,nan,nan,nan,nan
749,1,3,5,0,0,0,2,33,0,0,0,0,0,0,0,nan,nan,nan,nan,nan,nan,nan
750,1,3,5,0,0,0,2,33,0,0,0,0,0,0,0,nan,nan,nan,nan,nan,nan,nan
751,1,4,5,0,0,0,2,33,0,0,0,0,0,0,0,21.115751614188184,nan,nan,nan,nan,nan,nan
752,1,4,5,0,0,0,2,33,0,0,0,0,0,0,0,nan,nan,nan,nan,nan,nan,nan
753,1,4,5,0,0,0,2,33,0,2,0,0,0,0,0,nan,23.356092162266805,nan,nan,nan,nan,nan
754,1,3,5,1,0,0,2,33,0,0,0,0,0,0,0,nan,nan,24.106397309240833,nan,nan,nan,nan
755,1,3,5,1,0,0,2,33,0,0,0,0,0,0,0,nan,nan,nan,nan,nan,nan,nan
756,1,3,5,1,0,0,2,33,0,0,0,0,0,0,0,nan,nan,nan,nan,nan,nan,nan
757,1,3,5,1,0,1,2,33,0,0,0,0,1,0,0,nan,nan,nan,nan,10.201763767107877,nan,nan
758,1,3,5,1,0,1,1,34,0,0,0,0,1,0,0,nan,nan,nan,nan,nan,nan,16.958843411241105
759,1,3,5,0,0,1,1,34,0,0,0,0,0,0,0,nan,nan,nan,12.641157212703092,nan,nan,nan
760,1,3,5,0,0,1,1,34,0,0,0,0,0,0,0,nan,nan,nan,nan,nan,nan,nan
761,1,3,5,0,0,1,1,34,0,0,0,0,0,0,0,nan,nan,nan,nan,nan,nan,nan
762,1,3,5,0,0,1,1,34,0,0,0,0,0,0,0,nan,nan,nan,nan,nan,nan,nan
763,1,3,5,0,0,1,1,34,0,0,0,0,0,0,0,nan,nan,nan,nan,nan,nan,nan
764,1,4,5,0,0,0,2,34,0,0,0,0,0,0,0,13.280681527815773,nan,nan,nan,nan,16.75424280655068,nan
765,1,4,5,0,0,0,2,34,0,0,0,0,0,0,0,nan,nan,nan,nan,nan,nan,nan
766,1,4,5,0,0,0,2,34,0,0,0,0,0,0,0,nan,nan,nan,nan,nan,nan,nan
767,1,4,5,0,0,0,2,34,0,0,0,0,0,0,0,nan,nan,nan,nan,nan,nan,nan
768,1,4,5,0,0,0,2,34,0,2,0,0,0,0,0,nan,14.24020924729291,nan,nan,nan,nan,nan
769,1,4,5,0,0,0,2,34,0,2,0,0,0,0,0,nan,nan,nan,nan,nan,nan,nan
770,1,4,5,0,0,0,1,35,0,2,0,0,0,0,0,nan,nan,nan,nan,nan,nan,11.736051512913605
771,1,4,5,0,0,0,1,35,0,2,0,0,0,0,0,nan,nan,nan,nan,nan,nan,nan
772,1,3,5,1,0,0,1,35,0,0,0,0,0,0,0,nan,nan,17.984936254522722,nan,nan,nan,nan
773,1,3,5,1,0,0,1,35,0,0,0,0,0,0,0,nan,nan,nan,nan,nan,nan,nan
774,1,3,5,1,0,0,1,35,0,0,0,0,0,0,0,nan,nan,nan,nan,nan,nan,nan
775,1,3,5,1,0,0,1,35,0,0,0,0,0,0,0,nan,nan,nan,nan,nan,nan,nan
776,1,3,5,0,1,0,1,35,0,0,0,0,0,0,0,nan,nan,nan,16.02558593674405,nan,nan,nan
777,1,3,5,0,1,0,1,35,0,0,0,0,0,0,0,nan,nan,nan,nan,nan,nan,nan
778,1,3,5,0,1,0,1,35,0,0,0,0,0,0,0,nan,nan,nan,nan,nan,nan,nan
779,1,3,5,0,1,0,1,35,0,0,0,0,0,0,0,nan,nan,nan,nan,nan,nan,nan
780,1,3,5,0,1,0,1,35,0,0,0,0,0,0,0,nan,nan,nan,nan,nan,nan,nan
781,1,3,5,0,1,0,1,35,0,0,0,0,0,0,0,nan,nan,nan,nan,nan,nan,nan
782,1,3,5,0,1,0,0,36,0,0,0,0,0,0,0,nan,nan,nan,nan,nan,nan,11.684506809768436
783,1,3,5,0,1,0,1,36,0,2,0,0,0,1,0,nan,15.835852498032637,nan,nan,nan,19.390637279386624,nan
784,1,3,5,0,1,0,1,36,0,2,0,0,0,1,0,nan,nan,nan,nan,nan,nan,nan
785,1,3,5,0,1,0,1,36,0,2,0,0,0,1,0,nan,nan,nan,nan,nan,nan,nan
786,1,3,5,0,0,0,1,36,0,2,0,0,0,0,0,nan,nan,nan,nan,29.05571504178465,nan,nan
787,1,3,5,0,0,0,1,36,0,2,0,0,0,0,0,nan,nan,nan,nan,nan,nan,nan
788,1,3,5,0,0,0,1,36,0,2,0,0,0,0,0,nan,nan,nan,nan,nan,nan,nan
789,1,2,5,1,0,0,1,36,0,0,0,0,0,0,0,nan,nan,17.641149845368318,nan,nan,nan,nan
790,1,3,5,1,0,0,1,36,0,0,0,0,0,0,0,26.146806233170423,nan,nan,nan,nan,nan,nan
791,1,3,5,1,0,0,1,36,0,0,0,0,0,0,0,nan,nan,nan,nan,nan,nan,nan
792,1,3,5,0,1,0,1,36,0,0,0,0,0,0,0,nan,nan,nan,16.43884825112241,nan,nan,nan
793,1,3,5,0,1,0,1,36,0,0,0,0,0,0,0,nan,nan,nan,nan,nan,nan,nan
794,1,3,5,0,1,0,1,36,0,0,0,0,0,0,0,nan,nan,nan,nan,nan,nan,nan
795,1,3,5,0,1,0,1,36,0,0,0,0,0,0,0,nan,nan,nan,nan,nan,nan,nan
796,1,3,5,0,1,0,1,36,0,0,0,0,0,0,0,nan,nan,nan,nan,nan,nan,nan
797,1,3,5,0,1,0,1,36,0,0,0,0,0,0,0,nan,nan,nan,nan,nan,nan,nan
798,1,3,5,0,1,0,1,36,0,0,0,0,0,0,0,nan,nan,nan,nan,nan,nan,nan
799,1,3,5,0,1,0,1,36,0,0,0,0,0,0,0,nan,nan,nan,nan,nan,nan,nan
800,1,3,5,0,1,0,1,36,0,0,0,0,0,0,0,nan,nan,nan,nan,nan,nan,nan
801,1,3,5,0,1,0,0,37,0,0,0,0,0,0,0,nan,nan,nan,nan,nan,nan,18.944080042322753
802,1,3,5,0,1,0,0,37,0,0,0,0,0,0,0,nan,nan,nan,nan,nan,nan,nan
803,1,3,5,0,0,1,0,37,0,0,0,0,0,0,0,nan,nan,nan,nan,17.191346976279988,nan,nan
804,1,3,5,0,0,1,0,37,0,0,0,0,0,0,0,nan,nan,nan,nan,nan,nan,nan
805,1,3,5,0,1,0,1,37,0,0,0,1,0,0,0,nan,nan,nan,13.092051746855986,nan,22.053630727626228,nan
806,1,4,5,0,1,0,1,37,0,0,0,1,0,0,0,15.540044569368888,nan,nan,nan,nan,nan,nan
807,1,4,5,0,1,0,1,37,0,0,0,1,0,0,0,nan,nan,nan,nan,nan,nan,nan
808,1,4,5,0,1,0,1,37,0,0,0,1,0,0,0,nan,nan,nan,nan,nan,nan,nan
809,1,4,4,0,1,0,1,37,0,0,0,0,0,0,0,nan,nan,20.047395594405202,nan,nan,nan,nan
810,1,4,4,0,1,0,1,37,0,0,0,0,0,0,0,nan,nan,nan,nan,nan,nan,nan
811,1,4,4,0,1,0,0,38,0,0,0,0,0,0,0,nan,nan,nan,nan,nan,nan,10.706695949394998
812,1,4,4,0,1,0,0,38,0,0,0,0,0,0,0,nan,nan,nan,nan,nan,nan,nan
813,1,4,4,0,1,0,0,38,0,0,0,0,0,0,0,nan,nan,nan,nan,nan,nan,nan
814,1,4,4,0,1,0,0,38,0,0,0,0,0,0,0,nan,nan,nan,nan,nan,nan,nan
815,1,4,4,0,1,0,0,38,0,0,0,0,0,0,0,nan,nan,nan,nan,nan,nan,nan
816,1,4,4,0,1,0,0,38,0,0,0,0,0,0,0,nan,nan,nan,nan,nan,nan,nan
817,1,4,4,0,1,0,0,38,0,0,0,0,0,0,0,nan,nan,nan,nan,nan,nan,nan
818,1,4,4,0,1,0,1,38,0,0,0,0,0,1,0,nan,nan,nan,nan,nan,12.949439143704467,nan
819,1,4,4,0,1,0,1,38,0,0,0,0,0,1,0,nan,nan,nan,nan,nan,nan,nan
820,1,4,4,0,1,0,1,38,0,0,0,0,0,1,0,nan,nan,nan,nan,nan,nan,nan
821,1,5,4,0,1,0,1,38,0,0,0,0,0,1,0,15.28227475511028,nan,nan,nan,nan,nan,nan
822,1,5,4,0,1,0,1,38,0,0,0,0,0,1,0,nan,nan,nan,nan,nan,nan,nan
823,1,5,4,0,2,0,1,38,0,0,0,1,0,1,0,nan,nan,nan,17.751412634633198,nan,nan,nan
824,1,5,4,0,2,0,1,38,0,0,0,1,0,1,0,nan,nan,nan,nan,nan,nan,nan
825,1,4,5,0,1,0,1,38,0,0,0,1,0,0,0,nan,41.16534751884262,nan,nan,21.873024015165356,nan,nan
826,1,4,5,0,1,0,1,38,0,0,0,1,0,0,0,nan,nan,nan,nan,nan,nan,nan
827,1,4,4,0,1,0,1,38,0,0,0,0,0,0,0,nan,nan,17.938162287888986,nan,nan,nan,nan
828,1,4,4,0,1,0,1,38,0,0,0,0,0,0,0,nan,nan,nan,nan,nan,nan,nan
829,1,4,4,0,1,0,1,38,0,0,0,0,0,0,0,nan,nan,nan,nan,nan,nan,nan
830,1,4,4,0,1,0,0,39,0,0,0,0,0,0,0,nan,nan,nan,nan,nan,nan,18.34360923286124
831,1,4,4,0,1,0,0,39,0,0,0,0,0,0,0,nan,nan,nan,nan,nan,nan,nan
832,1,4,4,0,1,0,0,39,0,0,0,0,0,0,0,nan,nan,nan,nan,nan,nan,nan
833,1,4,4,0,1,0,0,39,0,0,0,0,0,0,0,nan,nan,nan,nan,nan,nan,nan
834,1,4,4,0,1,0,0,39,0,0,0,0,0,0,0,nan,nan,nan,nan,nan,nan,nan
835,1,4,4,0,1,0,0,39,0,0,0,0,0,0,0,nan,nan,nan,nan,nan,nan,nan
836,1,3,5,0,1,0,0,39,0,0,0,0,0,0,0,nan,11.851387195539473,nan,nan,nan,nan,nan
837,1,3,5,0,1,0,0,39,0,0,0,0,0,0,0,nan,nan,nan,nan,nan,nan,nan
838,1,3,5,0,1,0,0,39,0,0,0,0,0,0,0,nan,nan,nan,nan,nan,nan,nan
839,1,3,5,0,1,0,0,39,0,0,0,0,0,0,0,nan,nan,nan,nan,nan,nan,nan
840,1,3,5,0,2,0,0,39,0,0,0,1,0,0,0,nan,nan,nan,17.467147767933056,nan,nan,nan
841,1,3,5,0,2,0,0,39,0,0,0,1,0,0,0,nan,nan,nan,nan,nan,nan,nan
842,1,3,5,0,2,0,0,39,0,0,0,1,0,0,0,nan,nan,nan,nan,nan,nan,nan
843,1,4,5,0,2,0,0,40,0,0,0,1,0,0,1,21.54647508694609,nan,nan,nan,nan,nan,13.11149201528508
844,1,4,5,0,2,0,0,40,0,0,0,1,0,0,1,nan,nan,nan,nan,nan,nan,nan
845,1,4,5,0,2,0,0,40,0,0,0,1,0,0,1,nan,nan,nan,nan,nan,nan,nan
846,1,4,4,0,2,0,0,40,0,0,0,0,0,0,1,nan,nan,19.263278550484415,nan,nan,nan,nan
847,1,4,4,0,2,0,0,40,0,0,0,0,0,0,1,nan,nan,nan,nan,nan,nan,nan
848,1,4,4,0,2,0,0,40,0,0,0,0,0,0,1,nan,nan,nan,nan,nan,nan,nan
849,1,4,4,0,2,0,0,40,0,0,0,0,0,0,1,nan,nan,nan,nan,nan,nan,nan
850,1,4,4,0,2,0,0,40,0,0,0,0,0,0,1,nan,nan,nan,nan,nan,nan,nan
851,1,4,4,0,2,0,0,40,0,0,0,0,0,0,1,nan,nan,nan,nan,nan,nan,nan
852,1,4,4,0,2,0,0,40,0,0,0,0,0,0,1,nan,nan,nan,nan,nan,nan,nan
853,1,4,4,0,2,0,0,40,0,0,0,0,0,0,1,nan,nan,nan,nan,nan,nan,nan
854,1,4,4,0,1,1,0,40,0,0,0,0,0,0,1,nan,nan,nan,nan,28.964844355132527,nan,nan
855,1,4,4,0,1,1,0,40,0,0,0,0,0,0,1,nan,nan,nan,nan,nan,nan,nan
856,1,5,4,0,1,0,0,40,0,0,0,0,0,0,0,12.95493822311812,nan,nan,nan,nan,37.95915349667223,nan
857,1,5,4,0,1,0,0,40,0,0,0,0,0,0,0,nan,nan,nan,nan,nan,nan,nan
858,1,5,4,0,1,0,0,40,0,0,0,0,0,0,0,nan,nan,nan,nan,nan,nan,nan
859,1,5,4,0,1,0,0,40,0,0,0,0,0,0,0,nan,nan,nan,nan,nan,nan,nan
860,1,4,5,0,1,0,0,40,0,0,0,0,0,0,0,nan,23.57440522539514,nan,nan,nan,nan,nan
861,1,4,4,1,1,0,0,40,0,0,0,0,0,0,0,nan,nan,14.467950706822535,nan,nan,nan,nan
862,1,4,4,1,1,0,0,40,0,0,0,0,0,0,0,nan,nan,nan,nan,nan,nan,nan
863,1,4,4,1,1,0,0,40,0,0,0,0,0,0,0,nan,nan,nan,nan,nan,nan,nan
864,1,4,4,1,1,0,0,40,0,0,0,0,0,0,0,nan,nan,nan,nan,nan,nan,nan
865,1,4,4,0,2,0,0,40,0,0,0,0,0,0,0,nan,nan,nan,24.78408151283554,nan,nan,nan
866,1,4,4,0,2,0,0,41,0,0,0,0,0,0,1,nan,nan,nan,nan,nan,nan,23.37267702300585
867,1,4,4,0,2,0,0,41,0,0,0,0,0,0,1,nan,nan,nan,nan,nan,nan,nan
868,1,4,4,0,2,0,0,41,0,0,0,0,0,0,1,nan,nan,nan,nan,nan,nan,nan
869,1,4,4,0,1,1,0,41,0,0,0,0,0,0,1,nan,nan,nan,nan,15.416438541216621,nan,nan
870,1,4,4,0,1,1,0,41,0,0,0,0,0,0,1,nan,nan,nan,nan,nan,nan,nan
871,1,4,4,0,1,0,0,41,0,0,0,0,0,0,0,nan,nan,nan,nan,nan,15.098033603503836,nan
872,1,4,4,0,1,0,0,41,0,0,0,0,0,0,0,nan,nan,nan,nan,nan,nan,nan
873,1,5,4,0,1,0,0,41,0,0,0,0,0,0,0,17.410314933532504,nan,nan,nan,nan,nan,nan
874,1,5,4,0,1,0,0,41,0,0,0,0,0,0,0,nan,nan,nan,nan,nan,nan,nan
875,1,5,4,0,1,0,0,41,0,0,0,0,0,0,0,nan,nan,nan,nan,nan,nan,nan
876,1,5,4,0,1,0,0,41,0,0,0,0,0,0,0,nan,nan,nan,nan,nan,nan,nan
877,1,5,3,1,1,0,0,41,0,0,0,0,0,0,0,nan,nan,16.391114725026796,nan,nan,nan,nan
878,1,5,3,1,1,0,0,41,0,0,0,0,0,0,0,nan,nan,nan,nan,nan,nan,nan
879,1,5,3,0,2,0,0,41,0,0,0,0,0,0,0,nan,nan,nan,14.04545514888946,nan,nan,nan
880,1,4,4,0,2,0,0,41,0,0,0,0,0,0,0,nan,19.81642302417265,nan,nan,nan,nan,nan
881,1,4,4,0,2,0,0,41,0,0,0,0,0,0,0,nan,nan,nan,nan,nan,nan,nan
882,1,4,4,0,2,0,0,41,0,0,0,0,0,0,0,nan,nan,nan,nan,nan,nan,nan
883,1,4,4,0,2,0,0,41,0,0,0,0,0,0,0,nan,nan,nan,nan,nan,nan,nan
884,1,4,4,0,2,0,0,41,0,0,0,0,0,0,0,nan,nan,nan,nan,nan,nan,nan
885,1,4,4,0,2,0,0,41,0,0,0,0,0,0,0,nan,nan,nan,nan,nan,nan,nan
886,1,4,4,0,1,1,0,41,0,0,0,0,0,0,0,nan,nan,nan,nan,16.61472946819856,nan,nan
887,1,4,4,0,1,0,1,41,0,0,0,0,0,0,0,nan,nan,nan,nan,nan,15.981312676310154,nan
888,1,4,4,0,1,0,1,41,0,0,0,0,0,0,0,nan,nan,nan,nan,nan,nan,nan
889,1,4,4,0,1,0,1,41,0,0,0,0,0,0,0,nan,nan,nan,nan,nan,nan,nan
890,1,4,4,0,1,0,1,41,0,0,0,0,0,0,0,nan,nan,nan,nan,nan,nan,nan
891,1,4,4,0,1,0,0,42,0,0,0,0,0,0,0,nan,nan,nan,nan,nan,nan,24.863022250535664
892,1,4,5,0,1,0,0,42,0,0,0,0,0,0,0,18.937968023673193,11.6658884935664,nan,nan,nan,nan,nan
893,1,4,5,0,1,0,0,42,0,0,0,0,0,0,0,nan,nan,nan,nan,nan,nan,nan
894,1,4,5,0,1,0,0,42,0,0,0,0,0,0,0,nan,nan,nan,nan,nan,nan,nan
895,1,4,5,0,1,0,0,42,0,0,0,0,0,0,0,nan,nan,nan,nan,nan,nan,nan
896,1,4,5,0,2,0,0,42,0,0,0,1,0,0,0,nan,nan,nan,16.455872825923052,nan,nan,nan
897,1,4,5,0,2,0,0,42,0,0,0,1,0,0,0,nan,nan,nan,nan,nan,nan,nan
898,1,4,5,0,2,0,0,42,0,0,0,1,0,0,0,nan,nan,nan,nan,nan,nan,nan
899,1,4,5,0,2,0,1,42,0,0,0,1,0,1,0,nan,nan,nan,nan,nan,11.810683672664823,nan
900,1,4,5,0,2,0,1,42,0,0,0,1,0,1,0,nan,nan,nan,nan,nan,nan,nan
901,1,4,5,0,2,0,1,42,0,0,0,1,0,1,0,nan,nan,nan,nan,nan,nan,nan
902,1,4,5,0,2,0,1,42,0,0,0,1,0,1,0,nan,nan,nan,nan,nan,nan,nan
903,1,4,5,0,2,0,1,42,0,0,0,1,0,1,0,nan,nan,nan,nan,nan,nan,nan
904,1,4,5,0,2,0,1,42,0,0,0,1,0,1,0,nan,nan,nan,nan,nan,nan,nan
905,1,4,5,0,2,0,1,42,0,0,0,1,0,1,0,nan,nan,nan,nan,nan,nan,nan
906,1,4,5,0,2,0,0,43,0,0,0,1,0,1,0,nan,nan,nan,nan,nan,nan,15.008993674575208
907,1,4,5,0,2,0,0,43,0,0,0,1,0,1,0,nan,nan,nan,nan,nan,nan,nan
908,1,4,5,0,2,0,0,43,0,0,0,1,0,1,0,nan,nan,nan,nan,nan,nan,nan
909,1,3,5,0,2,0,0,43,0,0,0,0,0,1,0,nan,17.396386261433236,31.45236990991134,nan,nan,nan,nan
910,1,3,5,0,2,0,0,43,0,0,0,0,0,1,0,nan,nan,nan,nan,nan,nan,nan
911,1,3,5,0,2,0,0,43,0,0,0,0,0,1,0,nan,nan,nan,nan,nan,nan,nan
912,1,3,5,0,2,0,0,43,0,0,0,0,0,1,0,nan,nan,nan,nan,nan,nan,nan
913,1,3,5,0,2,0,0,43,0,0,0,0,0,1,0,nan,nan,nan,nan,nan,nan,nan
914,1,3,5,0,2,0,0,43,0,0,0,0,0,1,0,nan,nan,nan,nan,nan,nan,nan
915,1,3,5,0,2,0,0,43,0,0,0,0,0,1,0,nan,nan,nan,nan,nan,nan,nan
916,1,3,5,0,2,0,0,43,0,0,0,0,0,1,0,nan,nan,nan,nan,nan,nan,nan
917,1,3,5,0,2,0,0,43,0,0,0,0,0,1,0,nan,nan,nan,nan,nan,nan,nan
918,1,3,5,0,2,0,0,43,0,0,0,0,0,1,0,nan,nan,nan,nan,nan,nan,nan
919,1,3,5,0,2,0,0,43,0,0,0,0,0,1,0,nan,nan,nan,nan,nan,nan,nan
920,1,3,5,0,1,0,0,43,0,0,0,0,0,0,0,nan,nan,nan,nan,34.46472165931266,nan,nan
921,1,3,5,0,1,0,0,43,0,0,0,0,0,0,0,nan,nan,nan,nan,nan,nan,nan
922,1,4,5,0,1,0,0,43,0,0,0,0,0,0,0,30.06558665116711,nan,nan,nan,nan,nan,nan
923,1,4,4,1,1,0,0,43,0,0,0,0,0,0,0,nan,nan,13.971893826690462,nan,nan,nan,nan
924,1,4,4,1,1,0,0,43,0,0,0,0,0,0,0,nan,nan,nan,nan,nan,nan,nan
925,1,4,4,1,1,0,0,43,0,0,0,0,0,0,0,nan,nan,nan,nan,nan,nan,nan
926,1,4,4,1,1,0,0,43,0,0,0,0,0,0,0,nan,nan,nan,nan,nan,nan,nan
927,1,4,4,1,1,0,0,43,0,0,0,0,0,0,0,nan,nan,nan,nan,nan,nan,nan
928,1,4,4,1,1,0,0,43,0,0,0,0,0,0,0,nan,nan,nan,nan,nan,nan,nan
929,1,4,4,0,2,0,0,43,0,0,0,0,0,0,0,nan,nan,nan,33.22636728645091,nan,nan,nan
930,1,4,4,0,2,0,0,43,0,0,0,0,0,0,0,nan,nan,nan,nan,nan,nan,nan
931,1,4,4,0,2,0,0,44,0,0,0,0,0,0,1,nan,nan,nan,nan,nan,nan,25.34412083424661
932,1,4,4,0,2,0,0,44,0,0,0,0,0,1,0,nan,nan,nan,nan,nan,33.2845234879876,nan
933,1,4,4,0,2,0,0,44,0,0,0,0,0,1,0,nan,nan,nan,nan,nan,nan,nan
934,1,3,5,0,2,0,0,44,0,0,0,0,0,1,0,nan,25.318693044651354,nan,nan,nan,nan,nan
935,1,3,5,0,2,0,0,44,0,0,0,0,0,1,0,nan,nan,nan,nan,nan,nan,nan
936,1,3,5,0,2,0,0,44,0,0,0,0,0,1,0,nan,nan,nan,nan,nan,nan,nan
937,1,3,5,0,2,0,0,44,0,0,0,0,0,1,0,nan,nan,nan,nan,nan,nan,nan
938,1,3,5,0,2,0,0,44,0,0,0,0,0,1,0,nan,nan,nan,nan,nan,nan,nan
939,1,3,5,0,2,0,0,44,0,0,0,0,0,1,0,nan,nan,nan,nan,nan,nan,nan
940,1,4,5,0,3,0,0,44,0,0,0,1,0,1,0,18.263807553352876,nan,nan,11.680444148047627,nan,nan,nan
941,1,4,5,0,3,0,0,44,0,0,0,1,0,1,0,nan,nan,nan,nan,nan,nan,nan
942,1,4,5,0,2,0,0,44,0,0,0,1,0,0,0,nan,nan,nan,nan,21.71745887055465,nan,nan
943,1,4,5,0,2,0,0,44,0,0,0,1,0,0,0,nan,nan,nan,nan,nan,nan,nan
944,1,4,5,0,2,0,0,44,0,0,0,1,0,0,0,nan,nan,nan,nan,nan,nan,nan
945,1,4,5,0,2,0,0,44,0,0,0,1,0,0,0,nan,nan,nan,nan,nan,nan,nan
946,1,4,5,0,2,0,0,45,0,0,0,1,0,0,1,nan,nan,nan,nan,nan,nan,14.800306558045236
947,1,4,5,0,2,0,0,45,0,2,0,1,0,0,1,nan,12.716604974562529,nan,nan,nan,nan,nan
948,1,4,5,0,2,0,0,45,0,2,0,1,0,0,1,nan,nan,nan,nan,nan,nan,nan
949,1,4,5,0,2,0,0,45,0,2,0,1,0,0,1,nan,nan,nan,nan,nan,nan,nan
950,1,4,5,0,2,0,0,45,0,2,0,1,0,0,1,nan,nan,nan,nan,nan,nan,nan
951,1,4,5,0,2,0,0,45,0,2,0,1,0,0,1,nan,nan,nan,nan,nan,nan,nan
952,1,3,5,0,2,0,0,45,0,0,0,0,0,0,1,nan,nan,28.94909068085485,nan,nan,nan,nan
953,1,3,5,0,2,0,0,45,0,0,0,0,0,1,0,nan,nan,nan,nan,nan,21.32559221139286,nan
954,1,3,5,0,2,0,0,45,0,0,0,0,0,1,0,nan,nan,nan,nan,nan,nan,nan
955,1,3,5,0,2,0,0,45,0,0,0,0,0,1,0,nan,nan,nan,nan,nan,nan,nan
956,1,3,5,0,2,0,0,45,0,0,0,0,0,1,0,nan,nan,nan,nan,nan,nan,nan
957,1,3,5,0,2,0,0,45,0,0,0,0,0,1,0,nan,nan,nan,nan,nan,nan,nan
958,1,3,5,0,2,0,0,45,0,0,0,0,0,1,0,nan,nan,nan,nan,nan,nan,nan
959,1,3,5,0,2,0,0,45,0,0,0,0,0,1,0,nan,nan,nan,nan,nan,nan,nan
960,1,3,5,0,2,0,0,45,0,0,0,0,0,1,0,nan,nan,nan,nan,nan,nan,nan
961,1,3,5,0,2,0,0,45,0,0,0,0,0,1,0,nan,nan,nan,nan,nan,nan,nan
962,1,3,5,0,2,0,0,45,0,2,0,0,0,1,0,nan,14.869341936797696,nan,nan,nan,nan,nan
963,1,3,5,0,2,0,0,45,0,2,0,0,0,1,0,nan,nan,nan,nan,nan,nan,nan
964,1,3,5,0,2,0,0,45,0,2,0,0,0,1,0,nan,nan,nan,nan,nan,nan,nan
965,1,3,5,0,2,0,0,46,0,2,0,0,0,1,1,nan,nan,nan,nan,nan,nan,19.074251641322007
966,1,3,5,0,3,0,0,46,0,2,0,1,0,1,1,nan,nan,nan,25.04501860069115,nan,nan,nan
967,1,3,5,0,3,0,0,46,0,2,0,1,0,1,1,nan,nan,nan,nan,nan,nan,nan
968,1,3,5,0,3,0,0,46,0,2,0,1,0,1,1,nan,nan,nan,nan,nan,nan,nan
969,1,3,5,0,3,0,0,46,0,2,0,1,0,1,1,nan,nan,nan,nan,nan,nan,nan
970,1,3,5,0,3,0,0,46,0,2,0,1,0,1,1,nan,nan,nan,nan,nan,nan,nan
971,1,3,5,0,2,0,0,46,0,2,0,1,0,0,1,nan,nan,nan,nan,29.518774876950488,nan,nan
972,1,3,5,0,2,0,0,46,0,2,0,1,0,0,1,nan,nan,nan,nan,nan,nan,nan
973,1,3,5,0,2,0,0,46,0,2,0,1,0,0,1,nan,nan,nan,nan,nan,nan,nan
974,1,3,5,0,2,0,0,46,0,2,0,1,0,0,1,nan,nan,nan,nan,nan,nan,nan
975,1,3,5,0,2,0,0,46,0,2,0,1,0,0,1,nan,nan,nan,nan,nan,nan,nan
976,1,3,5,0,2,0,0,46,0,2,0,1,0,0,1,nan,nan,nan,nan,nan,nan,nan
977,1,4,5,0,2,0,0,46,0,2,0,1,0,0,1,36.88905048649701,nan,nan,nan,nan,nan,nan
978,1,4,5,0,2,0,0,46,0,2,0,1,0,0,1,nan,nan,nan,nan,nan,nan,nan
979,1,4,5,0,2,0,0,46,0,2,0,1,0,0,1,nan,nan,nan,nan,nan,nan,nan
980,1,4,5,0,2,0,0,46,0,2,0,1,0,0,1,nan,nan,nan,nan,nan,nan,nan
981,1,4,5,0,2,0,0,46,0,2,0,1,0,0,1,nan,nan,nan,nan,nan,nan,nan
982,1,4,5,0,1,1,0,46,0,2,0,1,0,0,1,nan,nan,nan,nan,10.8666350770186,nan,nan
983,1,4,5,0,1,1,0,46,0,2,0,1,0,0,1,nan,nan,nan,nan,nan,nan,nan
984,1,4,5,0,1,1,0,46,0,2,0,1,0,0,1,nan,nan,nan,nan,nan,nan,nan
985,1,4,5,0,1,1,0,46,0,2,0,1,0,0,1,nan,nan,nan,nan,nan,nan,nan
986,1,4,5,0,1,1,0,46,0,2,0,1,0,0,1,nan,nan,nan,nan,nan,nan,nan
987,1,4,5,0,1,1,0,46,0,2,0,1,0,0,1,nan,nan,nan,nan,nan,nan,nan
988,1,4,5,0,1,0,0,46,0,2,0,1,0,0,0,nan,nan,nan,nan,nan,34.16593694028404,nan
989,1,4,5,0,1,0,0,46,0,2,0,1,0,0,0,nan,nan,nan,nan,nan,nan,nan
990,1,4,5,0,1,0,0,46,0,2,0,1,0,0,0,nan,nan,nan,nan,nan,nan,nan
991,1,4,5,0,1,0,0,46,0,2,0,1,0,0,0,nan,nan,nan,nan,nan,nan,nan
992,1,4,5,0,1,0,0,46,0,2,0,1,0,0,0,nan,nan,nan,nan,nan,nan,nan
993,1,4,5,0,0,1,0,46,0,2,0,1,0,0,0,nan,nan,nan,nan,11.040589182445274,nan,nan
994,1,5,5,0,0,1,0,46,0,2,0,1,0,0,0,16.98717861176533,nan,nan,nan,nan,nan,nan
995,1,4,5,0,0,1,0,46,0,0,0,0,0,0,0,nan,nan,42.797773949329326,nan,nan,nan,nan
996,1,4,5,0,0,1,0,46,0,0,0,0,0,0,0,nan,nan,nan,nan,nan,nan,nan
997,1,4,5,0,0,1,0,46,0,0,0,0,0,0,0,nan,nan,nan,nan,nan,nan,nan
998,1,4,5,0,0,1,0,46,0,0,0,0,0,0,0,nan,nan,nan,nan,nan,nan,nan
999,1,4,5,0,0,1,0,46,0,0,0,0,0,0,0,nan,nan,nan,nan,nan,nan,nan
1000,1,4,5,0,0,1,0,46,0,0,0,0,0,0,0,nan,nan,nan,nan,nan,nan,nan
1001,1,4,5,0,0,1,0,46,0,0,0,0,0,0,0,nan,nan,nan,nan,nan,nan,nan
1002,1,4,5,0,0,1,0,46,0,0,0,0,0,0,0,nan,nan,nan,nan,nan,nan,nan
1003,1,4,5,0,0,1,0,46,0,0,0,0,0,0,0,nan,nan,nan,nan,nan,nan,nan
1004,1,4,5,0,0,1,0,46,0,0,0,0,0,0,0,nan,nan,nan,nan,nan,nan,nan
1005,1,4,5,0,0,1,0,46,0,0,0,0,0,0,0,nan,nan,nan,nan,nan,nan,nan
1006,1,4,5,0,0,1,0,46,0,0,0,0,0,0,0,nan,nan,nan,nan,nan,nan,nan
1007,1,4,5,0,0,2,0,46,0,0,0,0,1,0,0,nan,nan,nan,nan,13.77946648296495,nan,nan
1008,1,4,5,0,0,1,1,46,0,0,0,0,1,0,0,nan,nan,nan,nan,nan,20.335910695986854,nan
1009,1,4,5,0,0,1,1,46,0,0,0,0,1,0,0,nan,nan,nan,nan,nan,nan,nan
1010,1,4,5,0,0,1,1,46,0,0,0,0,1,0,0,nan,nan,nan,nan,nan,nan,nan
1011,1,4,5,0,0,1,1,46,0,2,0,0,1,0,0,nan,48.740634599906684,nan,nan,nan,nan,nan
1012,1,4,5,0,0,1,1,46,0,2,0,0,1,0,0,nan,nan,nan,nan,nan,nan,nan
1013,1,4,5,0,0,1,1,46,0,2,0,0,1,0,0,nan,nan,nan,nan,nan,nan,nan
1014,1,4,5,0,0,1,1,46,0,2,0,1,0,0,0,nan,nan,nan,48.32826547627292,nan,nan,nan
1015,1,4,5,0,0,1,1,46,0,2,0,1,0,0,0,nan,nan,nan,nan,nan,nan,nan
1016,1,4,5,0,0,1,1,46,0,2,0,1,0,0,0,nan,nan,nan,nan,nan,nan,nan
1017,1,4,5,0,0,1,1,46,0,2,0,1,0,0,0,nan,nan,nan,nan,nan,nan,nan
1018,1,4,5,0,0,1,1,46,0,2,0,1,0,0,0,nan,nan,nan,nan,nan,nan,nan
1019,1,4,5,0,0,1,1,46,0,0,0,0,0,0,0,24.779221350316107,nan,24.69071112179597,nan,nan,nan,nan
1020,1,4,5,0,0,1,1,46,0,0,0,0,0,0,0,nan,nan,nan,nan,nan,nan,nan
1021,1,4,5,0,0,1,1,46,0,0,0,0,0,0,0,nan,nan,nan,nan,nan,nan,nan
1022,1,4,5,0,0,1,1,46,0,0,0,0,0,0,0,nan,nan,nan,nan,nan,nan,nan
1023,1,4,5,0,0,0,1,47,0,0,0,0,0,0,0,nan,nan,nan,nan,nan,14.732225831307687,57.63060946488076
1024,1,4,5,0,0,0,1,47,0,0,0,0,0,0,0,nan,nan,nan,nan,nan,nan,nan
1025,1,4,5,0,0,0,1,47,0,0,0,0,0,0,0,nan,nan,nan,nan,nan,nan,nan
1026,1,4,5,0,0,0,1,47,0,0,0,0,0,0,0,nan,nan,nan,nan,nan,nan,nan
1027,1,4,5,0,0,0,1,47,0,0,0,0,0,0,0,nan,nan,nan,nan,nan,nan,nan
1028,1,4,5,0,0,0,1,47,0,0,0,0,0,0,0,nan,nan,nan,nan,nan,nan,nan
1029,1,4,5,0,0,0,1,47,0,0,0,0,0,0,0,nan,nan,nan,nan,nan,nan,nan
1030,1,4,5,0,0,0,1,47,0,0,0,0,0,0,0,nan,nan,nan,nan,nan,nan,nan
1031,1,4,5,0,0,0,1,47,0,0,0,0,0,0,0,nan,nan,nan,nan,nan,nan,nan
1032,1,5,5,0,0,0,1,47,0,0,0,0,0,0,0,12.764287732370121,nan,nan,nan,nan,nan,nan
1033,1,5,5,0,0,0,1,47,0,0,0,0,0,0,0,nan,nan,nan,nan,nan,nan,nan
1034,1,5,4,1,0,0,1,47,0,0,0,0,0,0,0,nan,nan,14.92580558869031,nan,nan,nan,nan
1035,1,5,4,1,0,1,0,48,0,0,0,0,1,0,0,nan,nan,nan,nan,28.273148283560545,nan,12.000240323184926
1036,1,5,4,1,0,1,0,48,0,0,0,0,1,0,0,nan,nan,nan,nan,nan,nan,nan
1037,1,5,4,0,0,1,0,48,0,0,0,0,0,0,0,nan,nan,nan,22.900017300738455,nan,nan,nan
1038,1,5,4,0,0,0,1,48,0,0,0,0,0,0,0,nan,nan,nan,nan,nan,15.593567873174266,nan
1039,1,4,5,0,0,0,1,48,0,0,0,0,0,0,0,nan,28.777357518899862,nan,nan,nan,nan,nan
1040,1,4,5,0,0,0,1,48,0,0,0,0,0,0,0,nan,nan,nan,nan,nan,nan,nan
1041,1,4,5,0,0,0,1,48,0,0,0,0,0,0,0,nan,nan,nan,nan,nan,nan,nan
1042,1,4,5,0,0,0,1,48,0,0,0,0,0,0,0,nan,nan,nan,nan,nan,nan,nan
1043,1,4,5,0,0,0,1,48,0,0,0,0,0,0,0,nan,nan,nan,nan,nan,nan,nan
1044,1,4,5,0,0,0,1,48,0,0,0,0,0,0,0,nan,nan,nan,nan,nan,nan,nan
1045,1,4,5,0,0,0,1,48,0,0,0,0,0,0,0,nan,nan,nan,nan,nan,nan,nan
1046,1,4,5,0,0,0,1,48,0,0,0,0,0,0,0,nan,nan,nan,nan,nan,nan,nan
1047,1,4,5,0,0,0,1,48,0,0,0,0,0,0,0,nan,nan,nan,nan,nan,nan,nan
1048,1,4,5,0,0,0,1,48,0,0,0,0,0,0,0,nan,nan,nan,nan,nan,nan,nan
1049,1,4,5,0,0,0,1,48,0,0,0,0,0,0,0,nan,nan,nan,nan,nan,nan,nan
1050,1,4,5,0,0,0,1,48,0,0,0,0,0,0,0,nan,nan,nan,nan,nan,nan,nan
1051,1,4,5,1,0,0,1,48,0,0,0,0,0,0,0,19.010427986387413,12.003469133413319,16.98898231604676,nan,nan,nan,nan
1052,1,4,5,1,0,0,1,48,0,0,0,0,0,0,0,nan,nan,nan,nan,nan,nan,nan
1053,1,4,5,1,0,0,0,49,0,0,0,0,0,0,0,nan,nan,nan,nan,nan,nan,18.40995303865111
1054,1,4,5,1,0,0,0,49,0,0,0,0,0,0,0,nan,nan,nan,nan,nan,nan,nan
1055,1,4,5,1,0,0,0,49,0,0,0,0,0,0,0,nan,nan,nan,nan,nan,nan,nan
1056,1,4,5,1,0,0,0,49,0,0,0,0,0,0,0,nan,nan,nan,nan,nan,nan,nan
1057,1,4,5,1,0,0,0,49,0,0,0,0,0,0,0,nan,nan,nan,nan,nan,nan,nan
1058,1,4,5,0,1,0,0,49,0,0,0,0,0,0,0,nan,nan,nan,20.994662779464306,nan,nan,nan
1059,1,4,5,0,1,0,0,49,0,0,0,0,0,0,0,nan,nan,nan,nan,nan,nan,nan
1060,1,4,5,0,1,0,0,49,0,0,0,0,0,0,0,nan,nan,nan,nan,nan,nan,nan
1061,1,4,5,0,1,0,0,49,0,0,0,0,0,0,0,nan,nan,nan,nan,nan,nan,nan
1062,1,4,4,1,0,1,0,49,0,0,0,0,0,0,0,nan,nan,11.131983457100432,nan,26.334887795942905,nan,nan
1063,1,3,5,1,0,1,0,49,0,0,0,0,0,0,0,nan,11.286163428098234,nan,nan,nan,nan,nan
1064,1,3,5,1,0,1,0,49,0,0,0,0,0,0,0,nan,nan,nan,nan,nan,nan,nan
1065,1,3,5,1,0,1,0,49,0,0,0,0,0,0,0,nan,nan,nan,nan,nan,nan,nan
1066,1,4,5,1,0,1,0,49,0,0,0,0,0,0,0,15.024992292565457,nan,nan,nan,nan,nan,nan
1067,1,4,5,1,0,0,0,50,0,0,0,0,0,0,0,nan,nan,nan,nan,nan,29.02793470434449,13.67473975309531
1068,1,4,5,1,0,0,0,50,0,0,0,0,0,0,0,nan,nan,nan,nan,nan,nan,nan
1069,1,4,5,0,1,0,0,50,0,0,0,0,0,0,0,nan,nan,nan,11.361060920385171,nan,nan,nan
1070,1,4,5,0,1,0,0,50,0,0,0,0,0,0,0,nan,nan,nan,nan,nan,nan,nan
1071,1,4,5,0,1,0,0,50,0,0,0,0,0,0,0,nan,nan,nan,nan,nan,nan,nan
1072,1,4,5,0,1,0,0,50,0,0,0,0,0,0,0,nan,nan,nan,nan,nan,nan,nan
1073,1,4,5,0,1,0,0,50,0,2,0,0,0,0,0,nan,10.529281213090599,nan,nan,nan,nan,nan
1074,1,4,5,0,1,0,0,50,0,2,0,0,0,0,0,nan,nan,nan,nan,nan,nan,nan
1075,1,4,5,0,1,0,0,50,0,2,0,0,0,0,0,nan,nan,nan,nan,nan,nan,nan
1076,1,3,5,1,1,0,0,50,0,0,0,0,0,0,0,nan,nan,13.820525271046108,nan,nan,nan,nan
1077,1,3,5,1,1,0,0,50,0,0,0,0,0,0,0,nan,nan,nan,nan,nan,nan,nan
1078,1,3,5,1,1,0,0,51,0,0,0,0,0,0,1,nan,nan,nan,nan,nan,nan,11.287876230032452
1079,1,3,5,1,1,0,0,51,0,0,0,0,0,0,1,nan,nan,nan,nan,nan,nan,nan
1080,1,3,5,1,1,0,0,51,0,0,0,0,0,1,0,nan,nan,nan,nan,nan,12.36813274375777,nan
1081,1,3,5,1,1,0,0,51,0,0,0,0,0,1,0,nan,nan,nan,nan,nan,nan,nan
1082,1,4,5,1,1,0,0,51,0,0,0,0,0,1,0,16.145251703928125,nan,nan,nan,nan,nan,nan
1083,1,4,5,1,1,0,0,51,0,0,0,0,0,1,0,nan,nan,nan,nan,nan,nan,nan
1084,1,4,5,1,0,0,0,51,0,0,0,0,0,0,0,nan,nan,nan,nan,22.675370927241147,nan,nan
1085,1,4,5,1,0,0,0,51,0,0,0,0,0,0,0,nan,nan,nan,nan,nan,nan,nan
1086,1,4,5,1,0,0,0,51,0,0,0,0,0,0,0,nan,nan,nan,nan,nan,nan,nan
1087,1,4,5,1,0,0,0,51,0,0,0,0,0,0,0,nan,nan,nan,nan,nan,nan,nan
1088,1,4,5,1,0,0,0,51,0,0,0,0,0,0,0,nan,nan,nan,nan,nan,nan,nan
1089,1,4,5,1,0,0,0,51,0,0,0,0,0,0,0,nan,nan,nan,nan,nan,nan,nan
1090,1,4,5,0,1,0,0,51,0,0,0,0,0,0,0,nan,nan,nan,20.710733407533326,nan,nan,nan
1091,1,4,5,0,1,0,0,51,0,0,0,0,0,0,0,nan,nan,nan,nan,nan,nan,nan
1092,1,4,4,1,1,0,0,51,0,0,0,0,0,0,0,nan,nan,16.23048617991435,nan,nan,nan,nan
1093,1,4,4,1,1,0,0,51,0,0,0,0,0,0,0,nan,nan,nan,nan,nan,nan,nan
1094,1,4,4,1,1,0,0,51,0,0,0,0,0,0,0,nan,nan,nan,nan,nan,nan,nan
1095,1,4,4,1,0,1,0,51,0,0,0,0,0,0,0,nan,nan,nan,nan,11.106764654957487,nan,nan
1096,1,4,4,1,0,1,0,51,0,0,0,0,0,0,0,nan,nan,nan,nan,nan,nan,nan
1097,1,4,4,1,0,1,0,51,0,0,0,0,0,0,0,nan,nan,nan,nan,nan,nan,nan
1098,1,5,4,1,0,1,0,51,0,0,0,0,0,0,0,16.191215654121606,nan,nan,nan,nan,nan,nan
1099,1,5,4,1,0,0,1,51,0,0,0,0,0,0,0,nan,nan,nan,nan,nan,19.088788289197964,nan
1100,1,5,4,1,0,0,1,51,0,0,0,0,0,0,0,nan,nan,nan,nan,nan,nan,nan
1101,1,5,4,1,0,0,1,51,0,0,0,0,0,0,0,nan,nan,nan,nan,nan,nan,nan
1102,1,5,4,1,0,0,1,51,0,0,0,0,0,0,0,nan,nan,nan,nan,nan,nan,nan
1103,1,5,4,1,0,0,1,51,0,0,0,0,0,0,0,nan,nan,nan,nan,nan,nan,nan
1104,1,4,5,1,0,0,1,51,0,0,0,0,0,0,0,nan,30.485705589799636,nan,nan,nan,nan,nan
1105,1,4,5,1,0,0,1,51,0,0,0,0,0,0,0,nan,nan,nan,nan,nan,nan,nan
1106,1,4,5,1,0,0,1,51,0,0,0,0,0,0,0,nan,nan,nan,nan,nan,nan,nan
1107,1,4,5,0,1,0,1,51,0,0,0,0,0,0,0,nan,nan,nan,17.484509669910494,nan,nan,nan
1108,1,4,5,0,1,0,1,51,0,0,0,0,0,0,0,nan,nan,nan,nan,nan,nan,nan
1109,1,4,5,0,1,0,0,52,0,0,0,0,0,0,0,nan,nan,nan,nan,nan,nan,30.98352681627057
1110,1,4,5,0,1,0,0,52,0,0,0,0,0,0,0,nan,nan,nan,nan,nan,nan,nan
1111,1,4,5,0,1,0,0,52,0,0,0,0,0,0,0,nan,nan,nan,nan,nan,nan,nan
1112,1,4,5,0,1,0,0,52,0,0,0,0,0,0,0,nan,nan,nan,nan,nan,nan,nan
1113,1,4,5,0,1,0,0,52,0,0,0,0,0,0,0,nan,nan,nan,nan,nan,nan,nan
1114,1,4,5,0,0,0,1,52,0,0,0,0,0,0,0,nan,nan,nan,nan,18.661889023652066,15.092615396898736,nan
1115,1,5,5,0,0,0,1,52,0,0,0,0,0,0,0,16.827553973963177,nan,nan,nan,nan,nan,nan
1116,1,5,5,0,0,0,1,52,0,0,0,0,0,0,0,nan,nan,nan,nan,nan,nan,nan
1117,1,5,4,1,0,0,1,52,0,0,0,0,0,0,0,nan,nan,24.63778872385069,nan,nan,nan,nan
1118,1,5,4,1,0,0,1,52,0,0,0,0,0,0,0,nan,nan,nan,nan,nan,nan,nan
1119,1,5,4,1,0,0,1,52,0,0,0,0,0,0,0,nan,nan,nan,nan,nan,nan,nan
1120,1,5,4,1,0,0,1,52,0,0,0,0,0,0,0,nan,nan,nan,nan,nan,nan,nan
1121,1,5,4,1,0,0,1,52,0,0,0,0,0,0,0,nan,nan,nan,nan,nan,nan,nan
1122,1,4,5,1,0,0,1,52,0,0,0,0,0,0,0,nan,17.844144763180566,nan,nan,nan,nan,nan
1123,1,4,5,0,0,1,1,52,0,0,0,0,0,0,0,nan,nan,nan,15.606406148839369,8.586136003832962,nan,nan
1124,1,4,5,0,0,1,1,52,0,0,0,0,0,0,0,nan,nan,nan,nan,nan,nan,nan
1125,1,4,5,0,0,1,1,52,0,0,0,0,0,0,0,nan,nan,nan,nan,nan,nan,nan
1126,1,4,5,0,0,1,1,52,0,0,0,0,0,0,0,nan,nan,nan,nan,nan,nan,nan
1127,1,4,5,0,0,1,1,52,0,0,0,0,0,0,0,nan,nan,nan,nan,nan,nan,nan
1128,1,4,5,0,0,1,1,52,0,0,0,0,0,0,0,nan,nan,nan,nan,nan,nan,nan
1129,1,5,5,0,0,1,1,52,0,0,0,0,0,0,0,14.435101674804173,nan,nan,nan,nan,nan,nan
1130,1,5,5,0,0,1,1,52,0,0,0,0,0,0,0,nan,nan,nan,nan,nan,nan,nan
1131,1,5,5,0,0,1,1,52,0,0,0,0,0,0,0,nan,nan,nan,nan,nan,nan,nan
1132,1,5,5,0,0,1,1,52,0,0,0,0,0,0,0,nan,nan,nan,nan,nan,nan,nan
1133,1,5,5,0,0,1,1,52,0,0,0,0,0,0,0,nan,nan,nan,nan,nan,nan,nan
1134,1,5,5,0,0,1,1,52,0,0,0,0,0,0,0,nan,nan,nan,nan,nan,nan,nan
1135,1,5,5,0,0,0,2,52,0,0,0,0,0,0,0,nan,nan,nan,nan,nan,20.983290913645533,nan
1136,1,5,5,0,0,0,2,52,0,0,0,0,0,0,0,nan,nan,nan,nan,nan,nan,nan
1137,1,5,4,1,0,0,2,52,0,0,0,0,0,0,0,nan,nan,19.77926353432872,nan,nan,nan,nan
1138,1,5,4,1,0,1,2,52,0,0,0,0,1,0,0,nan,nan,nan,nan,14.865983948667918,nan,nan
1139,1,4,5,1,0,1,2,52,0,0,0,0,1,0,0,nan,17.260420044251305,nan,nan,nan,nan,nan
1140,1,5,5,0,0,1,2,52,0,0,0,0,0,0,0,10.12304848150552,nan,nan,17.481575570943733,nan,nan,nan
1141,1,5,5,0,0,1,2,52,0,0,0,0,0,0,0,nan,nan,nan,nan,nan,nan,nan
1142,1,5,5,0,0,1,2,52,0,0,0,0,0,0,0,nan,nan,nan,nan,nan,nan,nan
1143,1,5,5,0,0,1,2,52,0,0,0,0,0,0,0,nan,nan,nan,nan,nan,nan,nan
1144,1,5,5,0,0,1,2,52,0,0,0,0,0,0,0,nan,nan,nan,nan,nan,nan,nan
1145,1,5,5,0,0,0,2,53,0,0,0,0,0,0,0,nan,nan,nan,nan,nan,10.439473748007686,35.37821008387641
1146,1,5,5,0,0,0,2,53,0,0,0,0,0,0,0,nan,nan,nan,nan,nan,nan,nan
1147,1,5,5,0,0,0,2,53,0,0,0,0,0,0,0,nan,nan,nan,nan,nan,nan,nan
1148,1,5,5,0,0,0,2,53,0,0,0,0,0,0,0,nan,nan,nan,nan,nan,nan,nan
1149,1,5,5,0,0,0,2,53,0,0,0,0,0,0,0,nan,nan,nan,nan,nan,nan,nan
1150,1,5,5,0,0,0,2,53,0,0,0,0,0,0,0,nan,nan,nan,nan,nan,nan,nan
1151,1,5,5,0,0,0,2,53,0,0,0,0,0,0,0,nan,nan,nan,nan,nan,nan,nan
1152,1,5,5,0,0,0,2,53,0,0,0,0,0,0,0,nan,nan,nan,nan,nan,nan,nan
1153,1,5,5,0,0,1,2,53,0,0,0,0,1,0,0,nan,nan,nan,nan,15.20766001185325,nan,nan
1154,1,5,4,1,0,1,2,53,0,0,0,0,1,0,0,nan,nan,17.268798645909555,nan,nan,nan,nan
1155,1,4,5,0,0,1,2,53,0,0,0,0,0,0,0,nan,16.645540160545806,nan,14.481518028963137,nan,nan,nan
1156,1,4,5,0,0,1,1,54,0,0,0,0,0,0,0,nan,nan,nan,nan,nan,nan,11.431898115344893
1157,1,4,5,0,0,1,1,54,0,0,0,0,0,0,0,nan,nan,nan,nan,nan,nan,nan
1158,1,5,5,0,0,1,1,54,0,0,0,0,0,0,0,18.7547368309979,nan,nan,nan,nan,nan,nan
1159,1,5,5,0,0,1,1,54,0,0,0,0,0,0,0,nan,nan,nan,nan,nan,nan,nan
1160,1,5,5,0,0,1,1,54,0,0,0,0,0,0,0,nan,nan,nan,nan,nan,nan,nan
1161,1,5,5,0,0,1,1,54,0,0,0,0,0,0,0,nan,nan,nan,nan,nan,nan,nan
1162,1,5,5,0,0,1,1,54,0,0,0,0,0,0,0,nan,nan,nan,nan,nan,nan,nan
1163,1,5,5,0,0,1,1,54,0,0,0,0,0,0,0,nan,nan,nan,nan,nan,nan,nan
1164,1,5,5,0,0,1,1,54,0,0,0,0,0,0,0,nan,nan,nan,nan,nan,nan,nan
1165,1,5,5,0,0,1,2,54,0,0,0,0,1,0,0,nan,nan,nan,nan,12.442012044436751,19.70898836821766,nan
1166,1,4,5,1,0,1,2,54,0,0,0,0,1,0,0,nan,10.496456373705087,11.658563942974524,nan,nan,nan,nan
1167,1,4,5,1,0,1,2,54,0,0,0,0,1,0,0,nan,nan,nan,nan,nan,nan,nan
1168,1,4,5,1,0,1,2,54,0,0,0,0,1,0,0,nan,nan,nan,nan,nan,nan,nan
1169,1,4,5,1,0,1,2,54,0,0,0,0,1,0,0,nan,nan,nan,nan,nan,nan,nan
1170,1,5,5,1,0,1,2,54,0,0,0,0,1,0,0,11.733940956454717,nan,nan,nan,nan,nan,nan
1171,1,5,5,1,0,1,1,55,0,0,0,0,1,0,0,nan,nan,nan,nan,nan,nan,14.631036814038453
1172,1,5,5,1,0,1,1,55,0,0,0,0,1,0,0,nan,nan,nan,nan,nan,nan,nan
1173,1,5,5,1,0,1,1,55,0,0,0,0,1,0,0,nan,nan,nan,nan,nan,nan,nan
1174,1,5,5,0,0,1,1,55,0,0,0,0,0,0,0,nan,nan,nan,18.82278912279071,nan,nan,nan
1175,1,5,5,0,0,1,1,55,0,0,0,0,0,0,0,nan,nan,nan,nan,nan,nan,nan
1176,1,5,5,0,0,1,1,55,0,0,0,0,0,0,0,nan,nan,nan,nan,nan,nan,nan
1177,1,5,5,0,0,1,1,55,0,0,0,0,0,0,0,nan,nan,nan,nan,nan,nan,nan
1178,1,5,5,0,0,1,1,55,0,0,0,0,0,0,0,nan,nan,nan,nan,nan,nan,nan
1179,1,5,5,0,0,1,1,55,0,0,0,0,0,0,0,nan,nan,nan,nan,nan,nan,nan
1180,1,5,4,1,0,1,1,55,0,0,0,0,0,0,0,nan,nan,14.75638933684263,nan,nan,nan,nan
1181,1,5,4,1,0,1,1,55,0,0,0,0,0,0,0,nan,nan,nan,nan,nan,nan,nan
1182,1,5,4,1,0,1,1,55,0,0,0,0,0,0,0,nan,nan,nan,nan,nan,nan,nan
1183,1,5,4,1,0,1,1,55,0,0,0,0,0,0,0,nan,nan,nan,nan,nan,nan,nan
1184,1,5,4,1,0,1,0,56,0,0,0,0,0,0,0,nan,nan,nan,nan,nan,nan,13.54246518915511
1185,1,5,4,1,0,1,0,56,0,0,0,0,0,0,0,nan,nan,nan,nan,nan,nan,nan
1186,1,5,4,1,0,2,0,56,0,0,0,0,1,0,0,nan,nan,nan,nan,20.390351176701643,nan,nan
1187,1,5,4,0,0,1,1,56,0,0,0,0,0,0,0,nan,nan,nan,13.744859342247537,nan,21.605072931454743,nan
1188,1,5,4,0,0,1,1,56,0,0,0,0,0,0,0,nan,nan,nan,nan,nan,nan,nan
1189,1,5,4,0,0,1,1,56,2,0,0,0,0,0,0,18.78904909338985,nan,nan,nan,nan,nan,nan
1190,1,5,4,0,0,1,1,56,2,0,0,0,0,0,0,nan,nan,nan,nan,nan,nan,nan
1191,1,5,5,0,0,1,1,56,0,0,0,0,0,0,0,nan,24.593547395975747,nan,nan,nan,nan,nan
1192,1,5,5,0,0,1,1,56,0,0,0,0,0,0,0,nan,nan,nan,nan,nan,nan,nan
1193,1,5,5,0,0,1,1,56,0,0,0,0,0,0,0,nan,nan,nan,nan,nan,nan,nan
1194,1,5,5,0,0,1,1,56,0,0,0,0,0,0,0,nan,nan,nan,nan,nan,nan,nan
1195,1,5,5,0,0,1,1,56,0,0,0,0,0,0,0,nan,nan,nan,nan,nan,nan,nan
1196,1,5,5,0,0,1,1,56,0,0,0,0,0,0,0,nan,nan,nan,nan,nan,nan,nan
1197,1,5,5,0,0,1,0,57,0,0,0,0,0,0,0,nan,nan,nan,nan,nan,nan,12.986744164854827
1198,1,5,5,0,0,1,0,57,0,0,0,0,0,0,0,nan,nan,nan,nan,nan,nan,nan
1199,1,5,5,0,0,1,0,57,0,0,0,0,0,0,0,nan,nan,nan,nan,nan,nan,nan
1200,1,5,5,0,0,1,0,57,0,0,0,0,0,0,0,nan,nan,nan,nan,nan,nan,nan
1201,1,5,5,0,0,1,0,57,2,0,0,0,0,0,0,11.737309785021807,nan,nan,nan,nan,nan,nan
1202,1,5,5,0,0,2,0,57,2,0,0,0,1,0,0,nan,nan,nan,nan,16.327311712647997,nan,nan
1203,1,5,5,0,0,2,0,57,2,0,0,0,1,0,0,nan,nan,nan,nan,nan,nan,nan
1204,1,5,5,0,0,2,0,57,2,0,0,0,1,0,0,nan,nan,nan,nan,nan,nan,nan
1205,1,5,5,0,0,2,0,57,2,0,0,0,1,0,0,nan,nan,nan,nan,nan,nan,nan
1206,1,5,5,0,0,2,0,57,2,0,0,0,1,0,0,nan,nan,nan,nan,nan,nan,nan
1207,1,5,5,0,0,2,0,57,2,0,0,0,1,0,0,nan,nan,nan,nan,nan,nan,nan
1208,1,5,5,0,0,2,0,57,2,0,0,0,1,0,0,nan,nan,nan,nan,nan,nan,nan
1209,1,5,5,0,0,2,0,57,2,0,0,0,1,0,0,nan,nan,nan,nan,nan,nan,nan
1210,1,5,5,0,0,2,0,57,2,0,0,0,1,0,0,nan,nan,nan,nan,nan,nan,nan
1211,1,5,5,0,0,2,0,57,2,2,0,0,1,0,0,nan,20.755561203074194,nan,nan,nan,nan,nan
1212,1,5,5,0,0,1,1,57,2,2,0,1,0,0,0,nan,nan,nan,24.29187544036995,nan,25.197065123926905,nan
1213,1,5,5,0,0,1,1,57,2,2,0,1,0,0,0,nan,nan,nan,nan,nan,nan,nan
1214,1,5,5,0,0,1,1,57,2,2,0,1,0,0,0,nan,nan,nan,nan,nan,nan,nan
1215,1,5,5,0,0,1,1,57,2,2,0,1,0,0,0,nan,nan,nan,nan,nan,nan,nan
1216,1,5,5,0,0,1,1,57,2,2,0,1,0,0,0,nan,nan,nan,nan,nan,nan,nan
1217,1,5,5,0,0,1,1,57,2,2,0,1,0,0,0,nan,nan,nan,nan,nan,nan,nan
1218,1,5,5,0,0,1,1,57,2,2,0,1,0,0,0,nan,nan,nan,nan,nan,nan,nan
1219,1,5,5,0,0,1,1,57,0,0,0,0,0,0,0,nan,nan,39.01662412004566,nan,nan,nan,nan
1220,1,5,5,0,0,1,1,57,0,0,0,0,0,0,0,nan,nan,nan,nan,nan,nan,nan
1221,1,5,5,0,0,1,1,57,0,0,0,0,0,0,0,nan,nan,nan,nan,nan,nan,nan
1222,1,5,5,0,0,0,1,58,0,0,0,0,0,0,0,nan,nan,nan,nan,nan,9.82071181531478,24.434657138357807
1223,1,5,5,0,0,0,1,58,0,0,0,0,0,0,0,nan,nan,nan,nan,nan,nan,nan
1224,1,5,5,0,0,0,1,58,0,0,0,0,0,0,0,nan,nan,nan,nan,nan,nan,nan
1225,1,5,5,0,0,0,1,58,0,0,0,0,0,0,0,nan,nan,nan,nan,nan,nan,nan
1226,1,5,5,0,0,0,1,58,0,0,0,0,0,0,0,nan,nan,nan,nan,nan,nan,nan
1227,1,5,5,0,0,0,1,58,0,0,0,0,0,0,0,nan,nan,nan,nan,nan,nan,nan
1228,1,5,5,0,0,0,1,58,0,0,0,0,0,0,0,nan,nan,nan,nan,nan,nan,nan
1229,1,5,5,0,0,0,1,58,0,0,0,0,0,0,0,nan,nan,nan,nan,nan,nan,nan
1230,1,5,5,0,0,0,1,58,0,0,0,0,0,0,0,nan,nan,nan,nan,nan,nan,nan
1231,1,5,5,0,0,1,1,58,0,0,0,0,1,0,0,nan,nan,nan,nan,29.4119212545761,nan,nan
1232,1,5,5,0,0,1,1,58,0,0,0,0,1,0,0,nan,nan,nan,nan,nan,nan,nan
1233,1,5,5,0,0,1,1,58,0,0,0,0,1,0,0,nan,nan,nan,nan,nan,nan,nan
1234,1,5,4,1,0,1,1,58,0,0,0,0,1,0,0,nan,nan,14.57552243723967,nan,nan,nan,nan
1235,1,4,5,1,0,1,1,58,0,0,0,0,1,0,0,nan,23.491268989606624,nan,nan,nan,nan,nan
1236,1,5,5,1,0,1,1,58,0,0,0,0,1,0,0,35.68841626977587,nan,nan,nan,nan,nan,nan
1237,1,5,5,1,0,1,0,59,0,0,0,0,1,0,0,nan,nan,nan,nan,nan,nan,15.159123294084566
1238,1,5,5,1,0,0,1,59,0,0,0,0,1,0,0,nan,nan,nan,nan,nan,16.753200377071835,nan
1239,1,5,5,1,0,0,1,59,0,0,0,0,1,0,0,nan,nan,nan,nan,nan,nan,nan
1240,1,5,5,0,0,0,1,59,0,0,0,0,0,0,0,nan,nan,nan,28.50983581486821,nan,nan,nan
1241,1,5,5,0,0,0,1,59,0,0,0,0,0,0,0,nan,nan,nan,nan,nan,nan,nan
1242,1,5,5,0,0,0,1,59,0,0,0,0,0,0,0,nan,nan,nan,nan,nan,nan,nan
1243,1,5,5,0,0,0,1,59,0,0,0,0,0,0,0,nan,nan,nan,nan,nan,nan,nan
1244,1,5,5,0,0,0,1,59,0,0,0,0,0,0,0,nan,nan,nan,nan,nan,nan,nan
1245,1,5,5,0,0,0,1,59,0,0,0,0,0,0,0,nan,nan,nan,nan,nan,nan,nan
1246,1,5,5,0,0,0,1,59,0,0,0,0,0,0,0,nan,nan,nan,nan,nan,nan,nan
1247,1,5,5,0,0,0,0,60,0,0,0,0,0,0,0,nan,nan,nan,nan,nan,nan,10.510937759703893
1248,1,5,5,0,0,0,0,60,0,0,0,0,0,0,0,nan,nan,nan,nan,nan,nan,nan
1249,1,5,5,0,0,0,0,60,0,0,0,0,0,0,0,nan,nan,nan,nan,nan,nan,nan
1250,1,5,5,0,0,0,0,60,0,0,0,0,0,0,0,nan,nan,nan,nan,nan,nan,nan
1251,1,5,5,0,0,0,0,60,2,0,0,0,0,0,0,14.865033965971406,nan,nan,nan,nan,nan,nan
1252,1,5,5,0,0,0,0,60,2,0,0,0,0,0,0,nan,nan,nan,nan,nan,nan,nan
1253,1,5,5,0,1,0,0,60,2,2,0,1,0,0,0,nan,17.813171496524546,nan,13.17726389620725,nan,nan,nan
1254,1,5,5,0,1,0,0,60,2,2,0,1,0,0,0,nan,nan,nan,nan,nan,nan,nan
1255,1,5,5,0,1,0,0,60,2,2,0,1,0,0,0,nan,nan,nan,nan,nan,nan,nan
1256,1,5,5,0,1,0,0,60,2,2,0,1,0,0,0,nan,nan,nan,nan,nan,nan,nan
1257,1,5,5,0,0,1,0,60,2,2,0,1,0,0,0,nan,nan,nan,nan,25.411641575312842,nan,nan
1258,1,5,5,0,0,1,0,60,2,2,0,1,0,0,0,nan,nan,nan,nan,nan,nan,nan
1259,1,5,5,0,0,1,0,60,2,2,0,1,0,0,0,nan,nan,nan,nan,nan,nan,nan
1260,1,5,5,0,0,1,0,60,2,2,0,1,0,0,0,nan,nan,nan,nan,nan,nan,nan
1261,1,5,5,0,0,1,0,60,2,2,0,1,0,0,0,nan,nan,nan,nan,nan,nan,nan
1262,1,5,5,0,0,1,0,60,0,0,0,0,0,0,0,nan,nan,28.27995812106792,nan,nan,nan,nan
1263,1,5,5,0,0,1,0,60,0,0,0,0,0,0,0,nan,nan,nan,nan,nan,nan,nan
1264,1,5,5,0,0,1,0,60,0,0,0,0,0,0,0,nan,nan,nan,nan,nan,nan,nan
1265,1,5,5,0,0,1,0,60,0,0,0,0,0,0,0,nan,nan,nan,nan,nan,nan,nan
1266,1,5,5,0,0,0,0,61,0,0,0,0,0,0,0,nan,nan,nan,nan,nan,27.185217347465823,18.552988703093888
1267,1,5,5,0,0,0,0,61,0,0,0,0,0,0,0,nan,nan,nan,nan,nan,nan,nan
1268,1,5,5,0,0,0,0,61,0,0,0,0,0,0,0,nan,nan,nan,nan,nan,nan,nan
1269,1,5,5,0,0,1,0,61,0,0,0,0,1,0,0,nan,nan,nan,nan,12.555026167769256,nan,nan
1270,1,5,5,0,0,1,0,61,0,0,0,0,1,0,0,nan,nan,nan,nan,nan,nan,nan
1271,1,5,5,0,0,1,0,61,2,0,0,0,1,0,0,20.097253274038394,nan,nan,nan,nan,nan,nan
1272,1,5,5,0,0,1,0,61,2,0,0,0,1,0,0,nan,nan,nan,nan,nan,nan,nan
1273,1,5,4,1,0,1,0,61,2,0,0,0,1,0,0,nan,nan,10.25276866308127,nan,nan,nan,nan
1274,1,5,4,1,0,1,0,61,2,0,0,0,1,0,0,nan,nan,nan,nan,nan,nan,nan
1275,1,5,4,1,0,1,0,61,2,0,0,0,1,0,0,nan,nan,nan,nan,nan,nan,nan
1276,1,5,4,1,0,1,0,61,2,0,0,0,1,0,0,nan,nan,nan,nan,nan,nan,nan
1277,1,5,5,1,0,1,0,61,0,0,0,0,1,0,0,nan,24.649606151672515,nan,nan,nan,nan,nan
1278,1,5,5,1,0,1,0,61,0,0,0,0,1,0,0,nan,nan,nan,nan,nan,nan,nan
1279,1,5,5,1,0,1,0,61,0,0,0,0,1,0,0,nan,nan,nan,nan,nan,nan,nan
1280,1,5,5,1,0,1,0,62,0,0,0,0,1,0,1,nan,nan,nan,nan,nan,nan,13.831125571366783
1281,1,5,5,1,0,1,0,62,0,0,0,0,1,0,1,nan,nan,nan,nan,nan,nan,nan
1282,1,5,5,1,0,1,0,62,0,0,0,0,1,0,1,nan,nan,nan,nan,nan,nan,nan
1283,1,5,5,1,0,1,0,62,0,0,0,0,1,0,1,nan,nan,nan,nan,nan,nan,nan
1284,1,5,5,1,0,1,0,62,0,0,0,0,1,0,1,nan,nan,nan,nan,nan,nan,nan
1285,1,5,5,1,0,1,0,62,0,0,0,0,1,0,1,nan,nan,nan,nan,nan,nan,nan
1286,1,5,5,1,0,1,0,62,0,0,0,0,1,0,1,nan,nan,nan,nan,nan,nan,nan
1287,1,5,5,0,0,1,0,62,0,0,0,0,0,0,1,nan,nan,nan,33.33926878787565,nan,nan,nan
1288,1,5,5,0,0,1,0,62,0,0,0,0,0,0,1,nan,nan,nan,nan,nan,nan,nan
1289,1,5,5,0,0,1,0,62,0,0,0,0,0,0,1,nan,nan,nan,nan,nan,nan,nan
1290,1,5,5,0,0,1,0,62,0,0,0,0,0,0,1,nan,nan,nan,nan,nan,nan,nan
1291,1,5,5,0,0,1,0,62,0,0,0,0,0,0,1,nan,nan,nan,nan,nan,nan,nan
1292,1,5,5,0,0,1,0,62,0,0,0,0,0,0,1,nan,nan,nan,nan,nan,nan,nan
1293,1,5,5,0,0,1,0,62,0,2,0,0,0,0,1,nan,15.452793615630299,nan,nan,nan,nan,nan
1294,1,5,5,0,0,1,0,62,2,2,0,0,0,0,1,22.927265698339625,nan,nan,nan,nan,nan,nan
1295,1,5,5,1,0,1,0,62,0,0,0,0,0,0,1,nan,nan,22.347139664639144,nan,nan,nan,nan
1296,1,5,5,1,0,1,0,62,0,0,0,0,0,0,1,nan,nan,nan,nan,nan,nan,nan
1297,1,5,5,1,0,1,0,62,0,0,0,0,0,0,1,nan,nan,nan,nan,nan,nan,nan
1298,1,5,5,1,0,1,0,62,0,0,0,0,0,0,1,nan,nan,nan,nan,nan,nan,nan
1299,1,5,5,1,0,1,0,62,0,0,0,0,0,0,1,nan,nan,nan,nan,nan,nan,nan
1300,1,5,5,1,0,0,0,62,0,0,0,0,0,0,0,nan,nan,nan,nan,nan,34.61568323674123,nan
1301,1,5,5,1,0,0,0,62,0,0,0,0,0,0,0,nan,nan,nan,nan,nan,nan,nan
1302,1,5,5,1,0,0,0,62,0,0,0,0,0,0,0,nan,nan,nan,nan,nan,nan,nan
1303,1,5,5,1,0,0,0,62,0,0,0,0,0,0,0,nan,nan,nan,nan,nan,nan,nan
1304,1,5,5,1,0,0,0,62,0,0,0,0,0,0,0,nan,nan,nan,nan,nan,nan,nan
1305,1,5,5,1,0,1,0,62,0,0,0,0,1,0,0,nan,nan,nan,nan,36.14711304629395,nan,nan
1306,1,5,5,1,0,1,0,62,0,2,0,0,1,0,0,nan,13.736268596956506,nan,nan,nan,nan,nan
1307,1,5,5,1,0,1,0,62,0,2,0,0,1,0,0,nan,nan,nan,nan,nan,nan,nan
1308,1,5,5,1,0,1,0,62,0,2,0,0,1,0,0,nan,nan,nan,nan,nan,nan,nan
1309,1,5,5,0,0,1,0,62,0,2,0,0,0,0,0,nan,nan,nan,21.777302458810937,nan,nan,nan
1310,1,5,5,0,0,1,0,62,0,2,0,0,0,0,0,nan,nan,nan,nan,nan,nan,nan
1311,1,5,5,0,0,1,0,62,0,2,0,0,0,0,0,nan,nan,nan,nan,nan,nan,nan
1312,1,5,5,0,0,0,1,62,0,2,0,0,0,0,0,nan,nan,nan,nan,nan,11.558128827648943,nan
1313,1,5,5,0,0,0,0,63,0,2,0,0,0,0,0,nan,nan,nan,nan,nan,nan,33.7173606047304
1314,1,5,5,0,0,0,0,63,0,2,0,0,0,0,0,nan,nan,nan,nan,nan,nan,nan
1315,1,5,5,0,0,0,0,63,0,2,0,0,0,0,0,nan,nan,nan,nan,nan,nan,nan
1316,1,5,5,0,0,0,0,63,2,2,0,0,0,0,0,21.884055754758492,nan,nan,nan,nan,nan,nan
1317,1,5,5,0,0,0,0,63,2,2,0,0,0,0,0,nan,nan,nan,nan,nan,nan,nan
1318,1,5,5,0,0,0,0,63,2,2,0,0,0,0,0,nan,nan,nan,nan,nan,nan,nan
1319,1,5,5,0,0,0,0,63,2,2,0,0,0,0,0,nan,nan,nan,nan,nan,nan,nan
1320,1,5,5,0,0,1,0,63,2,2,0,0,1,0,0,nan,nan,nan,nan,15.056155979614687,nan,nan
1321,1,5,5,0,0,1,0,63,2,2,0,0,1,0,0,nan,nan,nan,nan,nan,nan,nan
1322,1,5,5,0,0,1,0,63,2,2,0,0,1,0,0,nan,nan,nan,nan,nan,nan,nan
1323,1,5,5,0,0,1,0,63,2,2,0,0,1,0,0,nan,nan,nan,nan,nan,nan,nan
1324,1,5,5,1,0,1,0,63,0,0,0,0,1,0,0,nan,nan,29.27818374295589,nan,nan,nan,nan
1325,1,5,5,1,0,1,0,63,0,0,0,0,1,0,0,nan,nan,nan,nan,nan,nan,nan
1326,1,5,5,1,0,1,0,64,0,0,0,0,1,0,1,nan,nan,nan,nan,nan,nan,12.844445174881912
1327,1,5,5,1,0,1,0,64,0,0,0,0,1,0,1,nan,nan,nan,nan,nan,nan,nan
1328,1,5,5,1,0,1,0,64,0,0,0,0,1,0,1,nan,nan,nan,nan,nan,nan,nan
1329,1,5,5,1,0,1,0,64,0,0,0,0,1,0,1,nan,nan,nan,nan,nan,nan,nan
1330,1,5,5,1,0,0,0,64,0,0,0,0,1,0,0,nan,nan,nan,nan,nan,18.57532656086255,nan
1331,1,5,5,0,0,0,0,64,0,0,0,0,0,0,0,nan,nan,nan,22.788524284580717,nan,nan,nan
1332,1,5,5,0,0,0,0,64,0,0,0,0,0,0,0,nan,nan,nan,nan,nan,nan,nan
1333,1,5,5,0,0,0,0,64,0,0,0,0,0,0,0,nan,nan,nan,nan,nan,nan,nan
1334,1,5,5,0,0,0,0,64,0,0,0,0,0,0,0,nan,nan,nan,nan,nan,nan,nan
1335,1,5,5,0,0,0,0,64,0,2,0,0,0,0,0,nan,28.431871459400327,nan,nan,nan,nan,nan
1336,1,5,5,0,0,0,0,64,0,2,0,0,0,0,0,nan,nan,nan,nan,nan,nan,nan
1337,1,5,5,0,0,0,0,64,0,2,0,0,0,0,0,nan,nan,nan,nan,nan,nan,nan
1338,1,5,5,0,0,0,0,64,0,2,0,0,0,0,0,nan,nan,nan,nan,nan,nan,nan
1339,1,5,5,0,0,0,0,64,0,2,0,0,0,0,0,nan,nan,nan,nan,nan,nan,nan
1340,1,5,5,0,0,0,0,64,2,2,0,0,0,0,0,24.320331564862272,nan,nan,nan,nan,nan,nan
1341,1,5,5,1,0,0,0,64,0,0,0,0,0,0,0,nan,nan,16.861302094105213,nan,nan,nan,nan
1342,1,5,5,1,0,1,0,64,0,0,0,0,1,0,0,nan,nan,nan,nan,21.467262856195475,nan,nan
1343,1,5,5,1,0,1,0,64,0,0,0,0,1,0,0,nan,nan,nan,nan,nan,nan,nan
1344,1,5,5,1,0,1,0,64,0,0,0,0,1,0,0,nan,nan,nan,nan,nan,nan,nan
1345,1,5,5,1,0,1,0,65,0,0,0,0,1,0,1,nan,nan,nan,nan,nan,nan,18.26101415978019
1346,1,5,5,1,0,1,0,65,0,0,0,0,1,0,1,nan,nan,nan,nan,nan,nan,nan
1347,1,5,5,1,0,1,0,65,0,0,0,0,1,0,1,nan,nan,nan,nan,nan,nan,nan
1348,1,5,5,1,0,1,0,65,0,0,0,0,1,0,1,nan,nan,nan,nan,nan,nan,nan
1349,1,5,5,1,0,1,0,65,0,0,0,0,1,0,1,nan,nan,nan,nan,nan,nan,nan
1350,1,5,5,1,0,0,0,65,0,0,0,0,1,0,0,nan,nan,nan,nan,nan,19.66161429777344,nan
1351,1,5,5,1,0,0,0,65,0,0,0,0,1,0,0,nan,nan,nan,nan,nan,nan,nan
1352,1,5,5,0,0,0,0,65,0,0,0,0,0,0,0,nan,nan,nan,20.375530780252348,nan,nan,nan
1353,1,5,5,0,0,0,0,65,0,0,0,0,0,0,0,nan,nan,nan,nan,nan,nan,nan
1354,1,5,5,0,0,0,0,65,0,0,0,0,0,0,0,nan,nan,nan,nan,nan,nan,nan
1355,1,5,5,0,0,0,0,65,2,0,0,0,0,0,0,14.279443252611372,nan,nan,nan,nan,nan,nan
1356,1,5,5,0,0,0,0,65,2,0,0,0,0,0,0,nan,nan,nan,nan,nan,nan,nan
1357,1,5,5,0,0,0,0,65,2,0,0,0,0,0,0,nan,nan,nan,nan,nan,nan,nan
1358,1,5,5,0,0,0,0,65,2,0,0,0,0,0,0,nan,nan,nan,nan,nan,nan,nan
1359,1,5,4,1,0,0,0,65,2,0,0,0,0,0,0,nan,nan,18.22336848033956,nan,nan,nan,nan
1360,1,5,4,1,0,0,0,65,2,0,0,0,0,0,0,nan,nan,nan,nan,nan,nan,nan
1361,1,5,4,1,0,0,0,65,2,0,0,0,0,0,0,nan,nan,nan,nan,nan,nan,nan
1362,1,5,4,1,0,0,0,65,2,0,0,0,0,0,0,nan,nan,nan,nan,nan,nan,nan
1363,1,5,4,1,0,0,0,65,2,0,0,0,0,0,0,nan,nan,nan,nan,nan,nan,nan
1364,1,5,4,0,1,0,1,65,2,0,0,0,0,1,0,nan,nan,nan,11.864628556234948,nan,13.878744795595821,nan
1365,1,5,4,0,1,0,1,65,2,0,0,0,0,1,0,nan,nan,nan,nan,nan,nan,nan
1366,1,5,4,0,1,0,1,65,2,0,0,0,0,1,0,nan,nan,nan,nan,nan,nan,nan
1367,1,5,5,0,1,0,1,65,0,0,0,0,0,1,0,nan,31.702835258779032,nan,nan,nan,nan,nan
1368,1,5,5,0,1,0,1,65,0,0,0,0,0,1,0,nan,nan,nan,nan,nan,nan,nan
1369,1,5,5,0,1,0,1,65,0,0,0,0,0,1,0,nan,nan,nan,nan,nan,nan,nan
1370,1,5,5,0,1,0,1,65,0,0,0,0,0,1,0,nan,nan,nan,nan,nan,nan,nan
1371,1,5,5,0,0,0,1,65,0,0,0,0,0,0,0,nan,nan,nan,nan,29.20588463938634,nan,nan
1372,1,5,5,0,0,0,1,65,0,0,0,0,0,0,0,nan,nan,nan,nan,nan,nan,nan
1373,1,5,5,0,0,0,1,65,0,0,0,0,0,0,0,nan,nan,nan,nan,nan,nan,nan
1374,1,5,5,0,0,0,1,65,0,0,0,0,0,0,0,nan,nan,nan,nan,nan,nan,nan
1375,1,5,5,0,0,0,1,65,0,0,0,0,0,0,0,nan,nan,nan,nan,nan,nan,nan
1376,1,5,5,0,0,0,1,65,0,0,0,0,0,0,0,nan,nan,nan,nan,nan,nan,nan
1377,1,5,5,0,0,0,0,66,0,0,0,0,0,0,0,nan,nan,nan,nan,nan,nan,32.00873109402255
1378,1,5,5,0,0,0,0,66,0,0,0,0,0,0,0,nan,nan,nan,nan,nan,nan,nan
1379,1,5,5,0,0,0,0,66,0,0,0,0,0,0,0,nan,nan,nan,nan,nan,nan,nan
1380,1,5,5,0,1,0,0,66,0,0,0,1,0,0,0,nan,nan,nan,16.371059859040315,nan,nan,nan
1381,1,5,5,0,1,0,1,66,0,0,0,1,0,1,0,nan,nan,nan,nan,nan,17.550688682132204,nan
1382,1,5,5,0,1,0,1,66,0,0,0,1,0,1,0,nan,nan,nan,nan,nan,nan,nan
1383,1,5,5,0,0,0,1,66,0,0,0,1,0,0,0,nan,nan,nan,nan,12.050080279321037,nan,nan
1384,1,5,5,0,0,0,1,66,0,0,0,1,0,0,0,nan,nan,nan,nan,nan,nan,nan
1385,1,5,4,0,0,0,1,66,0,0,0,0,0,0,0,nan,nan,26.245652911391744,nan,nan,nan,nan
1386,1,5,4,0,0,0,1,66,0,0,0,0,0,0,0,nan,nan,nan,nan,nan,nan,nan
1387,1,5,4,0,0,0,1,66,0,0,0,0,0,0,0,nan,nan,nan,nan,nan,nan,nan
1388,1,5,4,0,0,0,1,66,0,0,0,0,0,0,0,nan,nan,nan,nan,nan,nan,nan
1389,1,5,4,0,0,0,1,66,0,0,0,0,0,0,0,nan,nan,nan,nan,nan,nan,nan
1390,1,5,4,0,0,0,1,66,0,0,0,0,0,0,0,nan,nan,nan,nan,nan,nan,nan
1391,1,5,4,0,0,0,1,66,0,0,0,0,0,0,0,nan,nan,nan,nan,nan,nan,nan
1392,1,5,4,0,0,0,1,66,2,0,0,0,0,0,0,37.727518890228566,nan,nan,nan,nan,nan,nan
1393,1,5,4,0,0,0,2,66,2,0,0,0,0,1,0,nan,nan,nan,nan,nan,11.544298137274836,nan
1394,1,5,5,0,0,0,2,66,0,0,0,0,0,1,0,nan,27.309950739679152,nan,nan,nan,nan,nan
1395,1,5,5,0,0,0,2,66,0,0,0,0,0,1,0,nan,nan,nan,nan,nan,nan,nan
1396,1,5,5,0,0,0,2,66,0,0,0,0,0,1,0,nan,nan,nan,nan,nan,nan,nan
1397,1,5,5,0,0,0,2,66,0,0,0,0,1,0,0,nan,nan,nan,nan,13.864731096540254,nan,nan
1398,1,5,5,0,0,0,1,67,0,0,0,0,1,0,0,nan,nan,nan,nan,nan,nan,21.016683245873082
1399,1,5,5,0,0,0,1,67,0,0,0,0,1,0,0,nan,nan,nan,nan,nan,nan,nan
1400,1,5,5,0,0,0,1,67,0,0,0,0,1,0,0,nan,nan,nan,nan,nan,nan,nan
1401,1,5,5,0,0,0,1,67,0,0,0,0,1,0,0,nan,nan,nan,nan,nan,nan,nan
1402,1,5,5,0,0,0,1,67,0,0,0,1,0,0,0,nan,nan,nan,21.694210757498922,nan,nan,nan
1403,1,5,5,0,0,0,1,67,2,0,0,1,0,0,0,10.901867024642343,nan,nan,nan,nan,nan,nan
1404,1,5,5,0,0,0,1,67,2,0,0,1,0,0,0,nan,nan,nan,nan,nan,nan,nan
1405,1,5,5,0,0,0,1,67,2,0,0,1,0,0,0,nan,nan,nan,nan,nan,nan,nan
1406,1,5,5,0,0,0,1,67,2,0,0,1,0,0,0,nan,nan,nan,nan,nan,nan,nan
1407,1,5,5,0,0,0,1,67,0,0,0,0,0,0,0,nan,12.66094383196446,21.2614640274835,nan,nan,nan,nan
1408,1,5,5,0,0,0,1,67,0,0,0,0,0,0,0,nan,nan,nan,nan,nan,nan,nan
1409,1,5,5,0,0,0,0,68,0,0,0,0,0,0,0,nan,nan,nan,nan,nan,nan,11.823260981171416
1410,1,5,5,0,0,0,0,68,0,0,0,0,0,0,0,nan,nan,nan,nan,nan,nan,nan
1411,1,5,5,0,0,0,0,68,0,0,0,0,0,0,0,nan,nan,nan,nan,nan,nan,nan
1412,1,5,5,0,0,0,1,68,0,0,0,0,1,0,0,nan,nan,nan,nan,15.155297319842475,19.09739947334333,nan
1413,1,5,5,0,0,0,1,68,0,0,0,0,1,0,0,nan,nan,nan,nan,nan,nan,nan
1414,1,5,5,0,0,0,1,68,0,0,0,0,1,0,0,nan,nan,nan,nan,nan,nan,nan
1415,1,5,5,0,0,0,1,68,0,0,0,0,1,0,0,nan,nan,nan,nan,nan,nan,nan
1416,1,5,5,0,0,0,1,68,0,0,0,0,1,0,0,nan,nan,nan,nan,nan,nan,nan
1417,1,5,5,0,0,0,1,68,0,0,0,0,1,0,0,nan,nan,nan,nan,nan,nan,nan
1418,1,5,5,0,0,0,1,68,0,0,0,0,1,0,0,nan,nan,nan,nan,nan,nan,nan
1419,1,5,5,0,0,0,1,68,0,0,0,0,1,0,0,nan,nan,nan,nan,nan,nan,nan
1420,1,5,5,0,0,0,1,68,0,0,0,0,1,0,0,nan,nan,nan,nan,nan,nan,nan
1421,1,5,5,0,0,0,1,68,0,0,0,0,1,0,0,nan,nan,nan,nan,nan,nan,nan
1422,1,5,5,0,0,0,1,68,0,0,0,0,1,0,0,nan,nan,nan,nan,nan,nan,nan
1423,1,5,5,0,0,0,1,68,0,0,0,0,1,0,0,nan,nan,nan,nan,nan,nan,nan
1424,1,5,5,0,0,0,1,68,0,2,0,1,0,0,0,nan,17.159934654824383,nan,22.861911842842574,nan,nan,nan
1425,1,5,5,0,0,0,1,68,0,2,0,1,0,0,0,nan,nan,nan,nan,nan,nan,nan
1426,1,4,5,0,0,0,1,68,0,0,0,0,0,0,0,nan,nan,19.583825276100242,nan,nan,nan,nan
1427,1,4,5,0,0,0,1,68,0,0,0,0,0,0,0,nan,nan,nan,nan,nan,nan,nan
1428,1,4,5,0,0,0,0,69,0,0,0,0,0,0,0,nan,nan,nan,nan,nan,nan,18.242349916137073
1429,1,4,5,0,0,0,0,69,0,0,0,0,0,0,0,nan,nan,nan,nan,nan,nan,nan
1430,1,4,5,0,0,0,0,69,0,0,0,0,0,0,0,nan,nan,nan,nan,nan,nan,nan
1431,1,4,5,0,0,0,0,69,0,0,0,0,0,0,0,nan,nan,nan,nan,nan,nan,nan
1432,1,5,5,0,0,0,1,69,0,0,0,0,0,1,0,28.452260266221174,nan,nan,nan,nan,19.886191889085012,nan
1433,1,5,5,0,0,0,1,69,0,0,0,0,0,1,0,nan,nan,nan,nan,nan,nan,nan
1434,1,5,5,0,0,0,1,69,0,0,0,0,0,1,0,nan,nan,nan,nan,nan,nan,nan
1435,1,5,5,0,0,0,1,69,0,0,0,0,0,1,0,nan,nan,nan,nan,nan,nan,nan
1436,1,5,5,0,0,0,1,69,0,2,0,0,1,0,0,nan,12.71324342177627,nan,nan,23.45335954913662,nan,nan
1437,1,5,5,0,0,0,1,69,0,2,0,0,1,0,0,nan,nan,nan,nan,nan,nan,nan
1438,1,5,5,0,0,0,1,69,0,2,0,0,1,0,0,nan,nan,nan,nan,nan,nan,nan
1439,1,5,5,0,0,0,1,69,0,2,0,0,1,0,0,nan,nan,nan,nan,nan,nan,nan
1440,1,5,5,0,0,0,1,69,0,2,0,0,1,0,0,nan,nan,nan,nan,nan,nan,nan
1441,1,4,5,1,0,0,0,70,0,0,0,0,1,0,0,nan,nan,14.60630795634711,nan,nan,nan,13.138106571762819
1442,1,4,5,1,0,0,0,70,0,0,0,0,1,0,0,nan,nan,nan,nan,nan,nan,nan
1443,1,4,5,1,0,0,0,70,0,0,0,0,1,0,0,nan,nan,nan,nan,nan,nan,nan
1444,1,4,5,1,0,0,0,70,0,0,0,0,1,0,0,nan,nan,nan,nan,nan,nan,nan
1445,1,4,5,1,0,0,0,70,0,0,0,0,1,0,0,nan,nan,nan,nan,nan,nan,nan
1446,1,4,5,1,0,0,0,70,0,0,0,0,1,0,0,nan,nan,nan,nan,nan,nan,nan
1447,1,4,5,1,0,0,0,70,0,0,0,0,1,0,0,nan,nan,nan,nan,nan,nan,nan
1448,1,4,5,1,0,0,0,70,0,0,0,0,1,0,0,nan,nan,nan,nan,nan,nan,nan
1449,1,4,5,1,0,0,0,70,0,0,0,0,1,0,0,nan,nan,nan,nan,nan,nan,nan
1450,1,4,5,1,0,0,0,70,0,0,0,0,1,0,0,nan,nan,nan,nan,nan,nan,nan
1451,1,4,5,1,0,0,0,70,0,2,0,0,1,0,0,nan,14.514041849729665,nan,nan,nan,nan,nan
1452,1,5,5,0,0,0,0,70,0,2,0,0,0,0,0,20.246196848639784,nan,nan,27.700874785169162,nan,nan,nan
1453,1,5,5,0,0,0,0,70,0,2,0,0,0,0,0,nan,nan,nan,nan,nan,nan,nan
1454,1,5,5,0,0,0,0,70,0,2,0,0,0,0,0,nan,nan,nan,nan,nan,nan,nan
1455,1,5,5,0,0,0,0,70,0,2,0,0,0,0,0,nan,nan,nan,nan,nan,nan,nan
1456,1,5,5,0,0,0,0,71,0,2,0,0,0,0,1,nan,nan,nan,nan,nan,nan,15.113702209081339
1457,1,5,5,0,0,0,0,71,0,2,0,0,0,0,1,nan,nan,nan,nan,nan,nan,nan
1458,1,5,5,0,0,0,0,71,0,2,0,0,0,0,1,nan,nan,nan,nan,nan,nan,nan
1459,1,5,5,0,0,0,0,71,0,2,0,0,0,0,1,nan,nan,nan,nan,nan,nan,nan
1460,1,5,5,0,0,0,0,71,0,2,0,0,0,0,1,nan,nan,nan,nan,nan,nan,nan
1461,1,5,5,0,0,0,0,71,0,2,0,0,0,0,1,nan,nan,nan,nan,nan,nan,nan
1462,1,5,5,0,0,0,0,71,0,2,0,0,0,0,1,nan,nan,nan,nan,nan,nan,nan
1463,1,5,5,0,0,0,0,71,0,2,0,0,0,0,1,nan,nan,nan,nan,nan,nan,nan
1464,1,5,5,0,0,0,0,71,0,2,0,0,0,1,0,nan,nan,nan,nan,nan,32.30942471637445,nan
1465,1,5,5,0,0,0,0,71,0,2,0,0,0,1,0,nan,nan,nan,nan,nan,nan,nan
1466,1,5,5,0,0,0,0,71,0,2,0,0,0,1,0,nan,nan,nan,nan,nan,nan,nan
1467,1,5,5,0,0,0,0,71,0,2,0,0,0,1,0,nan,nan,nan,nan,nan,nan,nan
1468,1,5,5,0,0,0,0,71,0,2,0,0,0,1,0,nan,nan,nan,nan,nan,nan,nan
1469,1,5,5,0,0,0,0,71,2,2,0,0,0,1,0,17.339114233470582,nan,nan,nan,nan,nan,nan
1470,1,5,5,0,0,0,0,71,2,2,0,0,0,1,0,nan,nan,nan,nan,nan,nan,nan
1471,1,5,5,1,0,0,0,71,0,0,0,0,0,1,0,nan,nan,29.812982302890077,nan,nan,nan,nan
1472,1,5,5,0,0,0,0,71,0,0,0,0,0,0,0,nan,nan,nan,19.910860907273445,36.051937264214075,nan,nan
1473,1,5,5,0,0,0,0,71,0,0,0,0,0,0,0,nan,nan,nan,nan,nan,nan,nan
1474,1,5,5,0,0,0,0,71,0,0,0,0,0,0,0,nan,nan,nan,nan,nan,nan,nan
1475,1,5,5,0,0,0,0,71,0,0,0,0,0,0,0,nan,nan,nan,nan,nan,nan,nan
1476,1,5,5,0,0,0,0,71,0,0,0,0,0,0,0,nan,nan,nan,nan,nan,nan,nan
1477,1,5,5,0,0,0,0,71,0,0,0,0,0,0,0,nan,nan,nan,nan,nan,nan,nan
1478,1,5,5,0,0,0,0,71,0,0,0,0,0,0,0,nan,nan,nan,nan,nan,nan,nan
1479,1,5,5,0,0,0,0,71,0,0,0,0,0,0,0,nan,nan,nan,nan,nan,nan,nan
1480,1,5,5,0,1,0,0,71,0,0,0,1,0,0,0,nan,nan,nan,8.110698572217416,nan,nan,nan
1481,1,5,5,0,1,0,0,71,0,0,0,1,0,0,0,nan,nan,nan,nan,nan,nan,nan
1482,1,5,5,0,1,0,0,71,0,0,0,1,0,0,0,nan,nan,nan,nan,nan,nan,nan
1483,1,5,5,0,1,0,0,71,0,0,0,1,0,0,0,nan,nan,nan,nan,nan,nan,nan
1484,1,5,5,0,1,0,1,71,0,0,0,1,0,1,0,nan,nan,nan,nan,nan,20.29213924150531,nan
1485,1,5,5,0,1,0,1,71,0,0,0,1,0,1,0,nan,nan,nan,nan,nan,nan,nan
1486,1,5,5,0,1,0,1,71,0,0,0,1,0,1,0,nan,nan,nan,nan,nan,nan,nan
1487,1,5,5,0,0,0,0,72,0,0,0,1,0,0,0,nan,nan,nan,nan,15.002890588539685,nan,31.641654090456313
1488,1,5,5,0,0,0,0,72,2,0,0,1,0,0,0,18.377358965989515,nan,nan,nan,nan,nan,nan
1489,1,5,5,0,0,0,0,72,2,0,0,1,0,0,0,nan,nan,nan,nan,nan,nan,nan
1490,1,5,5,0,0,0,0,72,2,0,0,1,0,0,0,nan,nan,nan,nan,nan,nan,nan
1491,1,5,5,0,0,0,0,72,2,0,0,1,0,0,0,nan,nan,nan,nan,nan,nan,nan
1492,1,5,5,0,0,0,0,72,2,0,0,1,0,0,0,nan,nan,nan,nan,nan,nan,nan
1493,1,5,5,0,0,0,0,72,2,0,0,1,0,0,0,nan,nan,nan,nan,nan,nan,nan
1494,1,5,5,0,0,0,0,72,2,0,0,1,0,0,0,nan,nan,nan,nan,nan,nan,nan
1495,1,5,5,0,0,0,0,72,2,0,0,1,0,0,0,nan,nan,nan,nan,nan,nan,nan
1496,1,5,5,0,0,0,0,72,2,0,0,1,0,0,0,nan,nan,nan,nan,nan,nan,nan
1497,1,5,5,0,0,1,0,72,2,0,0,1,1,0,0,nan,nan,nan,nan,10.497584375421866,nan,nan
1498,1,5,5,0,0,1,0,72,2,2,0,1,1,0,0,nan,47.33377813902325,nan,nan,nan,nan,nan
1499,1,5,5,0,0,1,0,72,2,2,0,1,1,0,0,nan,nan,nan,nan,nan,nan,nan
1500,1,5,5,0,0,1,0,72,2,2,0,1,1,0,0,nan,nan,nan,nan,nan,nan,nan
1501,1,5,5,0,0,1,0,72,2,2,0,1,1,0,0,nan,nan,nan,nan,nan,nan,nan
1502,1,5,5,0,0,1,0,72,2,2,0,1,1,0,0,nan,nan,nan,nan,nan,nan,nan
1503,1,5,5,0,0,1,0,73,2,2,0,1,1,0,1,nan,nan,nan,nan,nan,nan,15.087015357047221
1504,1,5,5,0,0,1,0,73,2,2,0,1,1,0,1,nan,nan,nan,nan,nan,nan,nan
1505,1,5,5,0,0,1,0,73,2,2,0,1,1,0,1,nan,nan,nan,nan,nan,nan,nan
1506,1,5,5,0,0,1,0,73,2,2,0,1,1,0,1,nan,nan,nan,nan,nan,nan,nan
1507,1,5,5,0,0,1,0,73,0,0,0,0,1,0,1,nan,nan,35.9566199597507,nan,nan,nan,nan
1508,1,5,5,0,0,1,0,73,0,0,0,0,1,0,1,nan,nan,nan,nan,nan,nan,nan
1509,1,5,5,0,0,1,0,73,0,0,0,0,1,0,1,nan,nan,nan,nan,nan,nan,nan
1510,1,5,5,0,0,1,0,73,0,0,0,0,1,0,1,nan,nan,nan,nan,nan,nan,nan
1511,1,5,5,0,0,1,0,73,0,0,0,0,1,0,1,nan,nan,nan,nan,nan,nan,nan
1512,1,5,5,0,0,1,0,73,0,0,0,0,1,0,1,nan,nan,nan,nan,nan,nan,nan
1513,1,5,5,0,0,1,0,73,0,0,0,0,1,0,1,nan,nan,nan,nan,nan,nan,nan
1514,1,5,5,0,0,0,0,73,0,0,0,0,1,0,0,nan,nan,nan,nan,nan,29.86123192338937,nan
1515,1,5,5,0,0,0,0,73,0,0,0,0,1,0,0,nan,nan,nan,nan,nan,nan,nan
1516,1,5,5,0,0,0,0,73,0,0,0,0,1,0,0,nan,nan,nan,nan,nan,nan,nan
1517,1,5,5,0,0,0,0,73,0,0,0,0,1,0,0,nan,nan,nan,nan,nan,nan,nan
1518,1,5,5,0,0,0,0,73,0,0,0,0,1,0,0,nan,nan,nan,nan,nan,nan,nan
1519,1,5,5,0,0,0,0,73,0,0,0,0,1,0,0,nan,nan,nan,nan,nan,nan,nan
1520,1,5,5,0,0,0,0,73,0,2,0,0,1,0,0,nan,21.727915551350634,nan,nan,nan,nan,nan
1521,1,5,5,0,0,0,0,73,0,2,0,1,0,0,0,nan,nan,nan,40.74326588625536,nan,nan,nan
1522,1,5,5,0,0,0,0,73,0,2,0,1,0,0,0,nan,nan,nan,nan,nan,nan,nan
1523,1,5,5,0,0,0,0,73,0,2,0,1,0,0,0,nan,nan,nan,nan,nan,nan,nan
1524,1,4,5,0,0,0,0,73,0,0,0,0,0,0,0,nan,nan,17.539683085436764,nan,nan,nan,nan
1525,1,4,5,0,0,0,0,73,0,0,0,0,0,0,0,nan,nan,nan,nan,nan,nan,nan
1526,1,4,5,0,0,0,0,73,0,0,0,0,0,0,0,nan,nan,nan,nan,nan,nan,nan
1527,1,4,5,0,0,0,0,73,0,0,0,0,0,0,0,nan,nan,nan,nan,nan,nan,nan
1528,1,4,5,0,0,0,0,74,0,0,0,0,0,0,1,nan,nan,nan,nan,nan,nan,25.03645677940608
1529,1,4,5,0,0,0,0,74,0,0,0,0,0,0,1,nan,nan,nan,nan,nan,nan,nan
1530,1,5,5,0,0,0,0,74,0,0,0,0,0,0,1,42.647215837278964,nan,nan,nan,nan,nan,nan
1531,1,5,5,0,0,0,0,74,0,0,0,0,0,0,1,nan,nan,nan,nan,nan,nan,nan
1532,1,5,5,0,0,0,0,74,0,0,0,0,0,0,1,nan,nan,nan,nan,nan,nan,nan
1533,1,5,5,0,0,0,0,74,0,0,0,0,0,0,1,nan,nan,nan,nan,nan,nan,nan
1534,1,5,5,0,0,0,0,74,0,0,0,0,0,0,1,nan,nan,nan,nan,nan,nan,nan
1535,1,5,5,0,1,0,0,74,0,0,0,1,0,0,1,nan,nan,nan,14.156818944268025,nan,nan,nan
1536,1,5,5,0,1,0,0,74,0,0,0,1,0,0,1,nan,nan,nan,nan,nan,nan,nan
1537,1,5,5,0,1,0,0,74,0,0,0,1,0,0,1,nan,nan,nan,nan,nan,nan,nan
1538,1,5,5,0,1,0,0,74,0,0,0,1,0,0,1,nan,nan,nan,nan,nan,nan,nan
1539,1,5,5,0,1,0,0,74,0,0,0,1,0,0,1,nan,nan,nan,nan,nan,nan,nan
1540,1,5,5,0,1,0,0,74,0,0,0,1,0,0,1,nan,nan,nan,nan,nan,nan,nan
1541,1,5,5,0,1,0,0,74,0,0,0,1,0,1,0,nan,nan,nan,nan,nan,26.299099878693596,nan
1542,1,5,4,0,0,0,0,74,0,0,0,0,0,0,0,nan,nan,17.906743701488494,nan,44.419783470441416,nan,nan
1543,1,5,4,0,0,0,0,74,0,0,0,0,0,0,0,nan,nan,nan,nan,nan,nan,nan
1544,1,5,4,0,0,0,0,74,0,0,0,0,0,0,0,nan,nan,nan,nan,nan,nan,nan
1545,1,5,4,0,0,0,0,74,0,0,0,0,0,0,0,nan,nan,nan,nan,nan,nan,nan
1546,1,5,4,0,0,0,0,74,2,0,0,0,0,0,0,15.830742292315335,nan,nan,nan,nan,nan,nan
1547,1,5,4,0,0,0,0,74,2,0,0,0,0,0,0,nan,nan,nan,nan,nan,nan,nan
1548,1,5,4,0,0,0,0,74,2,0,0,0,0,0,0,nan,nan,nan,nan,nan,nan,nan
1549,1,5,4,0,0,0,0,74,2,0,0,0,0,0,0,nan,nan,nan,nan,nan,nan,nan
1550,1,5,5,0,0,0,0,74,0,0,0,0,0,0,0,nan,30.36334128536305,nan,nan,nan,nan,nan
1551,1,5,5,0,0,1,0,74,0,0,0,0,1,0,0,nan,nan,nan,nan,9.08736352177607,nan,nan
1552,1,5,5,0,0,1,0,74,0,0,0,0,1,0,0,nan,nan,nan,nan,nan,nan,nan
1553,1,5,5,0,0,1,0,74,0,0,0,0,1,0,0,nan,nan,nan,nan,nan,nan,nan
1554,1,5,5,0,0,1,0,74,0,0,0,0,1,0,0,nan,nan,nan,nan,nan,nan,nan
1555,1,5,5,0,0,1,0,74,0,0,0,0,1,0,0,nan,nan,nan,nan,nan,nan,nan
1556,1,5,5,0,0,1,0,75,0,0,0,0,1,0,1,nan,nan,nan,nan,nan,nan,28.198983232898172
1557,1,5,5,0,0,1,0,75,0,0,0,1,0,0,1,nan,nan,nan,22.1085610285229,nan,nan,nan
1558,1,5,5,0,0,0,0,75,0,0,0,1,0,0,0,nan,nan,nan,nan,nan,17.138443838756984,nan
1559,1,5,5,0,0,0,0,75,0,0,0,1,0,0,0,nan,nan,nan,nan,nan,nan,nan
1560,1,5,4,0,0,0,0,75,0,0,0,0,0,0,0,nan,nan,17.813139986276155,nan,nan,nan,nan
1561,1,5,4,0,0,0,0,75,0,0,0,0,0,0,0,nan,nan,nan,nan,nan,nan,nan
1562,1,5,4,0,0,0,0,75,0,0,0,0,0,0,0,nan,nan,nan,nan,nan,nan,nan
1563,1,5,4,0,0,0,0,75,0,0,0,0,0,0,0,nan,nan,nan,nan,nan,nan,nan
1564,1,5,4,0,0,0,0,75,0,0,0,0,0,0,0,nan,nan,nan,nan,nan,nan,nan
1565,1,5,4,0,0,0,0,75,2,0,0,0,0,0,0,18.84091229211913,nan,nan,nan,nan,nan,nan
1566,1,5,4,0,0,0,0,75,2,0,0,0,0,0,0,nan,nan,nan,nan,nan,nan,nan
1567,1,5,4,0,0,0,0,75,2,0,0,0,0,0,0,nan,nan,nan,nan,nan,nan,nan
1568,1,5,4,0,0,0,1,75,2,0,0,0,0,1,0,nan,nan,nan,nan,nan,9.992203845374206,nan
1569,1,5,4,0,1,0,1,75,2,0,0,1,0,1,0,nan,nan,nan,12.26067273412741,nan,nan,nan
1570,1,5,5,0,1,0,1,75,0,0,0,1,0,1,0,nan,19.699566036873648,nan,nan,nan,nan,nan
1571,1,5,5,0,1,0,1,75,0,0,0,1,0,1,0,nan,nan,nan,nan,nan,nan,nan
1572,1,5,5,0,1,0,0,76,0,0,0,1,0,1,0,nan,nan,nan,nan,nan,nan,16.27229630611123
1573,1,5,5,0,1,0,0,76,0,0,0,1,0,1,0,nan,nan,nan,nan,nan,nan,nan
1574,1,5,5,0,1,0,0,76,0,0,0,1,0,1,0,nan,nan,nan,nan,nan,nan,nan
1575,1,5,5,0,1,0,0,76,0,0,0,1,0,1,0,nan,nan,nan,nan,nan,nan,nan
1576,1,5,5,0,1,0,0,76,0,0,0,1,0,1,0,nan,nan,nan,nan,nan,nan,nan
1577,1,5,5,0,1,0,0,76,0,0,0,1,0,1,0,nan,nan,nan,nan,nan,nan,nan
1578,1,5,5,0,1,0,0,76,0,0,0,1,0,1,0,nan,nan,nan,nan,nan,nan,nan
1579,1,5,5,0,0,0,0,76,0,0,0,1,0,0,0,nan,nan,nan,nan,28.210554707346546,nan,nan
1580,1,5,5,0,0,0,0,76,0,0,0,1,0,0,0,nan,nan,nan,nan,nan,nan,nan
1581,1,5,5,0,0,0,0,76,0,0,0,1,0,0,0,nan,nan,nan,nan,nan,nan,nan
1582,1,5,5,0,0,0,0,76,0,0,0,1,0,0,0,nan,nan,nan,nan,nan,nan,nan
1583,1,5,4,0,0,0,0,76,0,0,0,0,0,0,0,nan,nan,23.306303044877723,nan,nan,nan,nan
1584,1,5,4,0,0,0,0,76,0,0,0,0,0,0,0,nan,nan,nan,nan,nan,nan,nan
1585,1,5,4,0,0,0,0,76,0,0,0,0,0,0,0,nan,nan,nan,nan,nan,nan,nan
1586,1,5,4,0,0,0,0,77,0,0,0,0,0,0,1,nan,nan,nan,nan,nan,nan,13.816742806583306
1587,1,5,4,0,0,0,0,77,0,0,0,0,0,0,1,nan,nan,nan,nan,nan,nan,nan
1588,1,5,4,0,0,0,0,77,0,0,0,0,0,0,1,nan,nan,nan,nan,nan,nan,nan
1589,1,5,4,0,0,0,0,77,0,0,0,0,0,0,1,nan,nan,nan,nan,nan,nan,nan
1590,1,5,4,0,0,0,0,77,0,0,0,0,0,1,0,nan,nan,nan,nan,nan,22.295630112459094,nan
1591,1,5,4,0,0,0,0,77,0,0,0,0,0,1,0,nan,nan,nan,nan,nan,nan,nan
1592,1,5,4,0,0,0,0,77,0,0,0,0,0,1,0,nan,nan,nan,nan,nan,nan,nan
1593,1,5,4,0,0,0,0,77,0,0,0,0,1,0,0,nan,nan,nan,nan,14.228307224595028,nan,nan
1594,1,5,4,0,0,0,0,77,0,0,0,0,1,0,0,nan,nan,nan,nan,nan,nan,nan
1595,1,5,4,0,0,0,0,77,0,0,0,0,1,0,0,nan,nan,nan,nan,nan,nan,nan
1596,1,5,5,0,0,0,0,77,0,0,0,0,1,0,0,30.75815099731085,25.914559294595165,nan,nan,nan,nan,nan
1597,1,5,5,0,0,0,0,77,0,0,0,0,1,0,0,nan,nan,nan,nan,nan,nan,nan
1598,1,5,5,0,0,0,0,77,0,0,0,0,1,0,0,nan,nan,nan,nan,nan,nan,nan
1599,1,5,4,1,0,0,0,77,0,0,0,0,1,0,0,nan,nan,15.327529309638749,nan,nan,nan,nan
1600,1,5,4,1,0,0,0,77,0,0,0,0,1,0,0,nan,nan,nan,nan,nan,nan,nan
1601,1,5,4,1,0,0,0,78,0,0,0,0,1,0,1,nan,nan,nan,nan,nan,nan,14.911571177470705
1602,1,5,4,1,0,0,0,78,0,0,0,0,1,0,1,nan,nan,nan,nan,nan,nan,nan
1603,1,5,4,1,0,0,0,78,0,0,0,0,1,0,1,nan,nan,nan,nan,nan,nan,nan
1604,1,5,4,0,0,0,0,78,0,0,0,0,0,0,1,nan,nan,nan,34.307829262470705,nan,nan,nan
1605,1,5,4,0,0,0,0,78,2,0,0,0,0,0,1,8.929604382363095,nan,nan,nan,nan,nan,nan
1606,1,5,4,0,0,0,0,78,2,0,0,0,0,0,1,nan,nan,nan,nan,nan,nan,nan
1607,1,5,4,0,0,0,0,78,2,0,0,0,0,0,1,nan,nan,nan,nan,nan,nan,nan
1608,1,5,4,0,0,0,0,78,2,0,0,0,0,0,1,nan,nan,nan,nan,nan,nan,nan
1609,1,5,4,0,0,0,0,78,2,0,0,0,0,0,1,nan,nan,nan,nan,nan,nan,nan
1610,1,5,4,0,0,0,0,78,2,0,0,0,0,1,0,nan,nan,nan,nan,nan,20.386232980967634,nan
1611,1,5,4,0,0,0,0,78,2,0,0,0,0,1,0,nan,nan,nan,nan,nan,nan,nan
1612,1,5,4,0,0,0,0,78,2,0,0,0,0,1,0,nan,nan,nan,nan,nan,nan,nan
1613,1,5,5,0,0,0,0,78,0,0,0,0,0,1,0,nan,17.209725239603586,nan,nan,nan,nan,nan
1614,1,5,5,0,0,0,0,78,0,0,0,0,0,1,0,nan,nan,nan,nan,nan,nan,nan
1615,1,5,5,0,0,0,0,78,0,0,0,0,0,1,0,nan,nan,nan,nan,nan,nan,nan
1616,1,5,5,0,0,0,0,78,0,0,0,0,0,1,0,nan,nan,nan,nan,nan,nan,nan
1617,1,5,5,0,0,0,0,78,0,0,0,0,0,1,0,nan,nan,nan,nan,nan,nan,nan
1618,1,5,5,0,0,0,0,78,0,0,0,0,0,1,0,nan,nan,nan,nan,nan,nan,nan
1619,1,5,5,0,0,0,0,78,0,0,0,0,0,1,0,nan,nan,nan,nan,nan,nan,nan
1620,1,5,5,0,0,0,0,78,0,0,0,0,0,1,0,nan,nan,nan,nan,nan,nan,nan
1621,1,5,5,0,0,0,0,78,0,0,0,0,1,0,0,nan,nan,nan,nan,27.661388360164892,nan,nan
1622,1,5,4,1,0,0,0,78,0,0,0,0,1,0,0,nan,nan,23.355084080368442,nan,nan,nan,nan
1623,1,5,4,1,0,0,0,78,0,0,0,0,1,0,0,nan,nan,nan,nan,nan,nan,nan
1624,1,5,4,1,0,0,0,78,0,0,0,0,1,0,0,nan,nan,nan,nan,nan,nan,nan
1625,1,5,4,1,0,0,0,78,0,0,0,0,1,0,0,nan,nan,nan,nan,nan,nan,nan
1626,1,5,4,1,0,0,0,78,0,0,0,0,1,0,0,nan,nan,nan,nan,nan,nan,nan
1627,1,5,4,1,0,0,0,78,2,0,0,0,1,0,0,22.717760605562717,nan,nan,nan,nan,nan,nan
1628,1,5,5,1,0,0,0,78,0,0,0,0,1,0,0,nan,15.04914058517079,nan,nan,nan,nan,nan
1629,1,5,5,1,0,0,0,78,0,0,0,0,1,0,0,nan,nan,nan,nan,nan,nan,nan
1630,1,5,5,1,0,0,0,79,0,0,0,0,1,0,1,nan,nan,nan,nan,nan,nan,29.628822401754178
1631,1,5,5,1,0,0,0,79,0,0,0,0,1,0,1,nan,nan,nan,nan,nan,nan,nan
1632,1,5,5,1,0,0,0,79,0,0,0,0,1,1,0,nan,nan,nan,nan,nan,22.050522713357623,nan
1633,1,5,5,1,0,0,0,79,0,0,0,0,1,1,0,nan,nan,nan,nan,nan,nan,nan
1634,1,5,5,0,0,0,0,79,0,0,0,0,0,1,0,nan,nan,nan,30.641208112124332,nan,nan,nan
1635,1,5,5,0,0,0,0,79,0,0,0,0,0,1,0,nan,nan,nan,nan,nan,nan,nan
1636,1,5,5,0,0,0,0,79,0,0,0,0,0,1,0,nan,nan,nan,nan,nan,nan,nan
1637,1,5,5,0,0,0,0,79,0,0,0,0,0,1,0,nan,nan,nan,nan,nan,nan,nan
1638,1,5,5,0,0,0,0,79,0,0,0,0,0,1,0,nan,nan,nan,nan,nan,nan,nan
1639,1,5,5,0,0,0,0,79,0,0,0,0,0,1,0,nan,nan,nan,nan,nan,nan,nan
1640,1,5,5,0,0,0,0,79,0,2,0,0,0,1,0,nan,11.859873817715425,nan,nan,nan,nan,nan
1641,1,5,5,0,0,0,0,79,0,2,0,0,0,1,0,nan,nan,nan,nan,nan,nan,nan
1642,1,5,5,0,0,0,0,79,0,2,0,0,0,1,0,nan,nan,nan,nan,nan,nan,nan
1643,1,5,5,0,0,0,0,79,0,2,0,0,0,1,0,nan,nan,nan,nan,nan,nan,nan
1644,1,5,5,0,0,0,0,79,0,2,0,0,0,1,0,nan,nan,nan,nan,nan,nan,nan
1645,1,4,5,1,0,0,0,79,0,0,0,0,0,1,0,nan,nan,22.980863296098505,nan,nan,nan,nan
1646,1,4,5,1,0,0,0,80,0,0,0,0,0,1,1,nan,nan,nan,nan,nan,nan,15.10488712516917
1647,1,4,5,1,0,0,0,80,0,0,0,0,0,1,1,nan,nan,nan,nan,nan,nan,nan
1648,1,4,5,1,0,0,0,80,0,0,0,0,0,1,1,nan,nan,nan,nan,nan,nan,nan
1649,1,4,5,1,0,0,0,80,0,0,0,0,0,1,1,nan,nan,nan,nan,nan,nan,nan
1650,1,4,5,0,1,0,0,80,0,0,0,0,0,1,1,nan,nan,nan,15.218270857541711,nan,nan,nan
1651,1,4,5,0,1,0,0,80,0,0,0,0,0,1,1,nan,nan,nan,nan,nan,nan,nan
1652,1,4,5,0,1,0,0,80,0,0,0,0,0,1,1,nan,nan,nan,nan,nan,nan,nan
1653,1,4,5,0,1,0,0,80,0,0,0,0,0,1,1,nan,nan,nan,nan,nan,nan,nan
1654,1,4,5,0,1,0,0,80,0,0,0,0,0,1,1,nan,nan,nan,nan,nan,nan,nan
1655,1,4,5,0,1,0,0,80,0,0,0,0,0,1,1,nan,nan,nan,nan,nan,nan,nan
1656,1,4,5,0,1,0,0,80,0,0,0,0,0,1,1,nan,nan,nan,nan,nan,nan,nan
1657,1,4,5,0,0,0,0,80,0,2,0,0,0,0,1,nan,17.152233520743266,nan,nan,35.77405165090045,nan,nan
1658,1,4,5,0,0,0,0,80,0,2,0,0,0,0,1,nan,nan,nan,nan,nan,nan,nan
1659,1,4,5,0,0,0,0,80,0,2,0,0,0,0,1,nan,nan,nan,nan,nan,nan,nan
1660,1,4,5,0,1,0,0,80,0,2,0,1,0,0,1,nan,nan,nan,10.311069576790942,nan,nan,nan
1661,1,4,5,0,1,0,0,80,0,2,0,1,0,0,1,nan,nan,nan,nan,nan,nan,nan
1662,1,5,5,0,1,0,0,80,0,2,0,1,0,0,1,34.604485888106865,nan,nan,nan,nan,nan,nan
1663,1,5,5,0,1,0,0,80,0,2,0,1,0,0,1,nan,nan,nan,nan,nan,nan,nan
1664,1,5,5,0,1,0,0,80,0,2,0,1,0,0,1,nan,nan,nan,nan,nan,nan,nan
1665,1,5,5,0,1,0,0,80,0,2,0,1,0,0,1,nan,nan,nan,nan,nan,nan,nan
1666,1,5,5,0,1,0,0,80,0,2,0,1,0,0,1,nan,nan,nan,nan,nan,nan,nan
1667,1,5,5,0,1,0,0,80,0,2,0,1,0,0,1,nan,nan,nan,nan,nan,nan,nan
1668,1,5,5,0,1,0,0,80,0,2,0,1,0,0,1,nan,nan,nan,nan,nan,nan,nan
1669,1,5,5,0,1,0,0,80,0,2,0,1,0,0,1,nan,nan,nan,nan,nan,nan,nan
1670,1,5,5,0,1,0,0,80,0,2,0,1,0,1,0,nan,nan,nan,nan,nan,37.71049529224683,nan
1671,1,5,5,0,1,0,0,80,0,2,0,1,0,1,0,nan,nan,nan,nan,nan,nan,nan
1672,1,5,5,0,1,0,0,80,0,2,0,1,0,1,0,nan,nan,nan,nan,nan,nan,nan
1673,1,5,5,0,1,0,0,80,0,2,0,1,0,1,0,nan,nan,nan,nan,nan,nan,nan
1674,1,5,5,0,1,0,0,80,2,2,0,1,0,1,0,11.470146736456172,nan,nan,nan,nan,nan,nan
1675,1,5,5,0,1,0,0,80,0,0,0,0,0,1,0,nan,nan,30.135113908959966,nan,nan,nan,nan
1676,1,5,5,0,1,0,0,80,0,0,0,0,0,1,0,nan,nan,nan,nan,nan,nan,nan
1677,1,5,5,0,1,0,0,80,0,0,0,0,0,1,0,nan,nan,nan,nan,nan,nan,nan
1678,1,5,5,0,1,0,0,80,0,0,0,0,0,1,0,nan,nan,nan,nan,nan,nan,nan
1679,1,5,5,0,1,0,0,80,0,0,0,0,0,1,0,nan,nan,nan,nan,nan,nan,nan
1680,1,5,5,0,1,0,0,80,0,0,0,0,0,1,0,nan,nan,nan,nan,nan,nan,nan
1681,1,5,5,0,1,0,0,80,0,0,0,0,0,1,0,nan,nan,nan,nan,nan,nan,nan
1682,1,5,5,0,1,0,0,80,0,0,0,0,0,1,0,nan,nan,nan,nan,nan,nan,nan
1683,1,5,5,0,0,0,0,80,0,0,0,0,0,0,0,nan,nan,nan,nan,26.50831076678537,nan,nan
1684,1,5,5,0,0,0,0,80,0,0,0,0,0,0,0,nan,nan,nan,nan,nan,nan,nan
1685,1,5,5,0,0,0,0,80,0,0,0,0,0,0,0,nan,nan,nan,nan,nan,nan,nan
1686,1,5,5,0,0,0,0,80,0,2,0,0,0,0,0,nan,29.24246665705573,nan,nan,nan,nan,nan
1687,1,5,5,0,0,0,0,80,2,2,0,0,0,0,0,13.265352826663047,nan,nan,nan,nan,nan,nan
1688,1,5,5,0,0,0,0,80,2,2,0,0,0,0,0,nan,nan,nan,nan,nan,nan,nan
1689,1,5,5,1,0,0,0,80,0,0,0,0,0,0,0,nan,nan,13.910385697023912,nan,nan,nan,nan
1690,1,5,5,1,0,0,0,80,0,0,0,0,0,0,0,nan,nan,nan,nan,nan,nan,nan
1691,1,5,5,1,0,0,0,81,0,0,0,0,0,0,1,nan,nan,nan,nan,nan,nan,45.27820309050912
1692,1,5,5,0,1,0,0,81,0,0,0,0,0,0,1,nan,nan,nan,31.780780247268694,nan,nan,nan
1693,1,5,5,0,1,0,0,81,0,0,0,0,0,0,1,nan,nan,nan,nan,nan,nan,nan
1694,1,5,5,0,1,0,0,81,0,0,0,0,0,0,1,nan,nan,nan,nan,nan,nan,nan
1695,1,5,5,0,1,0,0,81,0,0,0,0,0,0,1,nan,nan,nan,nan,nan,nan,nan
1696,1,5,5,0,1,0,0,81,0,0,0,0,0,0,1,nan,nan,nan,nan,nan,nan,nan
1697,1,5,5,0,1,0,0,81,0,0,0,0,0,0,1,nan,nan,nan,nan,nan,nan,nan
1698,1,5,5,0,1,0,0,81,0,0,0,0,0,0,1,nan,nan,nan,nan,nan,nan,nan
1699,1,5,5,0,1,0,0,81,0,0,0,0,0,0,1,nan,nan,nan,nan,nan,nan,nan
1700,1,5,5,0,1,0,0,81,0,0,0,0,0,0,1,nan,nan,nan,nan,nan,nan,nan
1701,1,5,5,0,1,0,0,81,0,0,0,0,0,0,1,nan,nan,nan,nan,nan,nan,nan
1702,1,5,5,0,1,0,0,81,0,0,0,0,0,0,1,nan,nan,nan,nan,nan,nan,nan
1703,1,5,5,0,1,0,0,81,0,0,0,0,0,0,1,nan,nan,nan,nan,nan,nan,nan
1704,1,5,5,0,1,0,0,81,0,0,0,0,0,0,1,nan,nan,nan,nan,nan,nan,nan
1705,1,5,5,0,1,0,0,81,0,0,0,0,0,1,0,nan,nan,nan,nan,nan,35.23210912343666,nan
1706,1,5,5,0,2,0,0,81,0,0,0,1,0,1,0,nan,nan,nan,14.606094464198577,nan,nan,nan
1707,1,5,5,0,2,0,0,81,0,2,0,1,0,1,0,nan,20.216660612635224,nan,nan,nan,nan,nan
1708,1,5,5,0,1,0,0,81,0,2,0,1,0,0,0,nan,nan,nan,nan,25.023160338622574,nan,nan
1709,1,5,5,0,1,0,0,81,0,2,0,1,0,0,0,nan,nan,nan,nan,nan,nan,nan
1710,1,5,5,0,1,0,0,81,0,2,0,1,0,0,0,nan,nan,nan,nan,nan,nan,nan
1711,1,5,5,0,1,0,0,81,0,2,0,1,0,0,0,nan,nan,nan,nan,nan,nan,nan
1712,1,5,5,0,1,0,0,81,0,2,0,1,0,0,0,nan,nan,nan,nan,nan,nan,nan
1713,1,5,5,0,1,0,0,81,0,2,0,1,0,0,0,nan,nan,nan,nan,nan,nan,nan
1714,1,5,5,0,1,0,0,81,0,2,0,1,0,0,0,nan,nan,nan,nan,nan,nan,nan
1715,1,4,5,0,1,0,0,81,0,0,0,0,0,0,0,nan,nan,26.40891099126361,nan,nan,nan,nan
1716,1,5,5,0,1,0,0,81,0,0,0,0,0,0,0,29.547225482804606,nan,nan,nan,nan,nan,nan
1717,1,5,5,0,1,0,0,81,0,0,0,0,0,0,0,nan,nan,nan,nan,nan,nan,nan
1718,1,5,5,0,1,0,0,81,0,0,0,0,0,0,0,nan,nan,nan,nan,nan,nan,nan
1719,1,5,5,0,1,0,0,81,0,0,0,0,0,0,0,nan,nan,nan,nan,nan,nan,nan
1720,1,5,5,0,1,0,0,81,0,0,0,0,0,0,0,nan,nan,nan,nan,nan,nan,nan
1721,1,5,5,0,1,0,0,81,0,0,0,0,0,0,0,nan,nan,nan,nan,nan,nan,nan
1722,1,5,5,0,1,0,0,81,0,0,0,0,0,0,0,nan,nan,nan,nan,nan,nan,nan
1723,1,5,5,0,1,0,0,81,0,0,0,0,0,0,0,nan,nan,nan,nan,nan,nan,nan
1724,1,5,5,0,1,0,0,81,0,0,0,0,0,0,0,nan,nan,nan,nan,nan,nan,nan
1725,1,5,5,0,1,0,0,82,0,0,0,0,0,0,1,nan,nan,nan,nan,nan,nan,34.06366323219163
1726,1,5,5,0,1,0,0,82,0,0,0,0,0,0,1,nan,nan,nan,nan,nan,nan,nan
1727,1,5,5,0,1,0,0,82,0,0,0,0,0,0,1,nan,nan,nan,nan,nan,nan,nan
1728,1,5,5,0,1,0,0,82,0,0,0,0,0,0,1,nan,nan,nan,nan,nan,nan,nan
1729,1,5,5,0,1,0,0,82,0,0,0,0,0,0,1,nan,nan,nan,nan,nan,nan,nan
1730,1,5,5,0,1,0,0,82,0,0,0,0,0,0,1,nan,nan,nan,nan,nan,nan,nan
1731,1,5,5,0,1,0,0,82,0,0,0,0,0,0,1,nan,nan,nan,nan,nan,nan,nan
1732,1,5,5,0,1,0,0,82,0,2,0,0,0,0,1,nan,25.501687529757874,nan,nan,nan,nan,nan
1733,1,5,5,0,1,0,0,82,0,2,0,0,0,0,1,nan,nan,nan,nan,nan,nan,nan
1734,1,5,5,0,0,1,0,82,2,2,0,0,0,0,1,17.83141763993217,nan,nan,nan,25.463995775163085,nan,nan
1735,1,5,5,0,0,1,0,82,2,2,0,0,0,0,1,nan,nan,nan,nan,nan,nan,nan
1736,1,5,5,0,0,1,0,82,2,2,0,0,0,0,1,nan,nan,nan,nan,nan,nan,nan
1737,1,5,5,0,0,1,0,82,2,2,0,0,0,0,1,nan,nan,nan,nan,nan,nan,nan
1738,1,5,5,0,1,1,0,82,2,2,0,1,0,0,1,nan,nan,nan,31.67375687318031,nan,nan,nan
1739,1,5,5,0,1,1,0,82,2,2,0,1,0,0,1,nan,nan,nan,nan,nan,nan,nan
1740,1,5,5,0,1,1,0,82,2,2,0,1,0,0,1,nan,nan,nan,nan,nan,nan,nan
1741,1,5,5,0,1,0,0,82,2,2,0,1,0,0,0,nan,nan,nan,nan,nan,35.272354669895094,nan
1742,1,5,5,0,1,0,0,82,2,2,0,1,0,0,0,nan,nan,nan,nan,nan,nan,nan
1743,1,5,5,0,1,0,0,82,2,2,0,1,0,0,0,nan,nan,nan,nan,nan,nan,nan
1744,1,5,5,0,1,0,0,82,2,2,0,1,0,0,0,nan,nan,nan,nan,nan,nan,nan
1745,1,5,5,0,0,1,0,82,0,0,0,0,0,0,0,nan,nan,29.202167885398012,nan,10.974557246818904,nan,nan
1746,1,5,5,0,0,1,0,82,0,0,0,0,0,0,0,nan,nan,nan,nan,nan,nan,nan
1747,1,5,5,0,0,1,0,82,0,0,0,0,0,0,0,nan,nan,nan,nan,nan,nan,nan
1748,1,5,5,0,0,1,0,82,0,0,0,0,0,0,0,nan,nan,nan,nan,nan,nan,nan
1749,1,5,5,0,0,1,0,82,0,0,0,0,0,0,0,nan,nan,nan,nan,nan,nan,nan
1750,1,5,5,0,0,1,0,82,0,0,0,0,0,0,0,nan,nan,nan,nan,nan,nan,nan
1751,1,5,5,0,0,1,0,82,0,0,0,0,0,0,0,nan,nan,nan,nan,nan,nan,nan
1752,1,5,5,0,0,1,0,82,0,0,0,0,0,0,0,nan,nan,nan,nan,nan,nan,nan
1753,1,5,5,0,0,1,0,82,0,0,0,0,0,0,0,nan,nan,nan,nan,nan,nan,nan
1754,1,5,5,0,0,1,0,82,0,0,0,0,0,0,0,nan,nan,nan,nan,nan,nan,nan
1755,1,5,5,0,0,1,0,82,0,0,0,0,0,0,0,nan,nan,nan,nan,nan,nan,nan
1756,1,5,5,0,0,1,0,82,0,0,0,0,0,0,0,nan,nan,nan,nan,nan,nan,nan
1757,1,5,5,0,0,1,0,82,0,0,0,0,0,0,0,nan,nan,nan,nan,nan,nan,nan
1758,1,5,5,0,1,1,0,83,0,0,0,1,0,0,1,nan,nan,nan,19.774675162359244,nan,nan,33.608152460905785
1759,1,5,5,0,1,1,0,83,0,0,0,1,0,0,1,nan,nan,nan,nan,nan,nan,nan
1760,1,5,5,0,1,1,0,83,0,0,0,1,0,0,1,nan,nan,nan,nan,nan,nan,nan
1761,1,5,5,0,1,1,0,83,0,0,0,1,0,0,1,nan,nan,nan,nan,nan,nan,nan
1762,1,5,5,0,1,1,0,83,0,0,0,1,0,0,1,nan,nan,nan,nan,nan,nan,nan
1763,1,5,5,0,1,1,0,83,0,0,0,1,0,0,1,nan,nan,nan,nan,nan,nan,nan
1764,1,5,5,0,1,1,0,83,0,2,0,1,0,0,1,nan,31.34602645988025,nan,nan,nan,nan,nan
1765,1,5,5,0,0,2,0,83,2,2,0,1,0,0,1,30.435827458512904,nan,nan,nan,20.93496158860853,nan,nan
1766,1,5,5,0,0,2,0,83,0,0,0,0,0,0,1,nan,nan,21.08986229489392,nan,nan,nan,nan
1767,1,5,5,0,0,2,0,83,0,0,0,0,0,0,1,nan,nan,nan,nan,nan,nan,nan
1768,1,5,5,0,0,1,0,83,0,0,0,0,0,0,0,nan,nan,nan,nan,nan,26.943401501370545,nan
1769,1,5,5,0,0,1,0,83,0,0,0,0,0,0,0,nan,nan,nan,nan,nan,nan,nan
1770,1,5,5,0,0,1,0,83,0,0,0,0,0,0,0,nan,nan,nan,nan,nan,nan,nan
1771,1,5,5,0,0,1,0,83,0,0,0,0,0,0,0,nan,nan,nan,nan,nan,nan,nan
1772,1,5,5,0,0,1,0,83,0,0,0,0,0,0,0,nan,nan,nan,nan,nan,nan,nan
1773,1,5,5,0,0,1,0,83,0,0,0,0,0,0,0,nan,nan,nan,nan,nan,nan,nan
1774,1,5,5,0,0,1,0,83,0,0,0,0,0,0,0,nan,nan,nan,nan,nan,nan,nan
1775,1,5,5,0,1,1,0,83,2,0,0,1,0,0,0,10.735884352458697,nan,nan,17.635875039526354,nan,nan,nan
1776,1,5,5,0,1,1,0,83,2,0,0,1,0,0,0,nan,nan,nan,nan,nan,nan,nan
1777,1,5,5,0,1,1,0,83,2,0,0,1,0,0,0,nan,nan,nan,nan,nan,nan,nan
1778,1,5,5,0,1,0,1,83,2,0,0,1,0,0,0,nan,nan,nan,nan,nan,10.81875588950038,nan
1779,1,5,5,0,1,0,1,83,2,0,0,1,0,0,0,nan,nan,nan,nan,nan,nan,nan
1780,1,5,5,0,0,1,1,83,2,0,0,1,0,0,0,nan,nan,nan,nan,14.509684205301937,nan,nan
1781,1,5,5,0,0,1,0,84,2,0,0,1,0,0,0,nan,nan,nan,nan,nan,nan,22.747290669858785
1782,1,5,5,0,0,1,0,84,2,0,0,1,0,0,0,nan,nan,nan,nan,nan,nan,nan
1783,1,5,5,0,0,1,0,84,2,0,0,1,0,0,0,nan,nan,nan,nan,nan,nan,nan
1784,1,5,4,0,0,1,0,84,2,0,0,0,0,0,0,nan,nan,18.798764147970132,nan,nan,nan,nan
1785,1,5,4,0,0,1,0,84,2,0,0,0,0,0,0,nan,nan,nan,nan,nan,nan,nan
1786,1,5,4,0,0,1,0,84,2,0,0,0,0,0,0,nan,nan,nan,nan,nan,nan,nan
1787,1,5,4,0,0,1,0,84,2,0,0,0,0,0,0,nan,nan,nan,nan,nan,nan,nan
1788,1,5,4,0,0,1,0,84,2,0,0,0,0,0,0,nan,nan,nan,nan,nan,nan,nan
1789,1,5,4,0,0,1,0,84,2,0,0,0,0,0,0,nan,nan,nan,nan,nan,nan,nan
1790,1,5,4,0,0,0,1,84,2,0,0,0,0,0,0,nan,nan,nan,nan,nan,11.757507382128324,nan
1791,1,5,5,0,0,1,1,84,0,0,0,0,1,0,0,nan,27.591387951499428,nan,nan,10.526566113264835,nan,nan
1792,1,5,5,0,0,1,1,84,0,0,0,0,1,0,0,nan,nan,nan,nan,nan,nan,nan
1793,1,5,5,0,0,1,1,84,0,0,0,0,1,0,0,nan,nan,nan,nan,nan,nan,nan
1794,1,5,5,0,0,1,1,84,0,0,0,0,1,0,0,nan,nan,nan,nan,nan,nan,nan
1795,1,5,5,0,0,1,1,84,0,0,0,0,1,0,0,nan,nan,nan,nan,nan,nan,nan
1796,1,5,5,0,0,1,1,84,0,0,0,0,1,0,0,nan,nan,nan,nan,nan,nan,nan
1797,1,5,5,0,0,1,1,84,0,0,0,0,1,0,0,nan,nan,nan,nan,nan,nan,nan
1798,1,5,5,0,0,1,1,84,0,0,0,0,1,0,0,nan,nan,nan,nan,nan,nan,nan
1799,1,5,5,0,0,1,0,85,0,0,0,0,1,0,0,nan,nan,nan,nan,nan,nan,17.64468943224756
1800,1,5,5,0,0,1,0,85,0,0,0,0,1,0,0,nan,nan,nan,nan,nan,nan,nan
1801,1,5,5,0,0,1,0,85,0,0,0,0,1,0,0,nan,nan,nan,nan,nan,nan,nan
1802,1,5,5,0,0,1,0,85,0,0,0,0,1,0,0,nan,nan,nan,nan,nan,nan,nan
1803,1,5,5,0,0,1,0,85,0,2,0,0,1,0,0,nan,11.693309225310259,nan,nan,nan,nan,nan
1804,1,5,5,0,0,1,0,85,0,2,0,0,1,0,0,nan,nan,nan,nan,nan,nan,nan
1805,1,5,5,0,0,1,0,85,0,2,0,0,1,0,0,nan,nan,nan,nan,nan,nan,nan
1806,1,5,5,0,0,0,1,85,0,2,0,0,1,0,0,nan,nan,nan,nan,nan,16.25793643209886,nan
1807,1,5,5,0,0,0,1,85,0,2,0,1,0,0,0,nan,nan,nan,31.293193812233085,nan,nan,nan
1808,1,5,5,0,0,0,1,85,2,2,0,1,0,0,0,32.190808606479095,nan,nan,nan,nan,nan,nan
1809,1,5,5,0,0,0,1,85,2,2,0,1,0,0,0,nan,nan,nan,nan,nan,nan,nan
1810,1,5,5,0,0,0,1,85,2,2,0,1,0,0,0,nan,nan,nan,nan,nan,nan,nan
1811,1,5,5,0,0,0,1,85,2,2,0,1,0,0,0,nan,nan,nan,nan,nan,nan,nan
1812,1,5,5,0,0,0,1,85,0,0,0,0,0,0,0,nan,nan,27.67964187430698,nan,nan,nan,nan
1813,1,5,5,0,0,0,1,85,0,0,0,0,0,0,0,nan,nan,nan,nan,nan,nan,nan
1814,1,5,5,0,0,0,1,85,0,0,0,0,0,0,0,nan,nan,nan,nan,nan,nan,nan
1815,1,5,5,0,0,0,0,86,0,0,0,0,0,0,0,nan,nan,nan,nan,nan,nan,16.177510686576852
1816,1,5,5,0,0,0,0,86,0,0,0,0,0,0,0,nan,nan,nan,nan,nan,nan,nan
1817,1,5,5,0,0,0,0,86,0,0,0,0,0,0,0,nan,nan,nan,nan,nan,nan,nan
1818,1,5,5,0,0,0,0,86,0,0,0,0,0,0,0,nan,nan,nan,nan,nan,nan,nan
1819,1,5,5,0,0,0,0,86,0,0,0,0,0,0,0,nan,nan,nan,nan,nan,nan,nan
1820,1,5,5,0,0,0,0,86,0,0,0,0,0,0,0,nan,nan,nan,nan,nan,nan,nan
1821,1,5,5,0,0,0,0,86,0,0,0,0,0,0,0,nan,nan,nan,nan,nan,nan,nan
1822,1,5,5,0,0,0,0,86,0,0,0,0,0,0,0,nan,nan,nan,nan,nan,nan,nan
1823,1,5,5,0,0,1,0,87,0,0,0,0,1,0,1,nan,nan,nan,nan,32.88900767771361,nan,8.311532482476196
1824,1,5,5,0,0,1,0,87,0,0,0,1,0,0,1,nan,nan,nan,17.43694925364821,nan,nan,nan
1825,1,5,4,0,0,1,0,87,0,0,0,0,0,0,1,nan,nan,12.347601577337855,nan,nan,nan,nan
1826,1,5,4,0,0,1,0,87,0,0,0,0,0,0,1,nan,nan,nan,nan,nan,nan,nan
1827,1,5,4,0,0,1,0,87,0,0,0,0,0,0,1,nan,nan,nan,nan,nan,nan,nan
1828,1,5,4,0,0,0,0,87,0,0,0,0,0,0,0,nan,nan,nan,nan,nan,21.508762810716462,nan
1829,1,5,4,0,0,0,0,87,2,0,0,0,0,0,0,21.55219756613633,nan,nan,nan,nan,nan,nan
1830,1,5,4,0,0,0,0,87,2,0,0,0,0,0,0,nan,nan,nan,nan,nan,nan,nan
1831,1,5,4,0,0,0,0,87,2,0,0,0,0,0,0,nan,nan,nan,nan,nan,nan,nan
1832,1,5,4,0,0,0,0,87,2,0,0,0,0,0,0,nan,nan,nan,nan,nan,nan,nan
1833,1,5,4,0,0,0,0,87,2,0,0,0,0,0,0,nan,nan,nan,nan,nan,nan,nan
1834,1,5,5,0,0,0,0,87,0,0,0,0,0,0,0,nan,31.163013733405705,nan,nan,nan,nan,nan
1835,1,5,5,0,0,0,0,87,0,0,0,0,0,0,0,nan,nan,nan,nan,nan,nan,nan
1836,1,5,5,0,0,0,0,87,0,0,0,0,0,0,0,nan,nan,nan,nan,nan,nan,nan
1837,1,5,5,0,0,0,0,87,0,0,0,0,0,0,0,nan,nan,nan,nan,nan,nan,nan
1838,1,5,5,0,0,0,0,87,0,0,0,0,0,0,0,nan,nan,nan,nan,nan,nan,nan
1839,1,5,5,0,0,0,0,87,0,0,0,0,0,0,0,nan,nan,nan,nan,nan,nan,nan
1840,1,5,5,0,0,0,0,87,0,0,0,0,0,0,0,nan,nan,nan,nan,nan,nan,nan
1841,1,5,5,0,0,1,0,87,0,0,0,0,1,0,0,nan,nan,nan,nan,17.084766753224812,nan,nan
1842,1,5,5,0,0,1,0,88,0,0,0,0,1,0,1,nan,nan,nan,nan,nan,nan,18.598862595297078
1843,1,5,5,0,0,1,0,88,0,0,0,0,1,0,1,nan,nan,nan,nan,nan,nan,nan
1844,1,5,5,0,0,1,0,88,2,0,0,0,1,0,1,14.453243960563213,nan,nan,nan,nan,nan,nan
1845,1,5,4,1,0,0,0,88,2,0,0,0,1,0,0,nan,nan,20.73829013318482,nan,nan,16.797662108197756,nan
1846,1,5,4,1,0,0,0,88,2,0,0,0,1,0,0,nan,nan,nan,nan,nan,nan,nan
1847,1,5,4,1,0,0,0,88,2,0,0,0,1,0,0,nan,nan,nan,nan,nan,nan,nan
1848,1,5,4,1,0,0,0,88,2,0,0,0,1,0,0,nan,nan,nan,nan,nan,nan,nan
1849,1,5,4,1,0,0,0,88,2,0,0,0,1,0,0,nan,nan,nan,nan,nan,nan,nan
1850,1,5,4,1,0,0,0,88,2,0,0,0,1,0,0,nan,nan,nan,nan,nan,nan,nan
1851,1,5,4,0,0,0,0,88,2,0,0,0,0,0,0,nan,nan,nan,26.51765019029517,nan,nan,nan
1852,1,5,5,0,0,0,0,88,0,0,0,0,0,0,0,nan,17.678419125113123,nan,nan,nan,nan,nan
1853,1,5,5,0,0,0,0,88,0,0,0,0,0,0,0,nan,nan,nan,nan,nan,nan,nan
1854,1,5,5,0,0,0,0,88,0,0,0,0,0,0,0,nan,nan,nan,nan,nan,nan,nan
1855,1,5,5,0,0,0,0,88,0,0,0,0,0,0,0,nan,nan,nan,nan,nan,nan,nan
1856,1,5,5,0,0,0,0,89,0,0,0,0,0,0,1,nan,nan,nan,nan,nan,nan,13.600712793202092
1857,1,5,5,0,0,0,0,89,0,0,0,0,0,0,1,nan,nan,nan,nan,nan,nan,nan
1858,1,5,5,0,0,0,0,89,0,0,0,0,0,0,1,nan,nan,nan,nan,nan,nan,nan
1859,1,5,5,0,0,0,0,89,0,0,0,0,0,1,0,nan,nan,nan,nan,nan,14.12177368150492,nan
1860,1,5,5,0,0,0,0,89,0,0,0,0,0,1,0,nan,nan,nan,nan,nan,nan,nan
1861,1,5,5,0,0,0,0,89,0,0,0,0,0,1,0,nan,nan,nan,nan,nan,nan,nan
1862,1,5,5,0,0,0,0,89,0,0,0,0,0,1,0,nan,nan,nan,nan,nan,nan,nan
1863,1,5,5,0,0,0,0,89,0,0,0,0,0,1,0,nan,nan,nan,nan,nan,nan,nan
1864,1,5,5,0,0,0,0,89,0,0,0,0,0,1,0,nan,nan,nan,nan,nan,nan,nan
1865,1,5,5,0,0,0,0,89,0,0,0,0,0,1,0,nan,nan,nan,nan,nan,nan,nan
1866,1,5,5,0,0,0,0,89,0,0,0,0,0,1,0,nan,nan,nan,nan,nan,nan,nan
1867,1,5,5,0,0,0,0,89,2,0,0,0,0,1,0,23.736616554243938,nan,nan,nan,nan,nan,nan
1868,1,5,5,0,0,0,0,89,2,0,0,0,0,1,0,nan,nan,nan,nan,nan,nan,nan
1869,1,5,5,0,0,0,0,89,2,2,0,0,0,1,0,nan,17.0706224665189,nan,nan,nan,nan,nan
1870,1,5,5,0,0,0,0,89,2,2,0,0,0,1,0,nan,nan,nan,nan,nan,nan,nan
1871,1,5,5,0,0,0,0,89,2,2,0,0,0,1,0,nan,nan,nan,nan,nan,nan,nan
1872,1,5,5,0,0,0,0,89,2,2,0,0,1,0,0,nan,nan,nan,nan,31.163896778636172,nan,nan
1873,1,5,5,0,0,0,0,90,2,2,0,0,1,0,1,nan,nan,nan,nan,nan,nan,17.788408969941884
1874,1,5,5,0,0,0,0,90,2,2,0,0,1,0,1,nan,nan,nan,nan,nan,nan,nan
1875,1,5,5,0,0,0,0,90,2,2,0,0,1,0,1,nan,nan,nan,nan,nan,nan,nan
1876,1,5,5,0,0,0,0,90,2,2,0,0,1,0,1,nan,nan,nan,nan,nan,nan,nan
1877,1,5,5,0,0,0,0,90,2,2,0,0,1,0,1,nan,nan,nan,nan,nan,nan,nan
1878,1,5,5,0,0,0,0,90,2,2,0,1,0,0,1,nan,nan,nan,27.059656779942088,nan,nan,nan
1879,1,5,5,0,0,0,0,90,2,2,0,1,0,0,1,nan,nan,nan,nan,nan,nan,nan
1880,1,5,5,0,0,0,0,90,2,2,0,1,0,0,1,nan,nan,nan,nan,nan,nan,nan
1881,1,5,5,0,0,0,0,90,0,0,0,0,0,0,1,nan,nan,35.35945310378088,nan,nan,nan,nan
1882,1,5,5,0,0,0,0,90,0,0,0,0,0,1,0,nan,nan,nan,nan,nan,23.029697680397476,nan
1883,1,5,5,0,0,0,0,90,0,0,0,0,0,1,0,nan,nan,nan,nan,nan,nan,nan
1884,1,5,5,0,0,0,0,90,0,0,0,0,0,1,0,nan,nan,nan,nan,nan,nan,nan
1885,1,5,5,0,0,0,0,90,0,0,0,0,0,1,0,nan,nan,nan,nan,nan,nan,nan
1886,1,5,5,0,0,0,0,90,0,0,0,0,0,1,0,nan,nan,nan,nan,nan,nan,nan
1887,1,5,5,0,0,0,0,90,0,0,0,0,0,1,0,nan,nan,nan,nan,nan,nan,nan
1888,1,5,5,0,0,0,0,90,0,0,0,0,0,1,0,nan,nan,nan,nan,nan,nan,nan
1889,1,5,5,0,0,0,0,90,0,0,0,0,0,1,0,nan,nan,nan,nan,nan,nan,nan
1890,1,5,5,0,0,0,0,90,0,0,0,0,1,0,0,nan,nan,nan,nan,18.053693927955464,nan,nan
1891,1,5,5,0,0,0,0,90,0,0,0,0,1,0,0,nan,nan,nan,nan,nan,nan,nan
1892,1,5,5,0,0,0,0,90,0,0,0,0,1,0,0,nan,nan,nan,nan,nan,nan,nan
1893,1,5,5,0,0,0,0,90,0,0,0,0,1,0,0,nan,nan,nan,nan,nan,nan,nan
1894,1,5,5,0,0,0,0,90,0,0,0,0,1,0,0,nan,nan,nan,nan,nan,nan,nan
1895,1,5,5,0,0,0,0,90,0,0,0,0,1,0,0,nan,nan,nan,nan,nan,nan,nan
1896,1,5,5,0,0,0,0,90,0,0,0,0,1,0,0,nan,nan,nan,nan,nan,nan,nan
1897,1,5,5,0,0,0,0,90,0,0,0,1,0,0,0,nan,nan,nan,18.984018099068862,nan,nan,nan
1898,1,5,5,0,0,0,0,90,0,0,0,1,0,0,0,nan,nan,nan,nan,nan,nan,nan
1899,1,5,5,0,0,0,0,90,0,0,0,1,0,0,0,nan,nan,nan,nan,nan,nan,nan
1900,1,5,5,0,0,0,0,90,0,0,0,1,0,0,0,nan,nan,nan,nan,nan,nan,nan
1901,1,5,5,0,0,0,1,90,0,0,0,1,0,1,0,nan,nan,nan,nan,nan,19.378566998467704,nan
1902,1,5,5,0,0,0,1,90,0,2,0,1,0,1,0,nan,33.08955136214263,nan,nan,nan,nan,nan
1903,1,5,5,0,0,0,1,90,2,2,0,1,0,1,0,35.55701566628977,nan,nan,nan,nan,nan,nan
1904,1,5,5,0,0,0,1,90,2,2,0,1,0,1,0,nan,nan,nan,nan,nan,nan,nan
1905,1,5,5,0,0,0,1,90,2,2,0,1,0,1,0,nan,nan,nan,nan,nan,nan,nan
1906,1,5,5,0,0,0,1,90,0,0,0,0,0,1,0,nan,nan,25.758067973658854,nan,nan,nan,nan
1907,1,5,5,0,0,0,1,90,0,0,0,0,0,1,0,nan,nan,nan,nan,nan,nan,nan
1908,1,5,5,0,0,0,1,90,0,0,0,0,1,0,0,nan,nan,nan,nan,18.154924212813967,nan,nan
1909,1,5,5,0,0,0,1,90,0,0,0,0,1,0,0,nan,nan,nan,nan,nan,nan,nan
1910,1,5,5,0,0,0,1,90,0,0,0,0,1,0,0,nan,nan,nan,nan,nan,nan,nan
1911,1,5,5,0,0,0,1,90,0,0,0,0,1,0,0,nan,nan,nan,nan,nan,nan,nan
1912,1,5,5,0,0,0,1,90,0,0,0,0,1,0,0,nan,nan,nan,nan,nan,nan,nan
1913,1,5,5,0,0,0,1,90,0,0,0,0,1,0,0,nan,nan,nan,nan,nan,nan,nan
1914,1,5,5,0,0,0,1,90,0,0,0,0,1,0,0,nan,nan,nan,nan,nan,nan,nan
1915,1,5,5,0,0,0,0,91,0,0,0,0,1,0,0,nan,nan,nan,nan,nan,nan,42.054537020344014
1916,1,5,5,0,0,0,0,91,0,0,0,0,1,0,0,nan,nan,nan,nan,nan,nan,nan
1917,1,5,5,0,0,0,0,91,0,0,0,0,1,0,0,nan,nan,nan,nan,nan,nan,nan
1918,1,5,5,0,0,0,0,91,0,0,0,0,1,0,0,nan,nan,nan,nan,nan,nan,nan
1919,1,5,5,0,0,0,0,91,0,0,0,0,1,0,0,nan,nan,nan,nan,nan,nan,nan
1920,1,5,5,0,0,0,0,91,0,0,0,0,1,0,0,nan,nan,nan,nan,nan,nan,nan
1921,1,5,5,0,0,0,0,91,0,0,0,0,1,0,0,nan,nan,nan,nan,nan,nan,nan
1922,1,5,5,0,0,0,0,91,0,0,0,0,1,0,0,nan,nan,nan,nan,nan,nan,nan
1923,1,5,5,0,0,0,0,91,0,0,0,0,1,0,0,nan,nan,nan,nan,nan,nan,nan
1924,1,5,5,0,0,0,1,91,0,0,0,1,0,1,0,nan,nan,nan,27.667129244985745,nan,22.898675321559267,nan
1925,1,5,5,0,0,0,0,92,0,0,0,1,0,1,0,nan,nan,nan,nan,nan,nan,9.226078323379397
1926,1,5,5,0,0,0,0,92,0,0,0,1,0,1,0,nan,nan,nan,nan,nan,nan,nan
1927,1,5,5,0,0,0,0,92,0,0,0,1,0,1,0,nan,nan,nan,nan,nan,nan,nan
1928,1,5,5,0,0,0,0,92,0,0,0,1,0,1,0,nan,nan,nan,nan,nan,nan,nan
1929,1,5,4,0,0,0,0,92,2,0,0,0,0,1,0,26.667395387959232,nan,22.97461648896956,nan,nan,nan,nan
1930,1,5,4,0,0,0,0,92,2,0,0,0,0,1,0,nan,nan,nan,nan,nan,nan,nan
1931,1,5,4,0,0,0,0,92,2,0,0,0,0,1,0,nan,nan,nan,nan,nan,nan,nan
1932,1,5,4,0,0,0,0,92,2,0,0,0,0,1,0,nan,nan,nan,nan,nan,nan,nan
1933,1,5,4,0,0,0,0,92,2,0,0,0,0,1,0,nan,nan,nan,nan,nan,nan,nan
1934,1,5,5,0,0,0,0,92,0,0,0,0,0,1,0,nan,32.339767645442635,nan,nan,nan,nan,nan
1935,1,5,5,0,0,0,0,92,0,0,0,0,1,0,0,nan,nan,nan,nan,27.205894403249204,nan,nan
1936,1,5,5,0,0,0,0,92,0,0,0,0,1,0,0,nan,nan,nan,nan,nan,nan,nan
1937,1,5,5,0,0,0,0,92,0,0,0,0,1,0,0,nan,nan,nan,nan,nan,nan,nan
1938,1,5,5,0,0,0,0,92,0,0,0,0,1,0,0,nan,nan,nan,nan,nan,nan,nan
1939,1,5,5,0,0,0,0,92,0,0,0,0,1,0,0,nan,nan,nan,nan,nan,nan,nan
1940,1,5,5,0,0,0,0,92,0,0,0,0,1,0,0,nan,nan,nan,nan,nan,nan,nan
1941,1,5,5,0,0,0,0,92,0,0,0,0,1,0,0,nan,nan,nan,nan,nan,nan,nan
1942,1,5,5,0,0,0,0,92,0,0,0,1,0,0,0,nan,nan,nan,17.957471673596046,nan,nan,nan
1943,1,5,5,0,0,0,0,92,0,0,0,1,0,0,0,nan,nan,nan,nan,nan,nan,nan
1944,1,5,5,0,0,0,0,93,0,0,0,1,0,0,1,nan,nan,nan,nan,nan,nan,18.856318845363376
1945,1,5,5,0,0,0,0,93,0,0,0,1,0,1,0,nan,nan,nan,nan,nan,21.130104795602165,nan
1946,1,5,5,0,0,0,0,93,0,0,0,1,0,1,0,nan,nan,nan,nan,nan,nan,nan
1947,1,5,5,0,0,0,0,93,0,2,0,1,0,1,0,nan,12.49290918703673,nan,nan,nan,nan,nan
1948,1,4,5,0,0,0,0,93,0,0,0,0,0,1,0,nan,nan,18.792755335126685,nan,nan,nan,nan
1949,1,5,5,0,0,0,0,93,0,0,0,0,0,1,0,19.088805222768997,nan,nan,nan,nan,nan,nan
1950,1,5,5,0,0,0,0,93,0,0,0,0,0,1,0,nan,nan,nan,nan,nan,nan,nan
1951,1,5,5,0,0,0,0,93,0,0,0,0,0,1,0,nan,nan,nan,nan,nan,nan,nan
1952,1,5,5,0,0,0,0,93,0,0,0,0,0,1,0,nan,nan,nan,nan,nan,nan,nan
1953,1,5,5,0,0,0,0,93,0,0,0,0,0,1,0,nan,nan,nan,nan,nan,nan,nan
1954,1,5,5,0,0,0,0,93,0,0,0,0,0,1,0,nan,nan,nan,nan,nan,nan,nan
1955,1,5,5,0,0,0,0,94,0,0,0,0,0,1,1,nan,nan,nan,nan,nan,nan,11.290712249259968
1956,1,5,5,0,0,0,0,94,0,0,0,0,0,1,1,nan,nan,nan,nan,nan,nan,nan
1957,1,5,5,0,0,0,0,94,0,0,0,0,0,1,1,nan,nan,nan,nan,nan,nan,nan
1958,1,5,5,0,0,0,0,94,0,0,0,0,0,1,1,nan,nan,nan,nan,nan,nan,nan
1959,1,5,4,1,0,0,0,94,0,0,0,0,0,1,1,nan,nan,10.557223894739309,nan,nan,nan,nan
1960,1,5,4,1,0,0,0,94,0,0,0,0,0,1,1,nan,nan,nan,nan,nan,nan,nan
1961,1,5,4,1,0,0,0,94,0,0,0,0,0,1,1,nan,nan,nan,nan,nan,nan,nan
1962,1,5,4,1,0,0,0,94,0,0,0,0,0,1,1,nan,nan,nan,nan,nan,nan,nan
1963,1,5,4,1,0,0,0,94,0,0,0,0,0,1,1,nan,nan,nan,nan,nan,nan,nan
1964,1,5,4,1,0,0,0,94,0,0,0,0,1,0,1,nan,nan,nan,nan,28.519045128897687,nan,nan
1965,1,5,4,1,0,0,0,94,2,0,0,0,1,0,1,16.25091649032538,nan,nan,nan,nan,nan,nan
1966,1,5,4,1,0,0,0,94,2,0,0,0,1,0,1,nan,nan,nan,nan,nan,nan,nan
1967,1,5,4,1,0,0,0,94,2,0,0,0,1,0,1,nan,nan,nan,nan,nan,nan,nan
1968,1,5,4,1,0,0,0,94,2,0,0,0,1,0,1,nan,nan,nan,nan,nan,nan,nan
1969,1,5,5,1,0,0,0,94,0,0,0,0,1,0,1,nan,22.410993546441432,nan,nan,nan,nan,nan
1970,1,5,5,1,0,0,0,94,0,0,0,0,1,0,1,nan,nan,nan,nan,nan,nan,nan
1971,1,5,5,1,0,0,0,94,0,0,0,0,1,0,1,nan,nan,nan,nan,nan,nan,nan
1972,1,5,4,2,0,0,0,94,0,0,0,0,1,0,1,nan,nan,13.30890217310639,nan,nan,nan,nan
1973,1,5,4,1,0,0,0,94,0,0,0,0,0,0,1,nan,nan,nan,30.20012521890567,nan,nan,nan
1974,1,5,4,1,0,0,0,94,0,0,0,0,0,1,0,nan,nan,nan,nan,nan,28.465107704867705,nan
1975,1,5,4,1,0,0,0,94,0,0,0,0,0,1,0,nan,nan,nan,nan,nan,nan,nan
1976,1,5,4,1,0,0,0,94,0,0,0,0,0,1,0,nan,nan,nan,nan,nan,nan,nan
1977,1,5,4,1,0,0,0,94,0,0,0,0,0,1,0,nan,nan,nan,nan,nan,nan,nan
1978,1,4,5,1,0,0,0,94,0,0,0,0,0,1,0,nan,8.675881703992445,nan,nan,nan,nan,nan
1979,1,4,5,1,0,0,0,94,0,0,0,0,0,1,0,nan,nan,nan,nan,nan,nan,nan
1980,1,4,5,1,0,0,0,94,0,0,0,0,0,1,0,nan,nan,nan,nan,nan,nan,nan
1981,1,4,5,1,0,0,0,94,0,0,0,0,0,1,0,nan,nan,nan,nan,nan,nan,nan
1982,1,4,5,1,0,0,0,94,0,0,0,0,0,1,0,nan,nan,nan,nan,nan,nan,nan
1983,1,4,5,0,1,0,0,94,0,0,0,0,0,1,0,nan,nan,nan,10.640507999023612,nan,nan,nan
1984,1,4,5,0,1,0,0,94,0,0,0,0,0,1,0,nan,nan,nan,nan,nan,nan,nan
1985,1,4,5,0,1,0,0,95,0,0,0,0,0,1,1,nan,nan,nan,nan,nan,nan,30.173671449719677
1986,1,4,5,0,1,0,0,95,0,0,0,0,0,1,1,nan,nan,nan,nan,nan,nan,nan
1987,1,4,5,0,1,0,0,95,0,0,0,0,0,1,1,nan,nan,nan,nan,nan,nan,nan
1988,1,4,5,0,1,0,0,95,0,0,0,0,0,1,1,nan,nan,nan,nan,nan,nan,nan
1989,1,5,5,0,1,0,0,95,0,0,0,0,0,1,1,23.69863181247638,nan,nan,nan,nan,nan,nan
1990,1,5,5,0,1,0,0,95,0,0,0,0,0,1,1,nan,nan,nan,nan,nan,nan,nan
1991,1,5,5,0,1,0,0,95,0,0,0,0,0,1,1,nan,nan,nan,nan,nan,nan,nan
1992,1,5,5,0,1,0,0,95,0,0,0,0,0,1,1,nan,nan,nan,nan,nan,nan,nan
1993,1,5,5,0,1,0,0,95,0,0,0,0,0,1,1,nan,nan,nan,nan,nan,nan,nan
1994,1,5,5,0,1,0,0,95,0,2,0,0,0,1,1,nan,16.404553214937778,nan,nan,nan,nan,nan
1995,1,5,5,0,1,0,0,95,0,2,0,0,0,1,1,nan,nan,nan,nan,nan,nan,nan
1996,1,5,5,0,1,0,0,95,0,2,0,0,0,1,1,nan,nan,nan,nan,nan,nan,nan
1997,1,5,5,0,2,0,0,95,0,2,0,1,0,1,1,nan,nan,nan,13.692933229180426,nan,nan,nan
1998,1,4,5,0,2,0,0,95,0,0,0,0,0,1,1,nan,nan,25.72795341775486,nan,nan,nan,nan
1999,1,4,5,0,1,0,0,95,0,0,0,0,0,0,1,nan,nan,nan,nan,35.366971535914445,nan,nan
2000,1,5,5,0,1,0,0,95,0,0,0,0,0,0,1,11.600801732581658,nan,nan,nan,nan,nan,nan
2001,1,5,5,0,1,0,0,95,0,0,0,0,0,0,1,nan,nan,nan,nan,nan,nan,nan
2002,1,5,5,0,1,0,0,95,0,0,0,0,0,0,1,nan,nan,nan,nan,nan,nan,nan
2003,1,5,5,0,1,0,0,95,0,0,0,0,0,0,1,nan,nan,nan,nan,nan,nan,nan
2004,1,5,5,0,1,0,0,95,0,0,0,0,0,0,1,nan,nan,nan,nan,nan,nan,nan
2005,1,5,5,0,1,0,0,95,0,0,0,0,0,0,1,nan,nan,nan,nan,nan,nan,nan
2006,1,5,5,0,1,0,0,95,0,0,0,0,0,0,1,nan,nan,nan,nan,nan,nan,nan
2007,1,5,5,0,1,0,0,95,0,0,0,0,0,0,1,nan,nan,nan,nan,nan,nan,nan
2008,1,5,5,0,1,0,0,95,0,0,0,0,0,0,1,nan,nan,nan,nan,nan,nan,nan
2009,1,5,5,0,1,0,0,95,0,0,0,0,0,0,1,nan,nan,nan,nan,nan,nan,nan
2010,1,5,5,0,1,0,0,95,0,0,0,0,0,0,1,nan,nan,nan,nan,nan,nan,nan
2011,1,5,5,0,1,0,0,95,0,0,0,0,0,0,1,nan,nan,nan,nan,nan,nan,nan
2012,1,5,5,0,1,0,0,95,0,0,0,0,0,0,1,nan,nan,nan,nan,nan,nan,nan
2013,1,5,5,0,2,0,0,95,0,0,0,1,0,0,1,nan,nan,nan,16.404948734661502,nan,nan,nan
2014,1,5,5,0,2,0,0,95,0,0,0,1,0,0,1,nan,nan,nan,nan,nan,nan,nan
2015,1,5,5,0,2,0,0,95,0,0,0,1,0,0,1,nan,nan,nan,nan,nan,nan,nan
2016,1,5,5,0,2,0,0,95,2,0,0,1,0,0,1,16.143143134404227,nan,nan,nan,nan,nan,nan
2017,1,5,5,0,2,0,0,95,2,0,0,1,0,0,1,nan,nan,nan,nan,nan,nan,nan
2018,1,5,5,0,2,0,0,95,2,0,0,1,0,0,1,nan,nan,nan,nan,nan,nan,nan
2019,1,5,4,0,2,0,0,95,2,0,0,0,0,0,1,nan,nan,21.565065703851815,nan,nan,nan,nan
2020,1,5,4,0,2,0,0,95,2,0,0,0,0,0,1,nan,nan,nan,nan,nan,nan,nan
2021,1,5,4,0,2,0,0,95,2,0,0,0,0,0,1,nan,nan,nan,nan,nan,nan,nan
2022,1,5,4,0,1,1,0,95,2,0,0,0,0,0,1,nan,nan,nan,nan,23.43609732820505,nan,nan
2023,1,5,4,0,1,0,0,95,2,0,0,0,0,0,0,nan,nan,nan,nan,nan,48.97417103253565,nan
2024,1,5,4,0,1,0,0,95,2,0,0,0,0,0,0,nan,nan,nan,nan,nan,nan,nan
2025,1,5,4,0,1,0,0,95,2,0,0,0,0,0,0,nan,nan,nan,nan,nan,nan,nan
2026,1,5,4,0,1,0,0,95,2,0,0,0,0,0,0,nan,nan,nan,nan,nan,nan,nan
2027,1,5,4,0,1,0,0,95,2,0,0,0,0,0,0,nan,nan,nan,nan,nan,nan,nan
2028,1,5,4,0,1,0,0,95,2,0,0,0,0,0,0,nan,nan,nan,nan,nan,nan,nan
2029,1,5,4,0,1,0,0,95,2,0,0,0,0,0,0,nan,nan,nan,nan,nan,nan,nan
2030,1,5,4,0,1,0,0,95,2,0,0,0,0,0,0,nan,nan,nan,nan,nan,nan,nan
2031,1,5,4,0,1,0,0,95,2,0,0,0,0,0,0,nan,nan,nan,nan,nan,nan,nan
2032,1,5,5,0,1,0,0,96,0,0,0,0,0,0,1,nan,38.09443961052921,nan,nan,nan,nan,47.40620972815623
2033,1,5,5,0,1,0,0,96,0,0,0,0,0,1,0,nan,nan,nan,nan,nan,10.221629353095523,nan
2034,1,5,5,0,1,0,0,96,0,0,0,0,0,1,0,nan,nan,nan,nan,nan,nan,nan
2035,1,5,5,0,1,0,0,96,0,0,0,0,0,1,0,nan,nan,nan,nan,nan,nan,nan
2036,1,5,5,0,1,0,0,96,0,0,0,0,0,1,0,nan,nan,nan,nan,nan,nan,nan
2037,1,5,4,1,1,0,0,96,0,0,0,0,0,1,0,nan,nan,18.054571023504877,nan,nan,nan,nan
2038,1,5,4,0,2,0,0,96,0,0,0,0,0,1,0,nan,nan,nan,24.347307427605983,nan,nan,nan
2039,1,5,4,0,2,0,0,96,0,0,0,0,0,1,0,nan,nan,nan,nan,nan,nan,nan
2040,1,5,4,0,2,0,0,96,0,0,0,0,0,1,0,nan,nan,nan,nan,nan,nan,nan
2041,1,5,4,0,2,0,0,96,0,0,0,0,0,1,0,nan,nan,nan,nan,nan,nan,nan
2042,1,5,4,0,2,0,0,96,0,0,0,0,0,1,0,nan,nan,nan,nan,nan,nan,nan
2043,1,5,4,0,2,0,0,96,2,0,0,0,0,1,0,27.141147327030694,nan,nan,nan,nan,nan,nan
2044,1,5,4,0,2,0,0,96,2,0,0,0,0,1,0,nan,nan,nan,nan,nan,nan,nan
2045,1,5,4,0,2,0,0,96,2,0,0,0,0,1,0,nan,nan,nan,nan,nan,nan,nan
2046,1,5,4,0,2,0,0,96,2,0,0,0,0,1,0,nan,nan,nan,nan,nan,nan,nan
2047,1,5,4,0,1,0,0,96,2,0,0,0,0,0,0,nan,nan,nan,nan,24.53327018024629,nan,nan
2048,1,5,4,0,1,0,0,97,2,0,0,0,0,0,1,nan,nan,nan,nan,nan,nan,15.936942109545953
2049,1,5,3,1,1,0,0,97,2,0,0,0,0,0,1,nan,nan,12.021196822441652,nan,nan,nan,nan
2050,1,5,3,1,1,0,0,97,2,0,0,0,0,0,1,nan,nan,nan,nan,nan,nan,nan
2051,1,5,3,1,1,0,0,97,2,0,0,0,0,0,1,nan,nan,nan,nan,nan,nan,nan
2052,1,5,3,1,1,0,0,97,2,0,0,0,0,0,1,nan,nan,nan,nan,nan,nan,nan
2053,1,5,3,1,1,0,0,97,2,0,0,0,0,0,1,nan,nan,nan,nan,nan,nan,nan
2054,1,5,4,1,1,0,0,97,0,0,0,0,0,0,1,nan,21.748588628106063,nan,nan,nan,nan,nan
2055,1,5,4,1,1,0,0,97,0,0,0,0,0,0,1,nan,nan,nan,nan,nan,nan,nan
2056,1,5,4,1,1,0,0,97,0,0,0,0,0,0,1,nan,nan,nan,nan,nan,nan,nan
2057,1,5,4,1,1,0,0,97,0,0,0,0,0,0,1,nan,nan,nan,nan,nan,nan,nan
2058,1,5,4,1,1,0,0,97,0,0,0,0,0,0,1,nan,nan,nan,nan,nan,nan,nan
2059,1,5,4,1,1,0,0,97,0,0,0,0,0,0,1,nan,nan,nan,nan,nan,nan,nan
2060,1,5,4,1,1,0,0,97,0,0,0,0,0,0,1,nan,nan,nan,nan,nan,nan,nan
2061,1,5,4,1,1,0,0,97,0,0,0,0,0,0,1,nan,nan,nan,nan,nan,nan,nan
2062,1,5,4,1,1,0,0,97,0,0,0,0,0,0,1,nan,nan,nan,nan,nan,nan,nan
2063,1,5,4,0,1,1,0,97,0,0,0,0,0,0,1,nan,nan,nan,25.25648018465745,15.622778740989816,nan,nan
2064,1,5,4,0,1,1,0,97,0,0,0,0,0,0,1,nan,nan,nan,nan,nan,nan,nan
2065,1,5,4,0,1,1,0,97,0,0,0,0,0,0,1,nan,nan,nan,nan,nan,nan,nan
2066,1,5,3,1,1,1,0,97,0,0,0,0,0,0,1,nan,nan,17.050982730490432,nan,nan,nan,nan
2067,1,5,3,1,1,1,0,97,0,0,0,0,0,0,1,nan,nan,nan,nan,nan,nan,nan
2068,1,5,3,1,1,1,0,97,0,0,0,0,0,0,1,nan,nan,nan,nan,nan,nan,nan
2069,1,5,3,1,1,1,0,97,0,0,0,0,0,0,1,nan,nan,nan,nan,nan,nan,nan
2070,1,4,4,1,1,1,0,97,0,0,0,0,0,0,1,nan,16.260124545248345,nan,nan,nan,nan,nan
2071,1,4,4,1,1,0,0,97,0,0,0,0,0,0,0,nan,nan,nan,nan,nan,38.35354387344614,nan
2072,1,4,4,1,1,0,0,97,0,0,0,0,0,0,0,nan,nan,nan,nan,nan,nan,nan
2073,1,4,4,1,1,0,0,97,0,0,0,0,0,0,0,nan,nan,nan,nan,nan,nan,nan
2074,1,4,4,1,1,0,0,97,0,0,0,0,0,0,0,nan,nan,nan,nan,nan,nan,nan
2075,1,4,4,1,1,0,0,97,0,0,0,0,0,0,0,nan,nan,nan,nan,nan,nan,nan
2076,1,4,4,1,1,0,0,97,0,0,0,0,0,0,0,nan,nan,nan,nan,nan,nan,nan
2077,1,4,4,1,1,0,0,97,0,0,0,0,0,0,0,nan,nan,nan,nan,nan,nan,nan
2078,1,4,3,2,1,0,0,97,0,0,0,0,0,0,0,nan,nan,11.482529261821583,nan,nan,nan,nan
2079,1,4,3,2,1,0,0,97,0,0,0,0,0,0,0,nan,nan,nan,nan,nan,nan,nan
2080,1,4,3,2,0,1,0,97,0,0,0,0,0,0,0,nan,nan,nan,nan,17.68193218657825,nan,nan
2081,1,4,3,2,0,1,0,97,0,0,0,0,0,0,0,nan,nan,nan,nan,nan,nan,nan
2082,1,4,3,2,0,1,0,97,0,0,0,0,0,0,0,nan,nan,nan,nan,nan,nan,nan
2083,1,4,3,2,0,1,0,97,0,0,0,0,0,0,0,nan,nan,nan,nan,nan,nan,nan
2084,1,3,4,2,0,1,0,97,0,0,0,0,0,0,0,nan,13.902541889569875,nan,nan,nan,nan,nan
2085,1,4,4,2,0,0,1,97,0,0,0,0,0,0,0,41.411572132050196,nan,nan,nan,nan,13.451321526772517,nan
2086,1,4,4,2,0,0,1,97,0,0,0,0,0,0,0,nan,nan,nan,nan,nan,nan,nan
2087,1,4,4,1,1,0,1,97,0,0,0,0,0,0,0,nan,nan,nan,24.506571663509476,nan,nan,nan
2088,1,4,4,1,1,0,1,97,0,0,0,0,0,0,0,nan,nan,nan,nan,nan,nan,nan
2089,1,4,4,1,1,0,1,97,0,0,0,0,0,0,0,nan,nan,nan,nan,nan,nan,nan
2090,1,4,4,1,1,0,1,97,0,0,0,0,0,0,0,nan,nan,nan,nan,nan,nan,nan
2091,1,4,4,1,1,0,1,97,0,0,0,0,0,0,0,nan,nan,nan,nan,nan,nan,nan
2092,1,4,4,1,1,0,1,97,0,0,0,0,0,0,0,nan,nan,nan,nan,nan,nan,nan
2093,1,4,4,1,1,0,1,97,0,0,0,0,0,0,0,nan,nan,nan,nan,nan,nan,nan
2094,1,4,4,1,1,0,1,97,0,0,0,0,0,0,0,nan,nan,nan,nan,nan,nan,nan
2095,1,4,4,1,1,0,1,97,0,0,0,0,0,0,0,nan,nan,nan,nan,nan,nan,nan
2096,1,4,4,1,1,0,1,97,0,0,0,0,0,0,0,nan,nan,nan,nan,nan,nan,nan
2097,1,4,4,1,1,0,1,97,0,0,0,0,0,0,0,nan,nan,nan,nan,nan,nan,nan
2098,1,4,4,1,1,0,1,97,0,0,0,0,0,0,0,nan,nan,nan,nan,nan,nan,nan
2099,1,4,4,1,1,0,1,97,0,0,0,0,0,0,0,nan,nan,nan,nan,nan,nan,nan
2100,1,4,4,1,1,0,1,97,0,0,0,0,0,0,0,nan,nan,nan,nan,nan,nan,nan
2101,1,4,4,1,1,0,1,97,0,0,0,0,0,0,0,nan,nan,nan,nan,nan,nan,nan
2102,1,4,4,1,0,1,0,98,0,0,0,0,0,0,0,nan,nan,nan,nan,21.29093058288754,nan,53.232118638075235
2103,1,4,4,1,0,1,0,98,0,0,0,0,0,0,0,nan,nan,nan,nan,nan,nan,nan
2104,1,4,5,1,0,1,0,98,0,0,0,0,0,0,0,19.158005647499067,19.883164179084815,nan,nan,nan,nan,nan
2105,1,4,5,1,0,1,0,98,0,0,0,0,0,0,0,nan,nan,nan,nan,nan,nan,nan
2106,1,4,5,1,0,1,0,98,0,0,0,0,0,0,0,nan,nan,nan,nan,nan,nan,nan
2107,1,4,4,2,0,0,1,98,0,0,0,0,0,0,0,nan,nan,29.245439619317494,nan,nan,22.513582586898337,nan
2108,1,4,4,2,0,0,1,98,0,0,0,0,0,0,0,nan,nan,nan,nan,nan,nan,nan
2109,1,4,4,2,0,0,1,98,0,0,0,0,0,0,0,nan,nan,nan,nan,nan,nan,nan
2110,1,4,4,1,1,0,1,98,0,0,0,0,0,0,0,nan,nan,nan,22.6536620898446,nan,nan,nan
2111,1,4,4,1,1,0,1,98,0,0,0,0,0,0,0,nan,nan,nan,nan,nan,nan,nan
2112,1,4,4,1,1,0,1,98,0,0,0,0,0,0,0,nan,nan,nan,nan,nan,nan,nan
2113,1,4,4,1,1,0,1,98,0,0,0,0,0,0,0,nan,nan,nan,nan,nan,nan,nan
2114,1,4,4,1,1,0,1,98,0,0,0,0,0,0,0,nan,nan,nan,nan,nan,nan,nan
2115,1,4,4,1,0,1,1,98,0,0,0,0,0,0,0,nan,nan,nan,nan,13.460372581694173,nan,nan
2116,1,4,4,1,0,1,1,98,0,0,0,0,0,0,0,nan,nan,nan,nan,nan,nan,nan
2117,1,4,4,1,0,1,1,98,0,0,0,0,0,0,0,nan,nan,nan,nan,nan,nan,nan
2118,1,4,4,1,0,1,1,98,0,0,0,0,0,0,0,nan,nan,nan,nan,nan,nan,nan
2119,1,3,5,1,0,1,1,98,0,0,0,0,0,0,0,nan,15.480010284053606,nan,nan,nan,nan,nan
2120,1,3,4,2,0,1,1,98,0,0,0,0,0,0,0,nan,nan,13.001473322998663,nan,nan,nan,nan
2121,1,4,4,2,0,1,1,98,0,0,0,0,0,0,0,16.690510727900346,nan,nan,nan,nan,nan,nan
2122,1,4,4,2,0,1,1,98,0,0,0,0,0,0,0,nan,nan,nan,nan,nan,nan,nan
2123,1,4,4,2,0,1,1,98,0,0,0,0,0,0,0,nan,nan,nan,nan,nan,nan,nan
2124,1,4,4,2,0,1,1,98,0,0,0,0,0,0,0,nan,nan,nan,nan,nan,nan,nan
2125,1,4,4,2,0,1,0,99,0,0,0,0,0,0,0,nan,nan,nan,nan,nan,nan,23.769495215252846
2126,1,4,4,1,1,1,0,99,0,0,0,0,0,0,0,nan,nan,nan,16.423430867382194,nan,nan,nan
2127,1,4,4,1,1,1,0,99,0,0,0,0,0,0,0,nan,nan,nan,nan,nan,nan,nan
2128,1,4,4,1,1,1,0,99,0,0,0,0,0,0,0,nan,nan,nan,nan,nan,nan,nan
2129,1,4,4,1,0,2,0,99,0,0,0,0,0,0,0,nan,nan,nan,nan,14.466460215024199,nan,nan
2130,1,4,4,1,0,2,0,99,0,0,0,0,0,0,0,nan,nan,nan,nan,nan,nan,nan
2131,1,4,4,1,0,2,0,99,0,0,0,0,0,0,0,nan,nan,nan,nan,nan,nan,nan
2132,1,4,4,1,0,2,0,99,0,0,0,0,0,0,0,nan,nan,nan,nan,nan,nan,nan
2133,1,5,4,1,0,1,1,99,0,0,0,0,0,0,0,12.476995367499967,nan,nan,nan,nan,25.7141447474487,nan
2134,1,5,4,1,0,1,1,99,0,0,0,0,0,0,0,nan,nan,nan,nan,nan,nan,nan
2135,1,5,4,1,0,1,1,99,0,0,0,0,0,0,0,nan,nan,nan,nan,nan,nan,nan
2136,1,5,4,1,0,1,1,99,0,0,0,0,0,0,0,nan,nan,nan,nan,nan,nan,nan
2137,1,5,4,1,0,1,1,99,0,0,0,0,0,0,0,nan,nan,nan,nan,nan,nan,nan
2138,1,5,4,1,0,1,1,99,0,0,0,0,0,0,0,nan,nan,nan,nan,nan,nan,nan
2139,1,5,4,1,0,1,0,100,0,0,0,0,0,0,0,nan,nan,nan,nan,nan,nan,13.870499832311907
2140,1,5,4,1,0,1,0,100,0,0,0,0,0,0,0,nan,nan,nan,nan,nan,nan,nan
2141,1,5,4,1,0,2,0,100,0,0,0,0,1,0,0,nan,nan,nan,nan,11.381745645147475,nan,nan
2142,1,4,5,1,0,2,0,100,0,0,0,0,1,0,0,nan,22.352837982886285,nan,nan,nan,nan,nan
2143,1,4,5,1,0,2,0,100,0,0,0,0,1,0,0,nan,nan,nan,nan,nan,nan,nan
2144,1,4,5,0,0,1,1,100,0,0,0,0,0,0,0,nan,nan,nan,17.98184748492804,nan,10.875200568618766,nan
2145,1,4,5,0,0,1,1,100,0,0,0,0,0,0,0,nan,nan,nan,nan,nan,nan,nan
2146,1,4,5,0,0,1,1,100,0,0,0,0,0,0,0,nan,nan,nan,nan,nan,nan,nan
2147,1,4,5,0,0,1,1,100,0,0,0,0,0,0,0,nan,nan,nan,nan,nan,nan,nan
2148,1,4,5,0,0,1,1,100,0,0,0,0,0,0,0,nan,nan,nan,nan,nan,nan,nan
2149,1,5,5,0,0,1,1,100,0,0,0,0,0,0,0,15.616614090794883,nan,nan,nan,nan,nan,nan
2150,1,5,5,0,0,1,1,100,0,0,0,0,0,0,0,nan,nan,nan,nan,nan,nan,nan
2151,1,5,5,0,0,1,1,100,0,0,0,0,0,0,0,nan,nan,nan,nan,nan,nan,nan
2152,1,5,5,0,0,1,1,100,0,2,0,0,0,0,0,nan,10.510835813731319,nan,nan,nan,nan,nan
2153,1,5,5,0,0,1,1,100,0,2,0,0,0,0,0,nan,nan,nan,nan,nan,nan,nan
2154,1,5,5,0,0,1,1,100,0,2,0,0,0,0,0,nan,nan,nan,nan,nan,nan,nan
2155,1,4,5,1,0,1,1,100,0,0,0,0,0,0,0,nan,nan,35.23475075785427,nan,nan,nan,nan
2156,1,4,5,1,0,1,1,100,0,0,0,0,0,0,0,nan,nan,nan,nan,nan,nan,nan
2157,1,4,5,1,0,0,1,101,0,0,0,0,0,0,0,nan,nan,nan,nan,nan,13.328919431304712,17.763565280113653
2158,1,4,5,1,0,0,1,101,0,0,0,0,0,0,0,nan,nan,nan,nan,nan,nan,nan
2159,1,4,5,1,0,1,1,101,0,0,0,0,1,0,0,nan,nan,nan,nan,18.266327351705513,nan,nan
2160,1,4,5,1,0,1,1,101,0,0,0,0,1,0,0,nan,nan,nan,nan,nan,nan,nan
2161,1,4,5,1,0,1,1,101,0,0,0,0,1,0,0,nan,nan,nan,nan,nan,nan,nan
2162,1,4,5,1,0,1,1,101,0,0,0,0,1,0,0,nan,nan,nan,nan,nan,nan,nan
2163,1,4,5,1,0,1,1,101,0,0,0,0,1,0,0,nan,nan,nan,nan,nan,nan,nan
2164,1,5,5,1,0,1,1,101,0,0,0,0,1,0,0,14.766770506648754,nan,nan,nan,nan,nan,nan
2165,1,5,5,1,0,1,1,101,0,0,0,0,1,0,0,nan,nan,nan,nan,nan,nan,nan
2166,1,5,5,1,0,1,1,101,0,0,0,0,1,0,0,nan,nan,nan,nan,nan,nan,nan
2167,1,5,5,0,0,1,1,101,0,0,0,0,0,0,0,nan,nan,nan,22.342543090785966,nan,nan,nan
2168,1,5,5,0,0,1,1,101,0,0,0,0,0,0,0,nan,nan,nan,nan,nan,nan,nan
2169,1,5,5,0,0,1,1,101,0,2,0,0,0,0,0,nan,16.910130737691816,nan,nan,nan,nan,nan
2170,1,5,5,0,0,1,1,101,0,2,0,0,0,0,0,nan,nan,nan,nan,nan,nan,nan
2171,1,5,5,0,0,1,1,101,0,2,0,0,0,0,0,nan,nan,nan,nan,nan,nan,nan
2172,1,5,5,0,0,1,1,101,0,2,0,0,0,0,0,nan,nan,nan,nan,nan,nan,nan
2173,1,4,5,1,0,1,1,101,0,0,0,0,0,0,0,nan,nan,17.981226153930038,nan,nan,nan,nan
2174,1,4,5,1,0,1,1,101,0,0,0,0,0,0,0,nan,nan,nan,nan,nan,nan,nan
2175,1,4,5,1,0,1,0,102,0,0,0,0,0,0,0,nan,nan,nan,nan,nan,nan,17.875296067639738
2176,1,5,5,1,0,1,0,102,0,0,0,0,0,0,0,12.59591080972632,nan,nan,nan,nan,nan,nan
2177,1,5,5,1,0,1,0,102,0,0,0,0,0,0,0,nan,nan,nan,nan,nan,nan,nan
2178,1,5,5,1,0,1,0,102,0,0,0,0,0,0,0,nan,nan,nan,nan,nan,nan,nan
2179,1,5,5,1,0,1,0,102,0,0,0,0,0,0,0,nan,nan,nan,nan,nan,nan,nan
2180,1,5,5,1,0,2,0,102,0,0,0,0,1,0,0,nan,nan,nan,nan,20.592223148541052,nan,nan
2181,1,5,5,1,0,1,1,102,0,0,0,0,1,0,0,nan,nan,nan,nan,nan,23.503360045150202,nan
2182,1,5,5,0,0,1,1,102,0,0,0,0,0,0,0,nan,nan,nan,15.19076682169407,nan,nan,nan
2183,1,5,5,0,0,1,1,102,0,0,0,0,0,0,0,nan,nan,nan,nan,nan,nan,nan
2184,1,5,5,0,0,1,1,102,0,0,0,0,0,0,0,nan,nan,nan,nan,nan,nan,nan
2185,1,5,5,0,0,1,1,102,0,0,0,0,0,0,0,nan,nan,nan,nan,nan,nan,nan
2186,1,5,5,0,0,1,1,102,0,0,0,0,0,0,0,nan,nan,nan,nan,nan,nan,nan
2187,1,5,5,0,0,1,1,102,2,0,0,0,0,0,0,11.318905349648503,nan,nan,nan,nan,nan,nan
2188,1,5,5,0,0,1,1,102,2,0,0,0,0,0,0,nan,nan,nan,nan,nan,nan,nan
2189,1,5,5,0,0,1,1,102,2,0,0,0,0,0,0,nan,nan,nan,nan,nan,nan,nan
2190,1,5,5,0,0,1,1,102,2,0,0,0,0,0,0,nan,nan,nan,nan,nan,nan,nan
2191,1,5,5,0,0,1,1,102,2,0,0,0,0,0,0,nan,nan,nan,nan,nan,nan,nan
2192,1,5,5,0,0,1,1,102,2,0,0,0,0,0,0,nan,nan,nan,nan,nan,nan,nan
2193,1,5,5,0,0,2,1,102,2,0,0,0,1,0,0,nan,nan,nan,nan,13.05063686786798,nan,nan
2194,1,5,5,0,0,2,1,102,2,0,0,0,1,0,0,nan,nan,nan,nan,nan,nan,nan
2195,1,5,5,0,0,2,1,102,2,2,0,0,1,0,0,nan,25.5633043230946,nan,nan,nan,nan,nan
2196,1,5,5,0,0,2,0,103,2,2,0,0,1,0,0,nan,nan,nan,nan,nan,nan,21.30017165413483
2197,1,5,5,0,0,2,0,103,2,2,0,0,1,0,0,nan,nan,nan,nan,nan,nan,nan
2198,1,5,5,0,0,1,1,103,2,2,0,0,1,0,0,nan,nan,nan,nan,nan,17.16496697913908,nan
2199,1,5,5,0,0,1,1,103,2,2,0,0,1,0,0,nan,nan,nan,nan,nan,nan,nan
2200,1,5,5,0,0,1,1,103,2,2,0,0,1,0,0,nan,nan,nan,nan,nan,nan,nan
2201,1,5,5,0,0,1,1,103,2,2,0,1,0,0,0,nan,nan,nan,19.266164507323083,nan,nan,nan
2202,1,5,5,0,0,1,1,103,2,2,0,1,0,0,0,nan,nan,nan,nan,nan,nan,nan
2203,1,5,5,0,0,1,1,103,2,2,0,1,0,0,0,nan,nan,nan,nan,nan,nan,nan
2204,1,5,5,0,0,1,1,103,2,2,0,1,0,0,0,nan,nan,nan,nan,nan,nan,nan
2205,1,5,5,0,0,1,1,103,2,2,0,1,0,0,0,nan,nan,nan,nan,nan,nan,nan
2206,1,5,5,0,0,1,1,103,0,0,0,0,0,0,0,nan,nan,32.4106604512549,nan,nan,nan,nan
2207,1,5,5,0,0,1,1,103,0,0,0,0,0,0,0,nan,nan,nan,nan,nan,nan,nan
2208,1,5,5,0,0,1,1,103,0,0,0,0,0,0,0,nan,nan,nan,nan,nan,nan,nan
2209,1,5,5,0,0,1,1,103,0,0,0,0,0,0,0,nan,nan,nan,nan,nan,nan,nan
2210,1,5,5,0,0,1,1,103,0,0,0,0,0,0,0,nan,nan,nan,nan,nan,nan,nan
2211,1,5,5,0,0,1,1,103,0,0,0,0,0,0,0,nan,nan,nan,nan,nan,nan,nan
2212,1,5,5,0,0,1,1,103,0,0,0,0,0,0,0,nan,nan,nan,nan,nan,nan,nan
2213,1,5,5,0,0,1,0,104,0,0,0,0,0,0,0,nan,nan,nan,nan,nan,nan,16.816980313455588
2214,1,5,5,0,0,2,0,104,0,0,0,0,1,0,0,nan,nan,nan,nan,21.64379497490745,nan,nan
2215,1,5,5,0,0,2,0,104,0,0,0,0,1,0,0,nan,nan,nan,nan,nan,nan,nan
2216,1,5,5,0,0,2,0,104,0,0,0,0,1,0,0,nan,nan,nan,nan,nan,nan,nan
2217,1,5,5,0,0,2,0,104,0,0,0,0,1,0,0,nan,nan,nan,nan,nan,nan,nan
2218,1,5,5,0,0,2,0,104,0,0,0,0,1,0,0,nan,nan,nan,nan,nan,nan,nan
2219,1,5,5,0,0,2,0,104,0,2,0,0,1,0,0,nan,23.89926578195309,nan,nan,nan,nan,nan
2220,1,5,5,0,0,2,0,104,0,2,0,0,1,0,0,nan,nan,nan,nan,nan,nan,nan
2221,1,5,5,0,0,2,0,104,2,2,0,0,1,0,0,33.760340564903345,nan,nan,nan,nan,nan,nan
2222,1,5,5,0,0,2,0,104,2,2,0,0,1,0,0,nan,nan,nan,nan,nan,nan,nan
2223,1,5,5,0,0,2,0,104,2,2,0,0,1,0,0,nan,nan,nan,nan,nan,nan,nan
2224,1,5,5,0,0,2,0,104,2,2,0,0,1,0,0,nan,nan,nan,nan,nan,nan,nan
2225,1,5,5,0,0,1,1,104,2,2,0,0,1,0,0,nan,nan,nan,nan,nan,26.78627971401511,nan
2226,1,5,5,0,0,1,1,104,2,2,0,0,1,0,0,nan,nan,nan,nan,nan,nan,nan
2227,1,5,5,0,0,1,1,104,2,2,0,0,1,0,0,nan,nan,nan,nan,nan,nan,nan
2228,1,5,5,0,0,1,1,104,2,2,0,0,1,0,0,nan,nan,nan,nan,nan,nan,nan
2229,1,5,5,0,0,1,1,104,2,2,0,0,1,0,0,nan,nan,nan,nan,nan,nan,nan
2230,1,5,5,0,0,1,1,104,2,2,0,0,1,0,0,nan,nan,nan,nan,nan,nan,nan
2231,1,5,5,0,0,1,1,104,2,2,0,0,1,0,0,nan,nan,nan,nan,nan,nan,nan
2232,1,5,5,0,0,1,1,104,2,2,0,1,0,0,0,nan,nan,nan,30.412023887387022,nan,nan,nan
2233,1,5,5,0,0,1,1,104,2,2,0,1,0,0,0,nan,nan,nan,nan,nan,nan,nan
2234,1,5,5,0,0,1,1,104,0,0,0,0,0,0,0,nan,nan,28.709435503297755,nan,nan,nan,nan
2235,1,5,5,0,0,1,1,104,0,0,0,0,0,0,0,nan,nan,nan,nan,nan,nan,nan
2236,1,5,5,0,0,1,1,104,0,0,0,0,0,0,0,nan,nan,nan,nan,nan,nan,nan
2237,1,5,5,0,0,1,1,104,0,0,0,0,0,0,0,nan,nan,nan,nan,nan,nan,nan
2238,1,5,5,0,0,1,1,104,0,0,0,0,0,0,0,nan,nan,nan,nan,nan,nan,nan
2239,1,5,5,0,0,1,1,104,0,0,0,0,0,0,0,nan,nan,nan,nan,nan,nan,nan
2240,1,5,5,0,0,1,0,105,0,0,0,0,0,0,0,nan,nan,nan,nan,nan,nan,27.340704572714003
2241,1,5,5,0,0,1,0,105,0,0,0,0,0,0,0,nan,nan,nan,nan,nan,nan,nan
2242,1,5,5,0,0,1,0,105,0,0,0,0,0,0,0,nan,nan,nan,nan,nan,nan,nan
2243,1,5,5,0,0,1,0,105,0,0,0,0,0,0,0,nan,nan,nan,nan,nan,nan,nan
2244,1,5,5,0,0,1,0,105,0,0,0,0,0,0,0,nan,nan,nan,nan,nan,nan,nan
2245,1,5,5,0,0,1,0,105,0,0,0,0,0,0,0,nan,nan,nan,nan,nan,nan,nan
2246,1,5,5,0,0,1,0,105,0,0,0,0,0,0,0,nan,nan,nan,nan,nan,nan,nan
2247,1,5,5,0,0,1,0,105,0,2,0,0,0,0,0,nan,27.908124194541415,nan,nan,nan,nan,nan
2248,1,5,5,0,0,1,0,105,0,2,0,0,0,0,0,nan,nan,nan,nan,nan,nan,nan
2249,1,5,5,0,0,1,0,105,0,2,0,0,0,0,0,nan,nan,nan,nan,nan,nan,nan
2250,1,5,5,0,0,1,0,105,0,2,0,0,0,0,0,nan,nan,nan,nan,nan,nan,nan
2251,1,5,5,0,0,1,0,105,0,2,0,0,0,0,0,nan,nan,nan,nan,nan,nan,nan
2252,1,5,5,0,0,2,0,105,2,2,0,1,0,0,0,31.15847576265014,nan,nan,20.040630610166318,38.027754077956615,nan,nan
2253,1,5,5,0,0,2,0,106,2,2,0,1,0,0,1,nan,nan,nan,nan,nan,nan,12.349878777614322
2254,1,5,5,0,0,2,0,106,2,2,0,1,0,0,1,nan,nan,nan,nan,nan,nan,nan
2255,1,5,5,0,0,2,0,106,2,2,0,1,0,0,1,nan,nan,nan,nan,nan,nan,nan
2256,1,5,5,0,0,1,0,106,0,0,0,0,0,0,0,nan,nan,21.7736890686665,nan,nan,31.71509660387528,nan
2257,1,5,5,0,0,1,0,106,0,0,0,0,0,0,0,nan,nan,nan,nan,nan,nan,nan
2258,1,5,5,0,0,1,0,106,0,0,0,0,0,0,0,nan,nan,nan,nan,nan,nan,nan
2259,1,5,5,0,0,1,0,106,0,0,0,0,0,0,0,nan,nan,nan,nan,nan,nan,nan
2260,1,5,5,0,0,1,0,106,0,0,0,0,0,0,0,nan,nan,nan,nan,nan,nan,nan
2261,1,5,5,0,0,1,0,106,0,0,0,0,0,0,0,nan,nan,nan,nan,nan,nan,nan
2262,1,5,5,0,0,1,0,106,0,0,0,0,0,0,0,nan,nan,nan,nan,nan,nan,nan
2263,1,5,5,0,0,1,0,106,0,0,0,0,0,0,0,nan,nan,nan,nan,nan,nan,nan
2264,1,5,5,0,0,1,0,106,0,0,0,0,0,0,0,nan,nan,nan,nan,nan,nan,nan
2265,1,5,5,0,0,1,0,106,0,0,0,0,0,0,0,nan,nan,nan,nan,nan,nan,nan
2266,1,5,5,0,0,1,0,106,0,0,0,0,0,0,0,nan,nan,nan,nan,nan,nan,nan
2267,1,5,5,0,0,1,0,106,0,0,0,0,0,0,0,nan,nan,nan,nan,nan,nan,nan
2268,1,5,5,0,0,1,0,106,0,0,0,0,0,0,0,nan,nan,nan,nan,nan,nan,nan
2269,1,5,4,1,0,1,0,106,0,0,0,0,0,0,0,nan,nan,13.132616246294674,nan,nan,nan,nan
2270,1,5,4,1,0,0,1,106,0,0,0,0,0,0,0,nan,nan,nan,nan,nan,13.208278735754448,nan
2271,1,5,4,1,0,0,1,106,0,0,0,0,0,0,0,nan,nan,nan,nan,nan,nan,nan
2272,1,5,4,1,0,0,1,106,0,0,0,0,0,0,0,nan,nan,nan,nan,nan,nan,nan
2273,1,5,4,1,0,0,1,106,0,0,0,0,0,0,0,nan,nan,nan,nan,nan,nan,nan
2274,1,5,4,1,0,1,1,106,0,0,0,0,1,0,0,nan,nan,nan,nan,21.55292964642649,nan,nan
2275,1,5,4,0,0,1,1,106,2,0,0,0,0,0,0,22.23995950970084,nan,nan,23.567079201749948,nan,nan,nan
2276,1,5,4,0,0,1,1,106,2,0,0,0,0,0,0,nan,nan,nan,nan,nan,nan,nan
2277,1,5,4,0,0,1,1,106,2,0,0,0,0,0,0,nan,nan,nan,nan,nan,nan,nan
2278,1,5,4,0,0,1,1,106,2,0,0,0,0,0,0,nan,nan,nan,nan,nan,nan,nan
2279,1,5,4,0,0,1,0,107,2,0,0,0,0,0,0,nan,nan,nan,nan,nan,nan,26.52541910070522
2280,1,5,4,0,0,1,0,107,2,0,0,0,0,0,0,nan,nan,nan,nan,nan,nan,nan
2281,1,5,4,0,0,1,0,107,2,0,0,0,0,0,0,nan,nan,nan,nan,nan,nan,nan
2282,1,5,5,0,0,1,0,107,0,0,0,0,0,0,0,nan,35.31637890434604,nan,nan,nan,nan,nan
2283,1,5,5,0,0,1,0,107,0,0,0,0,0,0,0,nan,nan,nan,nan,nan,nan,nan
2284,1,5,5,0,0,1,0,107,0,0,0,0,0,0,0,nan,nan,nan,nan,nan,nan,nan
2285,1,5,4,0,1,1,0,107,0,0,0,0,0,0,0,nan,nan,15.144300574791941,9.642207615291227,nan,nan,nan
2286,1,5,4,0,1,1,0,107,0,0,0,0,0,0,0,nan,nan,nan,nan,nan,nan,nan
2287,1,5,4,0,1,1,0,107,0,0,0,0,0,0,0,nan,nan,nan,nan,nan,nan,nan
2288,1,5,4,0,1,1,0,107,0,0,0,0,0,0,0,nan,nan,nan,nan,nan,nan,nan
2289,1,5,4,0,1,1,0,107,0,0,0,0,0,0,0,nan,nan,nan,nan,nan,nan,nan
2290,1,5,4,0,1,1,0,107,0,0,0,0,0,0,0,nan,nan,nan,nan,nan,nan,nan
2291,1,5,4,0,0,2,0,107,0,0,0,0,0,0,0,nan,nan,nan,nan,17.253685367834805,nan,nan
2292,1,5,4,0,0,2,0,108,0,0,0,0,0,0,1,nan,nan,nan,nan,nan,nan,13.068768880151765
2293,1,5,4,0,1,2,0,108,0,0,0,1,0,0,1,nan,nan,nan,8.510327289009183,nan,nan,nan
2294,1,5,4,0,1,2,0,108,0,0,0,1,0,0,1,nan,nan,nan,nan,nan,nan,nan
2295,1,5,4,0,1,2,0,108,0,0,0,1,0,0,1,nan,nan,nan,nan,nan,nan,nan
2296,1,5,4,0,1,2,0,108,0,0,0,1,0,0,1,nan,nan,nan,nan,nan,nan,nan
2297,1,5,4,0,1,2,0,108,2,0,0,1,0,0,1,21.921375067443478,nan,nan,nan,nan,nan,nan
2298,1,5,5,0,1,2,0,108,0,0,0,1,0,0,1,nan,16.22402537281505,nan,nan,nan,nan,nan
2299,1,5,5,0,1,2,0,108,0,0,0,1,0,0,1,nan,nan,nan,nan,nan,nan,nan
2300,1,5,5,0,1,1,0,108,0,0,0,1,0,0,0,nan,nan,nan,nan,nan,30.28791932983586,nan
2301,1,5,5,0,1,1,0,108,0,0,0,1,0,0,0,nan,nan,nan,nan,nan,nan,nan
2302,1,5,5,0,1,1,0,108,0,0,0,1,0,0,0,nan,nan,nan,nan,nan,nan,nan
2303,1,5,5,0,1,1,0,108,0,0,0,1,0,0,0,nan,nan,nan,nan,nan,nan,nan
2304,1,5,5,0,1,1,0,108,0,0,0,1,0,0,0,nan,nan,nan,nan,nan,nan,nan
2305,1,5,5,0,1,1,0,108,0,0,0,1,0,0,0,nan,nan,nan,nan,nan,nan,nan
2306,1,5,5,0,1,1,0,108,0,0,0,1,0,0,0,nan,nan,nan,nan,nan,nan,nan
2307,1,5,5,0,1,1,0,108,0,0,0,1,0,0,0,nan,nan,nan,nan,nan,nan,nan
2308,1,5,5,0,1,1,0,108,0,0,0,1,0,0,0,nan,nan,nan,nan,nan,nan,nan
2309,1,5,5,0,1,1,0,108,0,0,0,1,0,0,0,nan,nan,nan,nan,nan,nan,nan
2310,1,5,5,0,1,1,0,108,0,0,0,1,0,0,0,nan,nan,nan,nan,nan,nan,nan
2311,1,5,5,0,1,0,1,108,0,0,0,1,0,0,0,nan,nan,nan,nan,nan,11.19923326458229,nan
2312,1,5,5,0,1,0,1,108,0,0,0,1,0,0,0,nan,nan,nan,nan,nan,nan,nan
2313,1,5,5,0,1,0,1,108,0,0,0,1,0,0,0,nan,nan,nan,nan,nan,nan,nan
2314,1,4,5,0,1,0,1,108,0,0,0,0,0,0,0,nan,15.525786145921757,29.398938398514474,nan,nan,nan,nan
2315,1,4,5,0,1,0,1,108,0,0,0,0,0,0,0,nan,nan,nan,nan,nan,nan,nan
2316,1,4,5,0,1,0,1,108,0,0,0,0,0,0,0,nan,nan,nan,nan,nan,nan,nan
2317,1,4,5,0,0,1,1,108,0,0,0,0,0,0,0,nan,nan,nan,nan,26.075319235732422,nan,nan
2318,1,5,5,0,0,1,1,108,0,0,0,0,0,0,0,21.277582707748024,nan,nan,nan,nan,nan,nan
2319,1,5,5,0,0,1,0,109,0,0,0,0,0,0,0,nan,nan,nan,nan,nan,nan,26.54210881113977
2320,1,5,5,0,0,1,0,109,0,0,0,0,0,0,0,nan,nan,nan,nan,nan,nan,nan
2321,1,5,5,0,0,1,0,109,0,0,0,0,0,0,0,nan,nan,nan,nan,nan,nan,nan
2322,1,5,5,0,0,1,0,109,0,0,0,0,0,0,0,nan,nan,nan,nan,nan,nan,nan
2323,1,5,5,0,0,1,0,109,0,0,0,0,0,0,0,nan,nan,nan,nan,nan,nan,nan
2324,1,5,5,0,0,1,0,109,0,0,0,0,0,0,0,nan,nan,nan,nan,nan,nan,nan
2325,1,5,5,0,0,1,0,109,0,0,0,0,0,0,0,nan,nan,nan,nan,nan,nan,nan
2326,1,5,5,0,1,1,0,109,0,0,0,1,0,0,0,nan,nan,nan,32.421405147413225,nan,nan,nan
2327,1,5,5,0,1,1,0,109,0,0,0,1,0,0,0,nan,nan,nan,nan,nan,nan,nan
2328,1,5,5,0,0,2,0,109,0,0,0,1,0,0,0,nan,nan,nan,nan,10.95611593502008,nan,nan
2329,1,5,5,0,0,2,0,109,0,0,0,1,0,0,0,nan,nan,nan,nan,nan,nan,nan
2330,1,5,5,0,0,2,0,109,0,0,0,1,0,0,0,nan,nan,nan,nan,nan,nan,nan
2331,1,5,5,0,0,1,1,109,0,0,0,1,0,0,0,nan,nan,nan,nan,nan,19.559029965919308,nan
2332,1,5,5,0,0,1,1,109,0,0,0,1,0,0,0,nan,nan,nan,nan,nan,nan,nan
2333,1,5,5,0,0,1,1,109,0,0,0,1,0,0,0,nan,nan,nan,nan,nan,nan,nan
2334,1,5,5,0,0,1,1,109,0,0,0,1,0,0,0,nan,nan,nan,nan,nan,nan,nan
2335,1,5,5,0,0,1,1,109,0,0,0,1,0,0,0,nan,nan,nan,nan,nan,nan,nan
2336,1,5,4,0,0,1,0,110,0,0,0,0,0,0,0,nan,nan,21.94957664248932,nan,nan,nan,17.051939427899015
2337,1,5,4,0,0,1,0,110,0,0,0,0,0,0,0,nan,nan,nan,nan,nan,nan,nan
2338,1,5,4,0,0,1,0,110,0,0,0,0,0,0,0,nan,nan,nan,nan,nan,nan,nan
2339,1,4,5,0,0,2,0,110,0,0,0,0,1,0,0,nan,24.822003143296115,nan,nan,11.179961259879292,nan,nan
2340,1,4,5,0,0,2,0,110,0,0,0,0,1,0,0,nan,nan,nan,nan,nan,nan,nan
2341,1,4,5,0,0,2,0,110,0,0,0,0,1,0,0,nan,nan,nan,nan,nan,nan,nan
2342,1,4,5,0,0,2,0,110,0,0,0,0,1,0,0,nan,nan,nan,nan,nan,nan,nan
2343,1,4,5,0,0,2,0,110,0,0,0,0,1,0,0,nan,nan,nan,nan,nan,nan,nan
2344,1,4,5,0,0,2,0,110,0,0,0,0,1,0,0,nan,nan,nan,nan,nan,nan,nan
2345,1,4,5,0,0,2,0,110,0,0,0,0,1,0,0,nan,nan,nan,nan,nan,nan,nan
2346,1,4,5,0,0,2,0,110,0,0,0,0,1,0,0,nan,nan,nan,nan,nan,nan,nan
2347,1,4,5,0,0,2,0,110,0,0,0,1,0,0,0,nan,nan,nan,21.632731034483186,nan,nan,nan
2348,1,4,5,0,0,2,0,110,0,0,0,1,0,0,0,nan,nan,nan,nan,nan,nan,nan
2349,1,4,5,0,0,2,0,110,0,0,0,1,0,0,0,nan,nan,nan,nan,nan,nan,nan
2350,1,4,5,0,0,2,0,110,0,0,0,1,0,0,0,nan,nan,nan,nan,nan,nan,nan
2351,1,5,5,0,0,2,0,110,0,0,0,1,0,0,0,33.242434122546,nan,nan,nan,nan,nan,nan
2352,1,5,5,0,0,2,0,111,0,0,0,1,0,0,1,nan,nan,nan,nan,nan,nan,16.655164327598868
2353,1,5,4,0,0,2,0,111,0,0,0,0,0,0,1,nan,nan,17.526824629323983,nan,nan,nan,nan
2354,1,5,4,0,0,2,0,111,0,0,0,0,0,0,1,nan,nan,nan,nan,nan,nan,nan
2355,1,5,4,0,0,2,0,111,0,0,0,0,0,0,1,nan,nan,nan,nan,nan,nan,nan
2356,1,5,4,0,0,2,0,111,0,0,0,0,0,0,1,nan,nan,nan,nan,nan,nan,nan
2357,1,5,4,0,0,1,0,111,0,0,0,0,0,0,0,nan,nan,nan,nan,nan,26.07433947964637,nan
2358,1,5,4,0,0,1,0,111,0,0,0,0,0,0,0,nan,nan,nan,nan,nan,nan,nan
2359,1,5,4,0,0,1,0,111,0,0,0,0,0,0,0,nan,nan,nan,nan,nan,nan,nan
2360,1,5,4,0,0,1,0,111,0,0,0,0,0,0,0,nan,nan,nan,nan,nan,nan,nan
2361,1,5,4,0,0,1,0,111,0,0,0,0,0,0,0,nan,nan,nan,nan,nan,nan,nan
2362,1,5,4,0,0,1,0,111,0,0,0,0,0,0,0,nan,nan,nan,nan,nan,nan,nan
2363,1,4,5,0,0,1,0,111,0,0,0,0,0,0,0,nan,24.912203264587788,nan,nan,nan,nan,nan
2364,1,5,5,0,0,1,0,111,0,0,0,0,0,0,0,13.138674985299076,nan,nan,nan,nan,nan,nan
2365,1,5,5,0,0,1,0,111,0,0,0,0,0,0,0,nan,nan,nan,nan,nan,nan,nan
2366,1,5,5,0,0,2,0,111,0,0,0,0,1,0,0,nan,nan,nan,nan,26.132670813313325,nan,nan
2367,1,5,5,0,0,2,0,111,0,0,0,0,1,0,0,nan,nan,nan,nan,nan,nan,nan
2368,1,5,5,0,0,2,0,112,0,0,0,0,1,0,1,nan,nan,nan,nan,nan,nan,15.672323834452072
2369,1,5,5,0,0,2,0,112,0,0,0,0,1,0,1,nan,nan,nan,nan,nan,nan,nan
2370,1,5,5,0,0,2,0,112,0,0,0,0,1,0,1,nan,nan,nan,nan,nan,nan,nan
2371,1,5,4,1,0,2,0,112,0,0,0,0,1,0,1,nan,nan,17.947859414419327,nan,nan,nan,nan
2372,1,5,4,1,0,2,0,112,0,0,0,0,1,0,1,nan,nan,nan,nan,nan,nan,nan
2373,1,5,4,0,0,2,0,112,0,0,0,0,0,0,1,nan,nan,nan,26.002094517234127,nan,nan,nan
2374,1,5,4,0,0,2,0,112,0,0,0,0,0,0,1,nan,nan,nan,nan,nan,nan,nan
2375,1,5,4,0,0,1,0,112,0,0,0,0,0,0,0,nan,nan,nan,nan,nan,18.14911411065532,nan
2376,1,5,4,0,0,1,0,112,0,0,0,0,0,0,0,nan,nan,nan,nan,nan,nan,nan
2377,1,5,4,0,0,1,0,112,0,0,0,0,0,0,0,nan,nan,nan,nan,nan,nan,nan
2378,1,5,4,0,0,1,0,112,0,0,0,0,0,0,0,nan,nan,nan,nan,nan,nan,nan
2379,1,5,4,0,0,1,0,112,2,0,0,0,0,0,0,15.243381193284222,nan,nan,nan,nan,nan,nan
2380,1,5,4,0,0,1,0,112,2,0,0,0,0,0,0,nan,nan,nan,nan,nan,nan,nan
2381,1,5,4,0,0,1,0,112,2,0,0,0,0,0,0,nan,nan,nan,nan,nan,nan,nan
2382,1,5,4,0,0,1,0,112,2,0,0,0,0,0,0,nan,nan,nan,nan,nan,nan,nan
2383,1,5,4,0,1,1,0,112,2,0,0,1,0,0,0,nan,nan,nan,9.48251512348861,nan,nan,nan
2384,1,5,4,0,1,1,0,112,2,0,0,1,0,0,0,nan,nan,nan,nan,nan,nan,nan
2385,1,5,4,0,1,1,0,113,2,0,0,1,0,0,1,nan,nan,nan,nan,nan,nan,17.210495805960818
2386,1,5,4,0,1,1,0,113,2,0,0,1,0,0,1,nan,nan,nan,nan,nan,nan,nan
2387,1,5,5,0,1,1,0,113,0,0,0,1,0,0,1,nan,23.575034276721908,nan,nan,nan,nan,nan
2388,1,5,5,0,1,1,0,113,0,0,0,1,0,0,1,nan,nan,nan,nan,nan,nan,nan
2389,1,5,5,0,1,1,0,113,0,0,0,1,0,0,1,nan,nan,nan,nan,nan,nan,nan
2390,1,5,5,0,1,1,0,113,0,0,0,1,0,0,1,nan,nan,nan,nan,nan,nan,nan
2391,1,5,5,0,1,1,0,113,0,0,0,1,0,0,1,nan,nan,nan,nan,nan,nan,nan
2392,1,5,5,0,0,1,0,113,0,0,0,1,0,0,0,nan,nan,nan,nan,26.09450349647932,17.222809586459334,nan
2393,1,5,5,0,0,1,0,113,0,0,0,1,0,0,0,nan,nan,nan,nan,nan,nan,nan
2394,1,5,5,0,0,1,0,113,0,0,0,1,0,0,0,nan,nan,nan,nan,nan,nan,nan
2395,1,5,5,0,0,1,0,113,0,0,0,1,0,0,0,nan,nan,nan,nan,nan,nan,nan
2396,1,5,5,0,0,1,0,113,0,0,0,1,0,0,0,nan,nan,nan,nan,nan,nan,nan
2397,1,5,5,0,0,1,0,113,0,0,0,1,0,0,0,nan,nan,nan,nan,nan,nan,nan
2398,1,5,5,0,0,1,0,113,0,0,0,1,0,0,0,nan,nan,nan,nan,nan,nan,nan
2399,1,5,5,0,0,1,0,113,0,0,0,1,0,0,0,nan,nan,nan,nan,nan,nan,nan
2400,1,5,5,0,0,1,0,113,2,0,0,1,0,0,0,20.413755025664614,nan,nan,nan,nan,nan,nan
2401,1,5,5,0,0,1,0,113,2,0,0,1,0,0,0,nan,nan,nan,nan,nan,nan,nan
2402,1,5,5,0,0,1,0,113,2,0,0,1,0,0,0,nan,nan,nan,nan,nan,nan,nan
2403,1,5,5,0,0,1,0,113,2,2,0,1,0,0,0,nan,15.752074998749322,nan,nan,nan,nan,nan
2404,1,5,5,0,0,1,0,113,2,2,0,1,0,0,0,nan,nan,nan,nan,nan,nan,nan
2405,1,5,5,0,0,2,0,113,2,2,0,1,1,0,0,nan,nan,nan,nan,12.963657801669342,nan,nan
2406,1,5,5,0,0,2,0,113,2,2,0,1,1,0,0,nan,nan,nan,nan,nan,nan,nan
2407,1,5,5,0,0,2,0,114,2,2,0,1,1,0,1,nan,nan,nan,nan,nan,nan,21.230038787871763
2408,1,5,5,0,0,2,0,114,2,2,0,1,1,0,1,nan,nan,nan,nan,nan,nan,nan
2409,1,5,5,0,0,2,0,114,2,2,0,1,1,0,1,nan,nan,nan,nan,nan,nan,nan
2410,1,5,5,0,0,2,0,114,2,2,0,1,1,0,1,nan,nan,nan,nan,nan,nan,nan
2411,1,5,5,0,0,1,0,114,2,2,0,1,1,0,0,nan,nan,nan,nan,nan,18.70981980718534,nan
2412,1,5,5,0,0,1,0,114,2,2,0,1,1,0,0,nan,nan,nan,nan,nan,nan,nan
2413,1,5,5,0,0,1,0,114,0,0,0,0,1,0,0,nan,nan,41.42013133975115,nan,nan,nan,nan
2414,1,5,5,0,0,1,0,114,0,0,0,0,1,0,0,nan,nan,nan,nan,nan,nan,nan
2415,1,5,5,0,0,1,0,114,0,0,0,0,1,0,0,nan,nan,nan,nan,nan,nan,nan
2416,1,5,5,0,0,1,0,114,0,0,0,0,1,0,0,nan,nan,nan,nan,nan,nan,nan
2417,1,5,5,0,0,1,0,114,0,0,0,0,1,0,0,nan,nan,nan,nan,nan,nan,nan
2418,1,5,5,0,0,1,0,114,0,0,0,0,1,0,0,nan,nan,nan,nan,nan,nan,nan
2419,1,5,5,0,0,1,0,115,0,0,0,0,1,0,1,nan,nan,nan,nan,nan,nan,12.869337644943698
2420,1,5,5,0,0,1,0,115,0,0,0,0,1,0,1,nan,nan,nan,nan,nan,nan,nan
2421,1,5,5,0,0,1,0,115,0,0,0,0,1,0,1,nan,nan,nan,nan,nan,nan,nan
2422,1,5,5,0,0,1,0,115,0,0,0,0,1,0,1,nan,nan,nan,nan,nan,nan,nan
2423,1,5,5,0,0,0,0,115,0,0,0,0,1,0,0,nan,nan,nan,nan,nan,12.224642490960832,nan
2424,1,5,4,1,0,0,0,115,0,0,0,0,1,0,0,nan,nan,11.635131158482181,nan,nan,nan,nan
2425,1,5,4,1,0,0,0,115,0,0,0,0,1,0,0,nan,nan,nan,nan,nan,nan,nan
2426,1,5,4,0,0,0,0,115,0,0,0,0,0,0,0,nan,nan,nan,42.93871494400719,nan,nan,nan
2427,1,5,4,0,0,0,0,115,0,0,0,0,0,0,0,nan,nan,nan,nan,nan,nan,nan
2428,1,5,4,0,0,0,0,115,0,0,0,0,0,0,0,nan,nan,nan,nan,nan,nan,nan
2429,1,5,4,0,0,0,0,115,0,0,0,0,0,0,0,nan,nan,nan,nan,nan,nan,nan
2430,1,5,4,0,0,0,0,115,0,0,0,0,0,0,0,nan,nan,nan,nan,nan,nan,nan
2431,1,4,5,0,0,0,0,115,0,0,0,0,0,0,0,nan,28.50389270560936,nan,nan,nan,nan,nan
2432,1,4,5,0,0,0,0,115,0,0,0,0,0,0,0,nan,nan,nan,nan,nan,nan,nan
2433,1,4,5,0,0,0,0,115,0,0,0,0,0,0,0,nan,nan,nan,nan,nan,nan,nan
2434,1,4,5,0,0,0,0,115,0,0,0,0,0,0,0,nan,nan,nan,nan,nan,nan,nan
2435,1,4,5,0,0,0,1,115,0,0,0,0,0,1,0,nan,nan,nan,nan,nan,11.523729086933145,nan
2436,1,4,5,0,0,0,0,116,0,0,0,0,0,1,0,nan,nan,nan,nan,nan,nan,16.782421312784663
2437,1,4,5,0,0,0,0,116,0,0,0,0,0,1,0,nan,nan,nan,nan,nan,nan,nan
2438,1,4,5,0,0,0,0,116,0,0,0,0,0,1,0,nan,nan,nan,nan,nan,nan,nan
2439,1,4,5,0,0,0,0,116,0,0,0,0,0,1,0,nan,nan,nan,nan,nan,nan,nan
2440,1,4,5,0,1,0,0,116,0,0,0,1,0,1,0,nan,nan,nan,13.732784290806194,nan,nan,nan
2441,1,4,4,0,0,0,0,116,0,0,0,0,0,0,0,nan,nan,16.777338548802163,nan,36.628183444143815,nan,nan
2442,1,5,4,0,0,0,0,116,0,0,0,0,0,0,0,42.651592951229304,nan,nan,nan,nan,nan,nan
2443,1,5,4,0,0,0,0,116,0,0,0,0,0,0,0,nan,nan,nan,nan,nan,nan,nan
2444,1,5,4,0,0,0,0,116,0,0,0,0,0,0,0,nan,nan,nan,nan,nan,nan,nan
2445,1,5,4,0,0,0,0,116,0,0,0,0,0,0,0,nan,nan,nan,nan,nan,nan,nan
2446,1,5,4,0,0,0,0,116,0,0,0,0,0,0,0,nan,nan,nan,nan,nan,nan,nan
2447,1,5,4,0,0,0,0,116,0,0,0,0,0,0,0,nan,nan,nan,nan,nan,nan,nan
2448,1,5,4,0,0,0,0,116,0,0,0,0,0,0,0,nan,nan,nan,nan,nan,nan,nan
2449,1,5,4,0,0,0,0,116,0,0,0,0,0,0,0,nan,nan,nan,nan,nan,nan,nan
2450,1,4,5,0,0,0,0,116,0,0,0,0,0,0,0,nan,19.08232805261514,nan,nan,nan,nan,nan
2451,1,4,5,0,0,0,0,116,0,0,0,0,0,0,0,nan,nan,nan,nan,nan,nan,nan
2452,1,4,5,0,0,1,0,116,0,0,0,0,1,0,0,nan,nan,nan,nan,10.881317030933587,nan,nan
2453,1,4,5,0,0,1,0,116,0,0,0,1,0,0,0,nan,nan,nan,13.226219537113593,nan,nan,nan
2454,1,4,4,0,0,1,0,116,0,0,0,0,0,0,0,nan,nan,12.410801640749924,nan,nan,nan,nan
2455,1,4,4,0,0,1,0,116,0,0,0,0,0,0,0,nan,nan,nan,nan,nan,nan,nan
2456,1,4,4,0,0,1,0,116,0,0,0,0,0,0,0,nan,nan,nan,nan,nan,nan,nan
2457,1,4,4,0,0,1,0,116,0,0,0,0,0,0,0,nan,nan,nan,nan,nan,nan,nan
2458,1,4,4,0,0,1,0,116,0,0,0,0,0,0,0,nan,nan,nan,nan,nan,nan,nan
2459,1,4,4,0,0,1,0,116,0,0,0,0,0,0,0,nan,nan,nan,nan,nan,nan,nan
2460,1,4,4,0,0,1,0,116,0,0,0,0,0,0,0,nan,nan,nan,nan,nan,nan,nan
2461,1,4,4,0,0,0,1,116,0,0,0,0,0,0,0,nan,nan,nan,nan,nan,26.824817487199198,nan
2462,1,4,4,0,0,0,1,116,0,0,0,0,0,0,0,nan,nan,nan,nan,nan,nan,nan
2463,1,4,4,0,0,0,1,116,0,0,0,0,0,0,0,nan,nan,nan,nan,nan,nan,nan
2464,1,4,4,0,0,1,1,116,0,0,0,0,1,0,0,nan,nan,nan,nan,12.281758442794853,nan,nan
2465,1,4,4,0,0,1,1,116,0,0,0,0,1,0,0,nan,nan,nan,nan,nan,nan,nan
2466,1,3,5,0,0,1,0,117,0,0,0,0,1,0,0,nan,16.09174509170225,nan,nan,nan,nan,29.460655052361744
2467,1,4,5,0,0,1,0,117,0,0,0,1,0,0,0,24.391644934659325,nan,nan,13.838701802339074,nan,nan,nan
2468,1,4,5,0,0,1,0,117,0,0,0,1,0,0,0,nan,nan,nan,nan,nan,nan,nan
2469,1,4,4,0,0,1,0,117,0,0,0,0,0,0,0,nan,nan,15.584769497439083,nan,nan,nan,nan
2470,1,4,4,0,0,1,0,117,0,0,0,0,0,0,0,nan,nan,nan,nan,nan,nan,nan
2471,1,4,4,0,0,1,0,117,0,0,0,0,0,0,0,nan,nan,nan,nan,nan,nan,nan
2472,1,4,4,0,0,1,0,117,0,0,0,0,0,0,0,nan,nan,nan,nan,nan,nan,nan
2473,1,4,4,0,0,1,0,117,0,0,0,0,0,0,0,nan,nan,nan,nan,nan,nan,nan
2474,1,4,4,0,0,1,0,117,0,0,0,0,0,0,0,nan,nan,nan,nan,nan,nan,nan
2475,1,4,4,0,0,1,0,117,0,0,0,0,0,0,0,nan,nan,nan,nan,nan,nan,nan
2476,1,4,4,0,0,1,0,117,0,0,0,0,0,0,0,nan,nan,nan,nan,nan,nan,nan
2477,1,4,4,0,0,1,0,117,0,0,0,0,0,0,0,nan,nan,nan,nan,nan,nan,nan
2478,1,4,4,0,0,1,0,117,0,0,0,0,0,0,0,nan,nan,nan,nan,nan,nan,nan
2479,1,4,4,0,0,1,0,117,0,0,0,0,0,0,0,nan,nan,nan,nan,nan,nan,nan
2480,1,4,4,0,0,0,1,117,0,0,0,0,0,0,0,nan,nan,nan,nan,nan,18.88125129917944,nan
2481,1,4,4,0,0,0,1,117,0,0,0,0,0,0,0,nan,nan,nan,nan,nan,nan,nan
2482,1,4,4,0,0,0,1,117,0,0,0,0,0,0,0,nan,nan,nan,nan,nan,nan,nan
2483,1,4,4,0,0,0,1,117,0,0,0,0,0,0,0,nan,nan,nan,nan,nan,nan,nan
2484,1,4,3,1,0,0,1,117,0,0,0,0,0,0,0,nan,nan,15.290960613744573,nan,nan,nan,nan
2485,1,4,3,1,0,0,1,117,0,0,0,0,0,0,0,nan,nan,nan,nan,nan,nan,nan
2486,1,4,3,1,0,0,1,117,0,0,0,0,0,0,0,nan,nan,nan,nan,nan,nan,nan
2487,1,5,3,1,0,0,1,117,0,0,0,0,0,0,0,20.44569867324026,nan,nan,nan,nan,nan,nan
2488,1,5,3,0,1,0,1,117,0,0,0,0,0,0,0,nan,nan,nan,21.41916688684205,nan,nan,nan
2489,1,5,3,0,1,0,0,118,0,0,0,0,0,0,0,nan,nan,nan,nan,nan,nan,22.9883021825417
2490,1,5,3,0,0,1,0,118,0,0,0,0,0,0,0,nan,nan,nan,nan,25.13874282621282,nan,nan
2491,1,5,3,0,0,1,0,118,0,0,0,0,0,0,0,nan,nan,nan,nan,nan,nan,nan
2492,1,5,3,0,0,1,0,118,0,0,0,0,0,0,0,nan,nan,nan,nan,nan,nan,nan
2493,1,5,3,0,0,1,0,118,0,0,0,0,0,0,0,nan,nan,nan,nan,nan,nan,nan
2494,1,5,3,0,0,1,0,118,0,0,0,0,0,0,0,nan,nan,nan,nan,nan,nan,nan
2495,1,5,3,0,0,0,1,118,0,0,0,0,0,0,0,nan,nan,nan,nan,nan,14.815971716868717,nan
2496,1,5,3,0,0,0,1,118,0,0,0,0,0,0,0,nan,nan,nan,nan,nan,nan,nan
2497,1,5,3,0,0,0,1,118,0,0,0,0,0,0,0,nan,nan,nan,nan,nan,nan,nan
2498,1,4,4,0,0,0,1,118,0,0,0,0,0,0,0,nan,31.71805084961443,nan,nan,nan,nan,nan
2499,1,4,4,0,0,0,1,118,0,0,0,0,0,0,0,nan,nan,nan,nan,nan,nan,nan
2500,1,4,4,0,0,0,1,118,0,0,0,0,0,0,0,nan,nan,nan,nan,nan,nan,nan
2501,1,4,4,0,0,0,1,118,0,0,0,0,0,0,0,nan,nan,nan,nan,nan,nan,nan
2502,1,4,4,0,0,0,1,118,0,0,0,0,0,0,0,nan,nan,nan,nan,nan,nan,nan
2503,1,4,4,0,0,0,0,119,0,0,0,0,0,0,0,nan,nan,nan,nan,nan,nan,13.993189018719022
2504,1,4,4,0,0,0,0,119,0,0,0,0,0,0,0,nan,nan,nan,nan,nan,nan,nan
2505,1,4,4,0,0,0,0,119,0,0,0,0,0,0,0,nan,nan,nan,nan,nan,nan,nan
2506,1,4,4,0,0,0,0,119,0,0,0,0,0,0,0,nan,nan,nan,nan,nan,nan,nan
2507,1,4,4,0,0,0,0,119,0,0,0,0,0,0,0,nan,nan,nan,nan,nan,nan,nan
2508,1,4,4,0,0,1,0,119,0,0,0,1,0,0,0,nan,nan,nan,19.504086447287136,18.66942005458168,nan,nan
2509,1,4,4,0,0,1,0,119,0,0,0,1,0,0,0,nan,nan,nan,nan,nan,nan,nan
2510,1,4,4,0,0,1,0,119,0,0,0,1,0,0,0,nan,nan,nan,nan,nan,nan,nan
2511,1,5,4,0,0,1,0,119,0,0,0,1,0,0,0,23.62494599574984,nan,nan,nan,nan,nan,nan
2512,1,5,4,0,0,1,0,119,0,0,0,1,0,0,0,nan,nan,nan,nan,nan,nan,nan
2513,1,4,5,0,0,1,0,119,0,0,0,1,0,0,0,nan,14.422953561504073,nan,nan,nan,nan,nan
2514,1,4,5,0,0,1,0,119,0,0,0,1,0,0,0,nan,nan,nan,nan,nan,nan,nan
2515,1,4,4,0,0,1,0,120,0,0,0,0,0,0,1,nan,nan,30.9034416213608,nan,nan,nan,12.561199599672364
2516,1,4,4,0,0,0,0,120,0,0,0,0,0,0,0,nan,nan,nan,nan,nan,20.550099247849175,nan
2517,1,4,4,0,0,0,0,120,0,0,0,0,0,0,0,nan,nan,nan,nan,nan,nan,nan
2518,1,4,4,0,0,0,0,120,0,0,0,0,0,0,0,nan,nan,nan,nan,nan,nan,nan
2519,1,4,4,0,0,0,0,120,0,0,0,0,0,0,0,nan,nan,nan,nan,nan,nan,nan
2520,1,4,4,0,0,0,0,120,0,0,0,0,0,0,0,nan,nan,nan,nan,nan,nan,nan
2521,1,4,4,0,0,0,0,120,0,0,0,0,0,0,0,nan,nan,nan,nan,nan,nan,nan
2522,1,4,4,0,0,0,0,120,0,0,0,0,0,0,0,nan,nan,nan,nan,nan,nan,nan
2523,1,4,4,0,0,0,0,120,0,0,0,0,0,0,0,nan,nan,nan,nan,nan,nan,nan
2524,1,4,4,0,0,1,0,120,0,0,0,0,1,0,0,nan,nan,nan,nan,15.365274717229568,nan,nan
2525,1,4,4,0,0,1,0,120,0,0,0,0,1,0,0,nan,nan,nan,nan,nan,nan,nan
2526,1,3,5,0,0,1,0,120,0,0,0,0,1,0,0,nan,13.186830280557388,nan,nan,nan,nan,nan
2527,1,3,5,0,0,1,0,120,0,0,0,0,1,0,0,nan,nan,nan,nan,nan,nan,nan
2528,1,4,5,0,0,1,0,120,0,0,0,0,1,0,0,17.330432307881892,nan,nan,nan,nan,nan,nan
2529,1,4,5,0,0,1,0,120,0,0,0,0,1,0,0,nan,nan,nan,nan,nan,nan,nan
2530,1,4,5,0,0,1,0,121,0,0,0,0,1,0,1,nan,nan,nan,nan,nan,nan,14.391821959482968
2531,1,4,5,0,0,1,0,121,0,0,0,0,1,0,1,nan,nan,nan,nan,nan,nan,nan
2532,1,4,5,0,0,1,0,121,0,0,0,0,1,0,1,nan,nan,nan,nan,nan,nan,nan
2533,1,4,5,0,0,0,0,121,0,0,0,0,1,0,0,nan,nan,nan,nan,nan,17.419907279152994,nan
2534,1,4,4,1,0,0,0,121,0,0,0,0,1,0,0,nan,nan,18.35071773507434,nan,nan,nan,nan
2535,1,4,4,1,0,0,0,121,0,0,0,0,1,0,0,nan,nan,nan,nan,nan,nan,nan
2536,1,4,4,0,0,0,0,121,0,0,0,0,0,0,0,nan,nan,nan,28.409863818543727,nan,nan,nan
2537,1,4,4,0,0,0,0,121,0,0,0,0,0,0,0,nan,nan,nan,nan,nan,nan,nan
2538,1,4,4,0,0,0,0,121,0,0,0,0,0,0,0,nan,nan,nan,nan,nan,nan,nan
2539,1,4,4,0,0,0,0,121,0,0,0,0,0,0,0,nan,nan,nan,nan,nan,nan,nan
2540,1,3,5,0,0,0,0,121,0,0,0,0,0,0,0,nan,13.837787710089287,nan,nan,nan,nan,nan
2541,1,3,5,0,0,0,0,121,0,0,0,0,0,0,0,nan,nan,nan,nan,nan,nan,nan
2542,1,3,5,0,0,0,0,121,0,0,0,0,0,0,0,nan,nan,nan,nan,nan,nan,nan
2543,1,3,5,0,0,0,0,121,0,0,0,0,0,0,0,nan,nan,nan,nan,nan,nan,nan
2544,1,3,5,0,0,0,0,121,0,0,0,0,0,0,0,nan,nan,nan,nan,nan,nan,nan
2545,1,3,5,0,0,0,0,122,0,0,0,0,0,0,1,nan,nan,nan,nan,nan,nan,15.733696008214338
2546,1,3,5,0,0,0,0,122,0,0,0,0,0,0,1,nan,nan,nan,nan,nan,nan,nan
2547,1,4,5,0,0,0,0,122,0,0,0,0,0,0,1,18.582811640767886,nan,nan,nan,nan,nan,nan
2548,1,4,5,0,0,0,0,122,0,0,0,0,0,0,1,nan,nan,nan,nan,nan,nan,nan
2549,1,4,5,0,0,0,0,122,0,0,0,0,0,0,1,nan,nan,nan,nan,nan,nan,nan
2550,1,4,5,0,1,0,0,122,0,0,0,1,0,0,1,nan,nan,nan,13.492882019446824,nan,nan,nan
2551,1,4,5,0,0,1,0,122,0,0,0,1,0,0,1,nan,nan,nan,nan,27.83239738280099,nan,nan
2552,1,4,5,0,0,1,0,122,0,0,0,1,0,0,1,nan,nan,nan,nan,nan,nan,nan
2553,1,4,5,0,0,1,0,122,0,0,0,1,0,0,1,nan,nan,nan,nan,nan,nan,nan
2554,1,4,5,0,0,0,0,122,0,0,0,1,0,0,0,nan,nan,nan,nan,nan,20.89608064989625,nan
2555,1,4,5,0,0,0,0,122,0,0,0,1,0,0,0,nan,nan,nan,nan,nan,nan,nan
2556,1,4,5,0,0,0,0,122,0,2,0,1,0,0,0,nan,16.625984292607427,nan,nan,nan,nan,nan
2557,1,4,5,0,0,0,0,122,0,2,0,1,0,0,0,nan,nan,nan,nan,nan,nan,nan
2558,1,4,5,0,0,0,0,122,0,2,0,1,0,0,0,nan,nan,nan,nan,nan,nan,nan
2559,1,4,5,0,0,0,0,122,0,2,0,1,0,0,0,nan,nan,nan,nan,nan,nan,nan
2560,1,4,5,0,0,0,0,122,0,2,0,1,0,0,0,nan,nan,nan,nan,nan,nan,nan
2561,1,4,5,0,0,0,0,122,0,2,0,1,0,0,0,nan,nan,nan,nan,nan,nan,nan
2562,1,5,5,0,0,0,0,122,0,2,0,1,0,0,0,14.847334920184494,nan,nan,nan,nan,nan,nan
2563,1,5,5,0,0,0,0,122,0,2,0,1,0,0,0,nan,nan,nan,nan,nan,nan,nan
2564,1,5,5,0,0,0,0,122,0,2,0,1,0,0,0,nan,nan,nan,nan,nan,nan,nan
2565,1,5,5,0,0,0,0,122,0,2,0,1,0,0,0,nan,nan,nan,nan,nan,nan,nan
2566,1,5,5,0,0,0,0,122,0,2,0,1,0,0,0,nan,nan,nan,nan,nan,nan,nan
2567,1,5,5,0,0,0,0,122,0,2,0,1,0,0,0,nan,nan,nan,nan,nan,nan,nan
2568,1,5,5,0,0,0,0,122,0,2,0,1,0,0,0,nan,nan,nan,nan,nan,nan,nan
2569,1,5,5,0,0,0,1,122,0,2,0,1,1,0,0,nan,nan,nan,nan,17.963752582239067,14.528988043686695,nan
2570,1,5,5,0,0,0,1,122,0,2,0,1,1,0,0,nan,nan,nan,nan,nan,nan,nan
2571,1,4,5,0,0,0,1,122,0,0,0,0,1,0,0,nan,nan,36.930784702381516,nan,nan,nan,nan
2572,1,4,5,0,0,0,0,123,0,0,0,0,1,0,0,nan,nan,nan,nan,nan,nan,26.834003028988263
2573,1,4,5,0,0,0,0,123,0,0,0,0,1,0,0,nan,nan,nan,nan,nan,nan,nan
2574,1,4,5,0,0,0,0,123,0,0,0,0,1,0,0,nan,nan,nan,nan,nan,nan,nan
2575,1,4,5,0,0,0,0,123,0,0,0,0,1,0,0,nan,nan,nan,nan,nan,nan,nan
2576,1,4,5,0,0,0,0,123,0,0,0,0,1,0,0,nan,nan,nan,nan,nan,nan,nan
2577,1,5,5,0,0,0,0,123,0,0,0,0,1,0,0,15.483706484114464,nan,nan,nan,nan,nan,nan
2578,1,5,5,0,0,0,0,123,0,0,0,0,1,0,0,nan,nan,nan,nan,nan,nan,nan
2579,1,5,5,0,0,0,0,123,0,0,0,0,1,0,0,nan,nan,nan,nan,nan,nan,nan
2580,1,5,5,0,0,0,0,123,0,0,0,0,1,0,0,nan,nan,nan,nan,nan,nan,nan
2581,1,5,5,0,0,0,0,123,0,0,0,1,0,0,0,nan,nan,nan,31.655477721728403,nan,nan,nan
2582,1,5,5,0,0,0,1,123,0,0,0,1,0,1,0,nan,nan,nan,nan,nan,13.466488414636842,nan
2583,1,5,5,0,0,0,1,123,0,0,0,1,0,1,0,nan,nan,nan,nan,nan,nan,nan
2584,1,5,5,0,0,0,1,123,0,0,0,1,0,1,0,nan,nan,nan,nan,nan,nan,nan
2585,1,5,5,0,0,0,1,123,0,0,0,1,0,1,0,nan,nan,nan,nan,nan,nan,nan
2586,1,5,5,0,0,0,1,123,0,0,0,1,0,1,0,nan,nan,nan,nan,nan,nan,nan
2587,1,5,5,0,0,0,1,123,0,0,0,1,0,1,0,nan,nan,nan,nan,nan,nan,nan
2588,1,5,5,0,0,0,1,123,2,0,0,1,0,1,0,11.20729246242081,nan,nan,nan,nan,nan,nan
2589,1,5,5,0,0,0,1,123,2,0,0,1,0,1,0,nan,nan,nan,nan,nan,nan,nan
2590,1,5,4,0,0,0,1,123,2,0,0,0,0,1,0,nan,nan,19.621716309685326,nan,nan,nan,nan
2591,1,5,4,0,0,0,1,123,2,0,0,0,0,1,0,nan,nan,nan,nan,nan,nan,nan
2592,1,5,5,0,0,0,1,123,0,0,0,0,0,1,0,nan,35.98345968667718,nan,nan,nan,nan,nan
2593,1,5,5,0,0,0,0,124,0,0,0,0,1,0,0,nan,nan,nan,nan,23.620965833289574,nan,21.15803788531548
2594,1,5,5,0,0,0,0,124,0,0,0,0,1,0,0,nan,nan,nan,nan,nan,nan,nan
2595,1,5,5,0,0,0,0,124,0,0,0,0,1,0,0,nan,nan,nan,nan,nan,nan,nan
2596,1,5,5,0,0,0,0,124,0,0,0,0,1,0,0,nan,nan,nan,nan,nan,nan,nan
2597,1,5,5,0,0,0,0,124,0,0,0,0,1,0,0,nan,nan,nan,nan,nan,nan,nan
2598,1,5,5,0,0,0,0,124,0,0,0,0,1,0,0,nan,nan,nan,nan,nan,nan,nan
2599,1,5,5,0,0,0,0,124,0,0,0,0,1,0,0,nan,nan,nan,nan,nan,nan,nan
2600,1,5,5,0,0,0,0,124,0,0,0,0,1,0,0,nan,nan,nan,nan,nan,nan,nan
2601,1,5,5,0,0,0,0,124,0,0,0,0,1,0,0,nan,nan,nan,nan,nan,nan,nan
2602,1,5,5,0,0,0,0,124,0,0,0,0,1,0,0,nan,nan,nan,nan,nan,nan,nan
2603,1,5,5,0,0,0,0,124,0,0,0,0,1,0,0,nan,nan,nan,nan,nan,nan,nan
2604,1,5,5,0,0,0,0,124,0,0,0,0,1,0,0,nan,nan,nan,nan,nan,nan,nan
2605,1,5,5,0,0,0,0,124,0,2,0,0,1,0,0,nan,12.882485682177503,nan,nan,nan,nan,nan
2606,1,5,5,0,0,0,0,124,0,2,0,0,1,0,0,nan,nan,nan,nan,nan,nan,nan
2607,1,5,5,0,0,0,0,124,0,2,0,0,1,0,0,nan,nan,nan,nan,nan,nan,nan
2608,1,5,5,0,0,0,0,124,0,2,0,0,1,0,0,nan,nan,nan,nan,nan,nan,nan
2609,1,5,5,0,0,0,0,124,0,2,0,1,0,0,0,nan,nan,nan,28.117131416630855,nan,nan,nan
2610,1,5,5,0,0,0,0,125,0,2,0,1,0,0,1,nan,nan,nan,nan,nan,nan,16.453497321680516
2611,1,5,5,0,0,0,0,125,0,2,0,1,0,1,0,nan,nan,nan,nan,nan,29.37965711115112,nan
2612,1,5,5,0,0,0,0,125,0,2,0,1,0,1,0,nan,nan,nan,nan,nan,nan,nan
2613,1,5,5,0,0,0,0,125,0,2,0,1,0,1,0,nan,nan,nan,nan,nan,nan,nan
2614,1,5,5,0,0,0,0,125,0,2,0,1,0,1,0,nan,nan,nan,nan,nan,nan,nan
2615,1,4,5,0,0,0,0,125,0,0,0,0,0,1,0,nan,nan,24.242623715123045,nan,nan,nan,nan
2616,1,4,5,0,0,0,0,125,0,0,0,0,0,1,0,nan,nan,nan,nan,nan,nan,nan
2617,1,4,5,0,0,0,0,125,0,0,0,0,0,1,0,nan,nan,nan,nan,nan,nan,nan
2618,1,4,5,0,0,0,0,125,0,0,0,0,0,1,0,nan,nan,nan,nan,nan,nan,nan
2619,1,4,5,0,0,0,0,125,0,0,0,0,0,1,0,nan,nan,nan,nan,nan,nan,nan
2620,1,4,5,0,0,0,0,125,0,0,0,0,1,0,0,nan,nan,nan,nan,26.68349244538058,nan,nan
2621,1,4,5,0,0,0,0,125,0,0,0,0,1,0,0,nan,nan,nan,nan,nan,nan,nan
2622,1,4,5,0,0,0,0,125,0,0,0,0,1,0,0,nan,nan,nan,nan,nan,nan,nan
2623,1,4,5,0,0,0,0,125,0,0,0,0,1,0,0,nan,nan,nan,nan,nan,nan,nan
2624,1,4,5,0,0,0,0,125,0,0,0,0,1,0,0,nan,nan,nan,nan,nan,nan,nan
2625,1,4,5,0,0,0,0,125,0,0,0,0,1,0,0,nan,nan,nan,nan,nan,nan,nan
2626,1,4,4,1,0,0,0,125,0,0,0,0,1,0,0,nan,nan,10.987892640860537,nan,nan,nan,nan
2627,1,4,4,1,0,0,0,125,0,0,0,0,1,0,0,nan,nan,nan,nan,nan,nan,nan
2628,1,4,5,1,0,0,0,125,0,0,0,0,1,0,0,40.02607160552088,22.72229377754047,nan,nan,nan,nan,nan
2629,1,4,5,1,0,0,0,125,0,0,0,0,1,0,0,nan,nan,nan,nan,nan,nan,nan
2630,1,4,5,1,0,0,0,125,0,0,0,0,1,0,0,nan,nan,nan,nan,nan,nan,nan
2631,1,4,5,1,0,0,0,125,0,0,0,0,1,0,0,nan,nan,nan,nan,nan,nan,nan
2632,1,4,5,1,0,0,0,125,0,0,0,0,1,0,0,nan,nan,nan,nan,nan,nan,nan
2633,1,4,5,1,0,0,0,125,0,0,0,0,1,0,0,nan,nan,nan,nan,nan,nan,nan
2634,1,4,5,1,0,0,0,125,0,0,0,0,1,0,0,nan,nan,nan,nan,nan,nan,nan
2635,1,4,5,1,0,0,0,125,0,0,0,0,1,0,0,nan,nan,nan,nan,nan,nan,nan
2636,1,4,5,1,0,0,0,125,0,0,0,0,1,0,0,nan,nan,nan,nan,nan,nan,nan
2637,1,4,5,1,0,0,0,125,0,0,0,0,1,0,0,nan,nan,nan,nan,nan,nan,nan
2638,1,4,5,1,0,0,0,125,0,0,0,0,1,0,0,nan,nan,nan,nan,nan,nan,nan
2639,1,4,5,1,0,0,0,126,0,0,0,0,1,0,1,nan,nan,nan,nan,nan,nan,28.887385038931825
2640,1,3,5,2,0,0,0,126,0,0,0,0,1,0,1,nan,12.120499381780064,14.129618527978892,nan,nan,nan,nan
2641,1,3,5,2,0,0,0,126,0,0,0,0,1,0,1,nan,nan,nan,nan,nan,nan,nan
2642,1,3,5,1,0,0,0,126,0,0,0,0,0,0,1,nan,nan,nan,32.309002575153954,nan,nan,nan
2643,1,3,5,1,0,0,0,126,0,0,0,0,0,0,1,nan,nan,nan,nan,nan,nan,nan
2644,1,4,5,1,0,0,0,126,0,0,0,0,0,0,1,16.00195105840976,nan,nan,nan,nan,nan,nan
2645,1,4,5,1,0,0,0,126,0,0,0,0,0,0,1,nan,nan,nan,nan,nan,nan,nan
2646,1,4,5,1,0,0,0,126,0,0,0,0,0,0,1,nan,nan,nan,nan,nan,nan,nan
2647,1,4,5,1,0,0,0,126,0,0,0,0,0,0,1,nan,nan,nan,nan,nan,nan,nan
2648,1,4,5,1,0,0,0,126,0,0,0,0,0,0,1,nan,nan,nan,nan,nan,nan,nan
2649,1,4,5,1,0,0,0,126,0,0,0,0,0,0,1,nan,nan,nan,nan,nan,nan,nan
2650,1,4,5,1,0,0,0,126,0,0,0,0,0,0,1,nan,nan,nan,nan,nan,nan,nan
2651,1,4,5,1,0,0,0,126,0,0,0,0,0,1,0,nan,nan,nan,nan,nan,39.78032282480672,nan
2652,1,4,5,1,0,0,0,126,0,0,0,0,0,1,0,nan,nan,nan,nan,nan,nan,nan
2653,1,4,5,1,0,0,0,126,0,0,0,0,0,1,0,nan,nan,nan,nan,nan,nan,nan
2654,1,4,5,1,0,0,0,126,0,0,0,0,0,1,0,nan,nan,nan,nan,nan,nan,nan
2655,1,4,5,1,0,0,0,126,0,0,0,0,0,1,0,nan,nan,nan,nan,nan,nan,nan
2656,1,4,5,1,0,0,0,126,0,2,0,0,0,1,0,nan,16.12418296318674,nan,nan,nan,nan,nan
2657,1,4,5,1,0,0,0,126,0,2,0,0,1,0,0,nan,nan,nan,nan,36.85018576789025,nan,nan
2658,1,4,5,1,0,0,0,126,0,2,0,0,1,0,0,nan,nan,nan,nan,nan,nan,nan
2659,1,4,5,1,0,0,0,126,0,2,0,0,1,0,0,nan,nan,nan,nan,nan,nan,nan
2660,1,4,5,1,0,0,0,127,0,2,0,0,1,0,1,nan,nan,nan,nan,nan,nan,21.799154017490764
2661,1,4,5,1,0,0,0,127,0,2,0,0,1,0,1,nan,nan,nan,nan,nan,nan,nan
2662,1,3,5,2,0,0,0,127,0,0,0,0,1,0,1,nan,nan,22.441595933573353,nan,nan,nan,nan
2663,1,3,5,2,0,0,0,127,0,0,0,0,1,0,1,nan,nan,nan,nan,nan,nan,nan
2664,1,3,5,2,0,0,0,127,0,0,0,0,1,0,1,nan,nan,nan,nan,nan,nan,nan
2665,1,3,5,2,0,0,0,127,0,0,0,0,1,0,1,nan,nan,nan,nan,nan,nan,nan
2666,1,3,5,1,0,0,0,127,0,0,0,0,0,0,1,nan,nan,nan,24.076074911431988,nan,nan,nan
2667,1,3,5,1,0,0,0,127,0,0,0,0,0,0,1,nan,nan,nan,nan,nan,nan,nan
2668,1,3,5,1,0,0,0,127,0,0,0,0,0,0,1,nan,nan,nan,nan,nan,nan,nan
2669,1,4,5,1,0,0,0,127,0,0,0,0,0,0,1,24.216243379763455,nan,nan,nan,nan,nan,nan
2670,1,4,5,1,0,0,0,127,0,0,0,0,0,1,0,nan,nan,nan,nan,nan,19.248680183800843,nan
2671,1,4,5,1,0,0,0,127,0,0,0,0,0,1,0,nan,nan,nan,nan,nan,nan,nan
2672,1,4,5,1,0,0,0,127,0,0,0,0,0,1,0,nan,nan,nan,nan,nan,nan,nan
2673,1,4,5,1,0,0,0,127,0,0,0,0,0,1,0,nan,nan,nan,nan,nan,nan,nan
2674,1,4,5,1,0,0,0,127,0,0,0,0,0,1,0,nan,nan,nan,nan,nan,nan,nan
2675,1,4,5,1,0,0,0,127,0,0,0,0,0,1,0,nan,nan,nan,nan,nan,nan,nan
2676,1,4,5,1,0,0,0,127,0,0,0,0,0,1,0,nan,nan,nan,nan,nan,nan,nan
2677,1,4,5,0,0,0,0,127,0,0,0,0,0,0,0,nan,nan,nan,11.37314828826129,20.040746019094513,nan,nan
2678,1,4,5,0,0,0,0,127,0,0,0,0,0,0,0,nan,nan,nan,nan,nan,nan,nan
2679,1,4,5,0,0,0,0,127,0,0,0,0,0,0,0,nan,nan,nan,nan,nan,nan,nan
2680,1,4,4,1,0,0,0,127,0,0,0,0,0,0,0,nan,nan,17.41164375092194,nan,nan,nan,nan
2681,1,4,4,1,0,0,0,127,0,0,0,0,0,0,0,nan,nan,nan,nan,nan,nan,nan
2682,1,4,4,1,0,0,0,127,0,0,0,0,0,0,0,nan,nan,nan,nan,nan,nan,nan
2683,1,5,4,1,0,0,0,127,0,0,0,0,0,0,0,13.966780648599524,nan,nan,nan,nan,nan,nan
2684,1,5,4,1,0,0,0,127,0,0,0,0,0,0,0,nan,nan,nan,nan,nan,nan,nan
2685,1,5,4,1,0,0,0,127,0,0,0,0,0,0,0,nan,nan,nan,nan,nan,nan,nan
2686,1,5,4,1,0,0,0,127,0,0,0,0,0,0,0,nan,nan,nan,nan,nan,nan,nan
2687,1,5,4,1,0,0,0,127,0,0,0,0,0,0,0,nan,nan,nan,nan,nan,nan,nan
2688,1,5,4,1,0,0,0,127,0,0,0,0,0,0,0,nan,nan,nan,nan,nan,nan,nan
2689,1,5,4,1,0,0,0,127,0,0,0,0,0,0,0,nan,nan,nan,nan,nan,nan,nan
2690,1,5,4,1,0,0,0,127,0,0,0,0,0,0,0,nan,nan,nan,nan,nan,nan,nan
2691,1,4,5,1,0,0,0,128,0,0,0,0,0,0,1,nan,34.57115799349822,nan,nan,nan,nan,30.606569012582895
2692,1,4,5,1,0,0,0,128,0,0,0,0,0,0,1,nan,nan,nan,nan,nan,nan,nan
2693,1,4,5,1,0,0,0,128,0,0,0,0,0,0,1,nan,nan,nan,nan,nan,nan,nan
2694,1,4,5,1,0,0,0,128,0,0,0,0,0,0,1,nan,nan,nan,nan,nan,nan,nan
2695,1,4,4,2,0,0,0,128,0,0,0,0,0,0,1,nan,nan,15.797051808277047,nan,nan,nan,nan
2696,1,4,4,2,0,1,0,128,0,0,0,0,1,0,1,nan,nan,nan,nan,19.002888666725994,nan,nan
2697,1,4,4,2,0,1,0,128,0,0,0,0,1,0,1,nan,nan,nan,nan,nan,nan,nan
2698,1,4,4,2,0,1,0,128,0,0,0,0,1,0,1,nan,nan,nan,nan,nan,nan,nan
2699,1,4,4,2,0,1,0,128,0,0,0,0,1,0,1,nan,nan,nan,nan,nan,nan,nan
2700,1,4,4,2,0,1,0,128,0,0,0,0,1,0,1,nan,nan,nan,nan,nan,nan,nan
2701,1,4,4,2,0,1,0,128,0,0,0,0,1,0,1,nan,nan,nan,nan,nan,nan,nan
2702,1,4,4,2,0,1,0,128,0,0,0,0,1,0,1,nan,nan,nan,nan,nan,nan,nan
2703,1,4,4,2,0,1,0,128,0,0,0,0,1,0,1,nan,nan,nan,nan,nan,nan,nan
2704,1,4,4,2,0,1,0,128,0,0,0,0,1,0,1,nan,nan,nan,nan,nan,nan,nan
2705,1,3,5,2,0,0,0,128,0,0,0,0,1,0,0,nan,14.660572609481278,nan,nan,nan,35.07277172484282,nan
2706,1,3,5,2,0,0,0,128,0,0,0,0,1,0,0,nan,nan,nan,nan,nan,nan,nan
2707,1,4,5,1,0,0,0,128,0,0,0,0,0,0,0,24.842839124193688,nan,nan,29.518184547817327,nan,nan,nan
2708,1,4,5,1,0,0,0,128,0,0,0,0,0,0,0,nan,nan,nan,nan,nan,nan,nan
2709,1,4,5,1,0,0,0,128,0,0,0,0,0,0,0,nan,nan,nan,nan,nan,nan,nan
2710,1,4,5,1,0,0,0,128,0,0,0,0,0,0,0,nan,nan,nan,nan,nan,nan,nan
2711,1,4,5,1,0,0,0,128,0,0,0,0,0,0,0,nan,nan,nan,nan,nan,nan,nan
2712,1,4,5,1,0,0,0,128,0,0,0,0,0,0,0,nan,nan,nan,nan,nan,nan,nan
2713,1,4,5,1,0,0,0,128,0,0,0,0,0,0,0,nan,nan,nan,nan,nan,nan,nan
2714,1,4,5,1,0,0,0,128,0,0,0,0,0,0,0,nan,nan,nan,nan,nan,nan,nan
2715,1,4,5,1,0,0,0,128,0,0,0,0,0,0,0,nan,nan,nan,nan,nan,nan,nan
2716,1,4,5,1,0,0,0,128,0,0,0,0,0,0,0,nan,nan,nan,nan,nan,nan,nan
2717,1,4,5,1,0,0,0,128,0,0,0,0,0,0,0,nan,nan,nan,nan,nan,nan,nan
2718,1,4,5,1,0,1,0,128,0,0,0,0,1,0,0,nan,nan,nan,nan,22.192656798717053,nan,nan
2719,1,4,5,0,0,0,1,128,0,2,0,0,0,0,0,nan,13.55874922168914,nan,12.884177385054045,nan,13.083104739043847,nan
2720,1,5,5,0,0,0,1,128,0,2,0,0,0,0,0,12.11792409128293,nan,nan,nan,nan,nan,nan
2721,1,5,5,0,0,0,1,128,0,2,0,0,0,0,0,nan,nan,nan,nan,nan,nan,nan
2722,1,5,5,0,0,0,1,128,0,2,0,0,0,0,0,nan,nan,nan,nan,nan,nan,nan
2723,1,5,5,0,0,0,1,128,0,2,0,0,0,0,0,nan,nan,nan,nan,nan,nan,nan
2724,1,5,5,0,0,0,1,128,0,2,0,0,0,0,0,nan,nan,nan,nan,nan,nan,nan
2725,1,5,5,0,0,0,1,128,0,2,0,0,0,0,0,nan,nan,nan,nan,nan,nan,nan
2726,1,5,5,0,0,0,1,128,0,2,0,0,0,0,0,nan,nan,nan,nan,nan,nan,nan
2727,1,5,5,0,0,0,1,128,0,2,0,0,0,0,0,nan,nan,nan,nan,nan,nan,nan
2728,1,4,5,1,0,0,1,128,0,0,0,0,0,0,0,nan,nan,32.32149997476881,nan,nan,nan,nan
2729,1,4,5,1,0,0,1,128,0,0,0,0,0,0,0,nan,nan,nan,nan,nan,nan,nan
2730,1,4,5,1,0,1,1,128,0,0,0,0,1,0,0,nan,nan,nan,nan,12.616824734935562,nan,nan
2731,1,4,5,1,0,1,1,128,0,0,0,0,1,0,0,nan,nan,nan,nan,nan,nan,nan
2732,1,4,5,1,0,1,1,128,0,0,0,0,1,0,0,nan,nan,nan,nan,nan,nan,nan
2733,1,4,5,1,0,1,1,128,0,0,0,0,1,0,0,nan,nan,nan,nan,nan,nan,nan
2734,1,4,5,1,0,1,1,128,0,0,0,0,1,0,0,nan,nan,nan,nan,nan,nan,nan
2735,1,4,5,1,0,1,1,128,0,0,0,0,1,0,0,nan,nan,nan,nan,nan,nan,nan
2736,1,4,5,1,0,1,1,128,0,0,0,0,1,0,0,nan,nan,nan,nan,nan,nan,nan
2737,1,4,5,0,0,1,1,128,0,0,0,0,0,0,0,nan,nan,nan,17.279055621797852,nan,nan,nan
2738,1,4,5,0,0,0,1,129,0,0,0,0,0,0,0,nan,nan,nan,nan,nan,19.44594615154392,46.47184244946129
2739,1,5,5,0,0,0,1,129,0,0,0,0,0,0,0,19.76976320353606,nan,nan,nan,nan,nan,nan
2740,1,5,5,0,0,0,1,129,0,0,0,0,0,0,0,nan,nan,nan,nan,nan,nan,nan
2741,1,5,5,0,0,0,1,129,0,0,0,0,0,0,0,nan,nan,nan,nan,nan,nan,nan
2742,1,5,5,0,0,0,1,129,0,0,0,0,0,0,0,nan,nan,nan,nan,nan,nan,nan
2743,1,5,5,0,0,0,1,129,0,0,0,0,0,0,0,nan,nan,nan,nan,nan,nan,nan
2744,1,5,5,0,0,0,1,129,0,0,0,0,0,0,0,nan,nan,nan,nan,nan,nan,nan
2745,1,5,5,0,0,0,1,129,0,0,0,0,0,0,0,nan,nan,nan,nan,nan,nan,nan
2746,1,5,5,0,0,0,1,129,0,0,0,0,0,0,0,nan,nan,nan,nan,nan,nan,nan
2747,1,5,4,1,0,1,1,129,0,0,0,0,1,0,0,nan,nan,18.881124230935256,nan,16.854557894399022,nan,nan
2748,1,5,4,1,0,1,1,129,0,0,0,0,1,0,0,nan,nan,nan,nan,nan,nan,nan
2749,1,4,5,1,0,0,2,129,0,0,0,0,1,0,0,nan,30.039145648251633,nan,nan,nan,10.568055566626299,nan
2750,1,4,5,0,0,0,2,129,0,0,0,0,0,0,0,nan,nan,nan,13.151505828819154,nan,nan,nan
2751,1,4,5,0,0,0,2,129,0,0,0,0,0,0,0,nan,nan,nan,nan,nan,nan,nan
2752,1,4,5,0,0,0,2,129,0,0,0,0,0,0,0,nan,nan,nan,nan,nan,nan,nan
2753,1,4,5,0,0,0,1,130,0,0,0,0,0,0,0,nan,nan,nan,nan,nan,nan,15.36763277441105
2754,1,4,5,0,0,0,1,130,0,0,0,0,0,0,0,nan,nan,nan,nan,nan,nan,nan
2755,1,4,5,0,0,0,1,130,0,0,0,0,0,0,0,nan,nan,nan,nan,nan,nan,nan
2756,1,4,5,0,0,0,1,130,0,0,0,0,0,0,0,nan,nan,nan,nan,nan,nan,nan
2757,1,4,5,0,0,0,1,130,0,0,0,0,0,0,0,nan,nan,nan,nan,nan,nan,nan
2758,1,4,5,0,0,0,1,130,0,0,0,0,0,0,0,nan,nan,nan,nan,nan,nan,nan
2759,1,4,5,0,0,0,1,130,0,0,0,0,0,0,0,nan,nan,nan,nan,nan,nan,nan
2760,1,4,5,0,0,0,1,130,0,0,0,0,0,0,0,nan,nan,nan,nan,nan,nan,nan
2761,1,5,5,0,0,0,1,130,0,0,0,0,0,0,0,21.732387548809584,nan,nan,nan,nan,nan,nan
2762,1,5,5,0,0,0,1,130,0,0,0,0,0,0,0,nan,nan,nan,nan,nan,nan,nan
2763,1,5,5,0,0,0,2,130,0,0,0,0,0,1,0,nan,nan,nan,nan,nan,14.663701703907918,nan
2764,1,5,5,0,0,0,2,130,0,0,0,0,0,1,0,nan,nan,nan,nan,nan,nan,nan
2765,1,5,5,0,0,0,2,130,0,0,0,0,0,1,0,nan,nan,nan,nan,nan,nan,nan
2766,1,5,5,0,0,0,1,131,0,0,0,0,0,1,0,nan,nan,nan,nan,nan,nan,13.13163888810277
2767,1,5,5,0,0,0,1,131,0,0,0,0,0,1,0,nan,nan,nan,nan,nan,nan,nan
2768,1,5,5,0,0,0,1,131,0,0,0,0,0,1,0,nan,nan,nan,nan,nan,nan,nan
2769,1,5,5,0,0,0,1,131,0,0,0,0,1,0,0,nan,nan,nan,nan,21.90264518536287,nan,nan
2770,1,5,5,0,0,0,1,131,0,2,0,0,1,0,0,nan,20.962537805742613,nan,nan,nan,nan,nan
2771,1,4,5,1,0,0,1,131,0,0,0,0,1,0,0,nan,nan,24.08584075910403,nan,nan,nan,nan
2772,1,5,5,1,0,0,1,131,0,0,0,0,1,0,0,10.52963754141092,nan,nan,nan,nan,nan,nan
2773,1,5,5,0,0,0,1,131,0,0,0,0,0,0,0,nan,nan,nan,23.606742015100735,nan,nan,nan
2774,1,5,5,0,0,0,1,131,0,0,0,0,0,0,0,nan,nan,nan,nan,nan,nan,nan
2775,1,5,5,0,0,0,1,131,0,0,0,0,0,0,0,nan,nan,nan,nan,nan,nan,nan
2776,1,5,5,0,0,0,1,131,0,0,0,0,0,0,0,nan,nan,nan,nan,nan,nan,nan
2777,1,5,5,0,0,0,1,131,0,0,0,0,0,0,0,nan,nan,nan,nan,nan,nan,nan
2778,1,5,5,0,0,0,1,131,0,0,0,0,0,0,0,nan,nan,nan,nan,nan,nan,nan
2779,1,5,5,0,0,0,1,131,0,0,0,0,0,0,0,nan,nan,nan,nan,nan,nan,nan
2780,1,5,5,0,0,0,1,131,0,0,0,0,0,0,0,nan,nan,nan,nan,nan,nan,nan
2781,1,5,5,0,0,0,1,131,0,0,0,0,0,0,0,nan,nan,nan,nan,nan,nan,nan
2782,1,5,5,0,0,0,0,132,0,0,0,0,0,0,0,nan,nan,nan,nan,nan,nan,16.155653527972845
2783,1,5,5,0,0,0,0,132,0,0,0,0,0,0,0,nan,nan,nan,nan,nan,nan,nan
2784,1,5,5,0,0,0,0,132,0,0,0,0,0,0,0,nan,nan,nan,nan,nan,nan,nan
2785,1,5,5,0,0,0,0,132,0,0,0,0,0,0,0,nan,nan,nan,nan,nan,nan,nan
2786,1,5,5,0,0,1,0,132,0,0,0,0,1,0,0,nan,nan,nan,nan,16.607132341343913,nan,nan
2787,1,5,5,0,0,1,0,132,0,0,0,0,1,0,0,nan,nan,nan,nan,nan,nan,nan
2788,1,5,5,0,0,1,0,132,0,0,0,0,1,0,0,nan,nan,nan,nan,nan,nan,nan
2789,1,5,5,0,0,1,0,132,0,0,0,0,1,0,0,nan,nan,nan,nan,nan,nan,nan
2790,1,5,5,0,0,0,1,132,0,0,0,0,1,0,0,nan,nan,nan,nan,nan,27.275999651692928,nan
2791,1,5,5,0,0,0,1,132,0,0,0,0,1,0,0,nan,nan,nan,nan,nan,nan,nan
2792,1,5,5,0,0,0,1,132,0,2,0,0,1,0,0,nan,21.996244220015797,nan,nan,nan,nan,nan
2793,1,5,5,0,0,0,1,132,2,2,0,0,1,0,0,21.216027083418794,nan,nan,nan,nan,nan,nan
2794,1,5,5,0,0,0,1,132,2,2,0,0,1,0,0,nan,nan,nan,nan,nan,nan,nan
2795,1,5,5,0,0,0,1,132,2,2,0,0,1,0,0,nan,nan,nan,nan,nan,nan,nan
2796,1,5,5,1,0,0,1,132,0,0,0,0,1,0,0,nan,nan,25.674398703414226,nan,nan,nan,nan
2797,1,5,5,1,0,0,1,132,0,0,0,0,1,0,0,nan,nan,nan,nan,nan,nan,nan
2798,1,5,5,0,0,0,0,133,0,0,0,0,0,0,0,nan,nan,nan,24.426816627974404,nan,nan,15.801964481304822
2799,1,5,5,0,0,0,0,133,0,0,0,0,0,0,0,nan,nan,nan,nan,nan,nan,nan
2800,1,5,5,0,0,0,0,133,0,0,0,0,0,0,0,nan,nan,nan,nan,nan,nan,nan
2801,1,5,5,0,0,0,0,133,0,0,0,0,0,0,0,nan,nan,nan,nan,nan,nan,nan
2802,1,5,5,0,0,0,0,133,0,0,0,0,0,0,0,nan,nan,nan,nan,nan,nan,nan
2803,1,5,5,0,0,0,0,133,0,0,0,0,0,0,0,nan,nan,nan,nan,nan,nan,nan
2804,1,5,5,0,0,0,0,133,0,0,0,0,0,0,0,nan,nan,nan,nan,nan,nan,nan
2805,1,5,5,0,0,0,0,133,0,0,0,0,0,0,0,nan,nan,nan,nan,nan,nan,nan
2806,1,5,5,0,0,0,0,133,2,0,0,0,0,0,0,13.414737949191021,nan,nan,nan,nan,nan,nan
2807,1,5,5,0,0,0,0,133,2,0,0,0,0,0,0,nan,nan,nan,nan,nan,nan,nan
2808,1,5,5,0,0,0,0,133,2,0,0,0,0,0,0,nan,nan,nan,nan,nan,nan,nan
2809,1,5,5,0,0,0,0,133,2,0,0,0,0,0,0,nan,nan,nan,nan,nan,nan,nan
2810,1,5,5,0,0,0,0,133,2,0,0,0,0,0,0,nan,nan,nan,nan,nan,nan,nan
2811,1,5,5,0,0,0,0,133,2,0,0,0,0,0,0,nan,nan,nan,nan,nan,nan,nan
2812,1,5,5,0,0,0,0,133,2,0,0,0,0,0,0,nan,nan,nan,nan,nan,nan,nan
2813,1,5,5,0,1,0,0,134,2,0,0,1,0,0,1,nan,nan,nan,14.7292582722107,nan,nan,15.442121829203188
2814,1,5,5,0,1,0,0,134,2,0,0,1,0,0,1,nan,nan,nan,nan,nan,nan,nan
2815,1,5,5,0,1,0,0,134,2,0,0,1,0,0,1,nan,nan,nan,nan,nan,nan,nan
2816,1,5,5,0,0,1,0,134,2,0,0,1,0,0,1,nan,nan,nan,nan,29.771451773384797,nan,nan
2817,1,5,5,0,0,1,0,134,2,0,0,1,0,0,1,nan,nan,nan,nan,nan,nan,nan
2818,1,5,5,0,0,0,0,134,2,0,0,1,0,0,0,nan,nan,nan,nan,nan,27.552706773437876,nan
2819,1,5,5,0,0,0,0,134,2,2,0,1,0,0,0,nan,27.281855799152254,nan,nan,nan,nan,nan
2820,1,5,5,0,0,0,0,134,2,2,0,1,0,0,0,nan,nan,nan,nan,nan,nan,nan
2821,1,5,5,0,0,0,0,134,2,2,0,1,0,0,0,nan,nan,nan,nan,nan,nan,nan
2822,1,5,5,0,0,0,0,134,0,0,0,0,0,0,0,nan,nan,25.449837087555807,nan,nan,nan,nan
2823,1,5,5,0,0,0,0,134,0,0,0,0,0,0,0,nan,nan,nan,nan,nan,nan,nan
2824,1,5,5,0,0,0,0,134,0,0,0,0,0,0,0,nan,nan,nan,nan,nan,nan,nan
2825,1,5,5,0,0,0,0,134,0,0,0,0,0,0,0,nan,nan,nan,nan,nan,nan,nan
2826,1,5,5,0,0,0,0,134,0,0,0,0,0,0,0,nan,nan,nan,nan,nan,nan,nan
2827,1,5,5,0,0,0,0,134,0,0,0,0,0,0,0,nan,nan,nan,nan,nan,nan,nan
2828,1,5,5,0,0,0,0,134,0,0,0,0,0,0,0,nan,nan,nan,nan,nan,nan,nan
2829,1,5,5,0,0,0,0,135,0,0,0,0,0,1,0,nan,nan,nan,nan,nan,10.984403681660751,15.810974321239883
2830,1,5,5,0,0,0,0,135,0,0,0,0,1,0,0,nan,nan,nan,nan,14.451267734886187,nan,nan
2831,1,5,5,0,0,0,0,135,0,0,0,0,1,0,0,nan,nan,nan,nan,nan,nan,nan
2832,1,5,5,0,0,0,0,135,2,0,0,0,1,0,0,26.08806200460276,nan,nan,nan,nan,nan,nan
2833,1,5,5,0,0,0,0,135,2,0,0,0,1,0,0,nan,nan,nan,nan,nan,nan,nan
2834,1,5,5,0,0,0,0,135,2,0,0,0,1,0,0,nan,nan,nan,nan,nan,nan,nan
2835,1,5,5,0,0,0,0,135,2,0,0,0,1,0,0,nan,nan,nan,nan,nan,nan,nan
2836,1,5,5,0,0,0,0,135,2,0,0,0,1,0,0,nan,nan,nan,nan,nan,nan,nan
2837,1,5,5,0,0,0,0,135,2,0,0,1,0,0,0,nan,nan,nan,24.36618170065276,nan,nan,nan
2838,1,5,5,0,0,0,0,135,2,0,0,1,0,0,0,nan,nan,nan,nan,nan,nan,nan
2839,1,5,5,0,0,0,0,135,2,0,0,1,0,0,0,nan,nan,nan,nan,nan,nan,nan
2840,1,5,5,0,0,0,0,135,2,0,0,1,0,0,0,nan,nan,nan,nan,nan,nan,nan
2841,1,5,5,0,0,0,0,135,2,0,0,1,0,0,0,nan,nan,nan,nan,nan,nan,nan
2842,1,5,4,0,0,0,0,135,2,0,0,0,0,0,0,nan,nan,19.92335125987711,nan,nan,nan,nan
2843,1,5,4,0,0,0,0,135,2,0,0,0,0,0,0,nan,nan,nan,nan,nan,nan,nan
2844,1,5,5,0,0,0,0,135,0,0,0,0,0,0,0,nan,24.61891694349697,nan,nan,nan,nan,nan
2845,1,5,5,0,0,0,0,135,0,0,0,0,0,0,0,nan,nan,nan,nan,nan,nan,nan
2846,1,5,5,0,0,0,0,135,0,0,0,0,0,0,0,nan,nan,nan,nan,nan,nan,nan
2847,1,5,5,0,0,0,0,135,0,0,0,0,0,0,0,nan,nan,nan,nan,nan,nan,nan
2848,1,5,5,0,0,0,0,135,0,0,0,0,0,0,0,nan,nan,nan,nan,nan,nan,nan
2849,1,5,5,0,0,0,0,135,0,0,0,0,0,0,0,nan,nan,nan,nan,nan,nan,nan
2850,1,5,5,0,0,0,0,135,0,0,0,0,0,0,0,nan,nan,nan,nan,nan,nan,nan
2851,1,5,5,0,0,0,0,135,0,0,0,0,0,0,0,nan,nan,nan,nan,nan,nan,nan
2852,1,5,5,0,0,0,1,135,0,0,0,0,0,1,0,nan,nan,nan,nan,nan,22.706076389039026,nan
2853,1,5,5,0,0,0,1,135,0,0,0,0,0,1,0,nan,nan,nan,nan,nan,nan,nan
2854,1,5,5,0,0,0,1,135,0,0,0,0,0,1,0,nan,nan,nan,nan,nan,nan,nan
2855,1,5,5,0,0,0,1,135,0,0,0,0,0,1,0,nan,nan,nan,nan,nan,nan,nan
2856,1,5,5,0,0,0,0,136,2,0,0,0,0,1,0,23.561474122858726,nan,nan,nan,nan,nan,26.75197746150525
2857,1,5,5,0,0,0,0,136,2,0,0,0,0,1,0,nan,nan,nan,nan,nan,nan,nan
2858,1,5,5,0,1,0,0,136,2,0,0,1,0,1,0,nan,nan,nan,21.48321268211612,nan,nan,nan
2859,1,5,5,0,1,0,0,136,2,0,0,1,0,1,0,nan,nan,nan,nan,nan,nan,nan
2860,1,5,5,0,1,0,0,136,2,0,0,1,0,1,0,nan,nan,nan,nan,nan,nan,nan
2861,1,5,5,0,1,0,0,136,2,0,0,1,0,1,0,nan,nan,nan,nan,nan,nan,nan
2862,1,5,5,0,1,0,0,136,2,2,0,1,0,1,0,nan,18.456507759630767,nan,nan,nan,nan,nan
2863,1,5,5,0,1,0,0,136,2,2,0,1,0,1,0,nan,nan,nan,nan,nan,nan,nan
2864,1,5,5,0,1,0,0,136,2,2,0,1,0,1,0,nan,nan,nan,nan,nan,nan,nan
2865,1,5,5,0,1,0,0,136,2,2,0,1,0,1,0,nan,nan,nan,nan,nan,nan,nan
2866,1,5,5,0,0,0,0,136,2,2,0,1,0,0,0,nan,nan,nan,nan,36.46966783049447,nan,nan
2867,1,5,5,0,0,0,0,136,2,2,0,1,0,0,0,nan,nan,nan,nan,nan,nan,nan
2868,1,5,5,0,0,0,0,136,2,2,0,1,0,0,0,nan,nan,nan,nan,nan,nan,nan
2869,1,5,5,0,0,0,0,136,2,2,0,1,0,0,0,nan,nan,nan,nan,nan,nan,nan
2870,1,5,5,0,0,0,0,136,2,2,0,1,0,0,0,nan,nan,nan,nan,nan,nan,nan
2871,1,5,5,0,0,0,0,136,2,2,0,1,0,0,0,nan,nan,nan,nan,nan,nan,nan
2872,1,5,5,0,0,0,0,136,2,2,0,1,0,0,0,nan,nan,nan,nan,nan,nan,nan
2873,1,5,5,0,0,0,0,136,2,2,0,1,0,0,0,nan,nan,nan,nan,nan,nan,nan
2874,1,5,5,0,0,0,0,136,2,2,0,1,0,0,0,nan,nan,nan,nan,nan,nan,nan
2875,1,5,5,0,0,0,0,136,2,2,0,1,0,0,0,nan,nan,nan,nan,nan,nan,nan
2876,1,5,5,0,0,0,0,136,0,0,0,0,0,0,0,nan,nan,34.1534098618331,nan,nan,nan,nan
2877,1,5,5,0,0,0,0,136,0,0,0,0,0,0,0,nan,nan,nan,nan,nan,nan,nan
2878,1,5,5,0,0,0,0,136,0,0,0,0,0,0,0,nan,nan,nan,nan,nan,nan,nan
2879,1,5,5,0,0,0,0,136,0,0,0,0,0,0,0,nan,nan,nan,nan,nan,nan,nan
2880,1,5,5,0,0,0,0,136,0,0,0,0,0,0,0,nan,nan,nan,nan,nan,nan,nan
2881,1,5,5,0,0,0,0,136,0,0,0,0,0,0,0,nan,nan,nan,nan,nan,nan,nan
2882,1,5,5,0,0,0,0,136,0,0,0,0,0,0,0,nan,nan,nan,nan,nan,nan,nan
2883,1,5,5,0,0,0,0,136,0,0,0,0,0,0,0,nan,nan,nan,nan,nan,nan,nan
2884,1,5,5,0,0,0,0,136,0,0,0,0,0,0,0,nan,nan,nan,nan,nan,nan,nan
2885,1,5,5,0,0,0,0,137,0,0,0,0,0,0,1,nan,nan,nan,nan,nan,nan,28.950570699218588
2886,1,5,5,0,0,0,0,137,0,0,0,0,0,0,1,nan,nan,nan,nan,nan,nan,nan
2887,1,5,5,0,0,0,0,137,0,0,0,0,0,1,0,nan,nan,nan,nan,nan,35.1680362230436,nan
2888,1,5,5,0,0,0,0,137,0,0,0,0,0,1,0,nan,nan,nan,nan,nan,nan,nan
2889,1,5,5,0,0,0,0,137,0,0,0,0,0,1,0,nan,nan,nan,nan,nan,nan,nan
2890,1,5,5,0,0,0,0,137,0,0,0,0,0,1,0,nan,nan,nan,nan,nan,nan,nan
2891,1,5,5,0,0,0,0,137,2,0,0,0,0,1,0,34.62852039965628,nan,nan,nan,nan,nan,nan
2892,1,5,5,0,0,0,0,137,2,0,0,0,0,1,0,nan,nan,nan,nan,nan,nan,nan
2893,1,5,5,0,0,0,0,137,2,0,0,0,0,1,0,nan,nan,nan,nan,nan,nan,nan
2894,1,5,5,0,0,0,0,137,2,0,0,0,0,1,0,nan,nan,nan,nan,nan,nan,nan
2895,1,5,5,0,0,0,0,137,2,0,0,0,0,1,0,nan,nan,nan,nan,nan,nan,nan
2896,1,5,5,0,0,0,0,137,2,0,0,0,1,0,0,nan,nan,nan,nan,29.723072058977777,nan,nan
2897,1,5,5,0,0,0,0,137,2,0,0,0,1,0,0,nan,nan,nan,nan,nan,nan,nan
2898,1,5,5,0,0,0,0,137,2,2,0,0,1,0,0,nan,35.31966073967715,nan,nan,nan,nan,nan
2899,1,5,5,0,0,0,0,137,2,2,0,0,1,0,0,nan,nan,nan,nan,nan,nan,nan
2900,1,5,5,0,0,0,0,137,2,2,0,0,1,0,0,nan,nan,nan,nan,nan,nan,nan
2901,1,5,5,0,0,0,0,137,2,2,0,0,1,0,0,nan,nan,nan,nan,nan,nan,nan
2902,1,5,5,0,0,0,0,137,2,2,0,0,1,0,0,nan,nan,nan,nan,nan,nan,nan
2903,1,5,5,1,0,0,0,137,0,0,0,0,1,0,0,nan,nan,27.484303638886104,nan,nan,nan,nan
2904,1,5,5,1,0,0,0,137,0,0,0,0,1,0,0,nan,nan,nan,nan,nan,nan,nan
2905,1,5,5,1,0,0,0,137,0,0,0,0,1,0,0,nan,nan,nan,nan,nan,nan,nan
2906,1,5,5,1,0,0,0,137,0,0,0,0,1,0,0,nan,nan,nan,nan,nan,nan,nan
2907,1,5,5,1,0,0,0,137,0,0,0,0,1,0,0,nan,nan,nan,nan,nan,nan,nan
2908,1,5,5,1,0,0,0,137,0,0,0,0,1,0,0,nan,nan,nan,nan,nan,nan,nan
2909,1,5,5,1,0,0,1,137,0,0,0,0,1,1,0,nan,nan,nan,nan,nan,22.2771156226122,nan
2910,1,5,5,1,0,0,1,137,0,0,0,0,1,1,0,nan,nan,nan,nan,nan,nan,nan
2911,1,5,5,0,0,0,1,137,0,0,0,0,0,1,0,nan,nan,nan,52.768091938768976,nan,nan,nan
2912,1,5,5,0,0,0,1,137,0,0,0,0,0,1,0,nan,nan,nan,nan,nan,nan,nan
2913,1,5,5,0,0,0,1,137,0,0,0,0,0,1,0,nan,nan,nan,nan,nan,nan,nan
2914,1,5,5,0,0,0,1,137,0,0,0,0,0,1,0,nan,nan,nan,nan,nan,nan,nan
2915,1,5,5,0,0,0,1,137,0,0,0,0,0,1,0,nan,nan,nan,nan,nan,nan,nan
2916,1,5,5,0,0,0,1,137,2,2,0,0,0,1,0,25.085293067964813,18.419574644108252,nan,nan,nan,nan,nan
2917,1,5,5,0,0,0,1,137,2,2,0,0,0,1,0,nan,nan,nan,nan,nan,nan,nan
2918,1,5,5,0,0,0,1,137,2,2,0,0,0,1,0,nan,nan,nan,nan,nan,nan,nan
2919,1,5,5,0,0,0,1,137,2,2,0,0,0,1,0,nan,nan,nan,nan,nan,nan,nan
2920,1,5,5,0,0,0,1,137,2,2,0,0,0,1,0,nan,nan,nan,nan,nan,nan,nan
2921,1,5,5,0,0,0,1,137,2,2,0,0,0,1,0,nan,nan,nan,nan,nan,nan,nan
2922,1,5,5,0,0,0,0,138,2,2,0,0,0,1,0,nan,nan,nan,nan,nan,nan,36.72523745816352
2923,1,5,5,0,0,0,0,138,2,2,0,0,0,1,0,nan,nan,nan,nan,nan,nan,nan
2924,1,5,5,0,0,0,0,138,2,2,0,0,0,1,0,nan,nan,nan,nan,nan,nan,nan
2925,1,5,5,0,1,0,0,138,2,2,0,1,0,1,0,nan,nan,nan,13.723171575848482,nan,nan,nan
2926,1,5,5,0,1,0,0,138,2,2,0,1,0,1,0,nan,nan,nan,nan,nan,nan,nan
2927,1,5,5,0,0,0,0,138,2,2,0,1,0,0,0,nan,nan,nan,nan,30.88593280079067,nan,nan
2928,1,5,5,0,0,0,0,138,0,0,0,0,0,0,0,nan,nan,25.081769545294264,nan,nan,nan,nan
2929,1,5,5,0,0,0,0,138,0,0,0,0,0,0,0,nan,nan,nan,nan,nan,nan,nan
2930,1,5,5,0,0,0,0,138,0,0,0,0,0,0,0,nan,nan,nan,nan,nan,nan,nan
2931,1,5,5,0,0,0,0,138,0,0,0,0,0,0,0,nan,nan,nan,nan,nan,nan,nan
2932,1,5,5,0,0,0,0,138,0,0,0,0,0,0,0,nan,nan,nan,nan,nan,nan,nan
2933,1,5,5,0,0,0,0,138,0,0,0,0,0,0,0,nan,nan,nan,nan,nan,nan,nan
2934,1,5,5,0,0,0,0,138,0,0,0,0,0,0,0,nan,nan,nan,nan,nan,nan,nan
2935,1,5,5,0,0,0,0,138,0,0,0,0,0,0,0,nan,nan,nan,nan,nan,nan,nan
2936,1,5,5,0,0,0,0,138,0,0,0,0,0,0,0,nan,nan,nan,nan,nan,nan,nan
2937,1,5,5,0,0,0,0,138,0,0,0,0,0,0,0,nan,nan,nan,nan,nan,nan,nan
2938,1,5,5,0,0,0,0,138,0,0,0,0,0,0,0,nan,nan,nan,nan,nan,nan,nan
2939,1,5,5,0,0,0,0,138,2,0,0,0,0,0,0,23.007424265570535,nan,nan,nan,nan,nan,nan
2940,1,5,5,0,0,0,0,138,2,0,0,0,0,0,0,nan,nan,nan,nan,nan,nan,nan
2941,1,5,5,0,0,0,0,138,2,0,0,0,0,0,0,nan,nan,nan,nan,nan,nan,nan
2942,1,5,5,0,0,0,0,138,2,0,0,0,0,0,0,nan,nan,nan,nan,nan,nan,nan
2943,1,5,5,0,1,0,0,139,2,0,0,1,0,0,1,nan,nan,nan,17.94044928550784,nan,nan,21.153480109322118
2944,1,5,5,0,1,0,0,139,2,0,0,1,0,0,1,nan,nan,nan,nan,nan,nan,nan
2945,1,5,5,0,1,0,0,139,2,0,0,1,0,0,1,nan,nan,nan,nan,nan,nan,nan
2946,1,5,5,0,1,0,0,139,2,0,0,1,0,0,1,nan,nan,nan,nan,nan,nan,nan
2947,1,5,5,0,0,1,0,139,2,0,0,1,0,0,1,nan,nan,nan,nan,19.66289505799068,nan,nan
2948,1,5,5,0,0,1,0,139,2,0,0,1,0,0,1,nan,nan,nan,nan,nan,nan,nan
2949,1,5,5,0,0,1,0,139,2,2,0,1,0,0,1,nan,33.13654602447559,nan,nan,nan,nan,nan
2950,1,5,5,0,0,1,0,139,2,2,0,1,0,0,1,nan,nan,nan,nan,nan,nan,nan
2951,1,5,5,0,0,1,0,139,2,2,0,1,0,0,1,nan,nan,nan,nan,nan,nan,nan
2952,1,5,5,0,0,1,0,139,2,2,0,1,0,0,1,nan,nan,nan,nan,nan,nan,nan
2953,1,5,5,0,0,0,0,139,2,2,0,1,0,0,0,nan,nan,nan,nan,nan,44.282430331913474,nan
2954,1,5,5,0,0,0,0,139,2,2,0,1,0,0,0,nan,nan,nan,nan,nan,nan,nan
2955,1,5,5,0,0,0,0,139,2,2,0,1,0,0,0,nan,nan,nan,nan,nan,nan,nan
2956,1,5,5,0,0,0,0,139,2,2,0,1,0,0,0,nan,nan,nan,nan,nan,nan,nan
2957,1,5,5,0,0,0,0,139,2,2,0,1,0,0,0,nan,nan,nan,nan,nan,nan,nan
2958,1,5,5,0,0,0,0,139,2,2,0,1,0,0,0,nan,nan,nan,nan,nan,nan,nan
2959,1,5,5,0,0,0,0,139,2,2,0,1,0,0,0,nan,nan,nan,nan,nan,nan,nan
2960,1,5,5,0,0,0,0,139,2,2,0,1,0,0,0,nan,nan,nan,nan,nan,nan,nan
2961,1,5,5,0,0,0,0,139,2,2,0,1,0,0,0,nan,nan,nan,nan,nan,nan,nan
2962,1,5,5,0,0,0,0,139,0,0,0,0,0,0,0,nan,nan,33.75429144755299,nan,nan,nan,nan
2963,1,5,5,0,0,1,0,139,0,0,0,0,1,0,0,nan,nan,nan,nan,15.827375472623316,nan,nan
2964,1,5,5,0,0,1,0,139,0,0,0,0,1,0,0,nan,nan,nan,nan,nan,nan,nan
2965,1,5,5,0,0,1,0,139,0,0,0,0,1,0,0,nan,nan,nan,nan,nan,nan,nan
2966,1,5,5,0,0,0,1,139,0,0,0,0,1,0,0,nan,nan,nan,nan,nan,12.114113215751331,nan
2967,1,5,5,0,0,0,1,139,0,0,0,0,1,0,0,nan,nan,nan,nan,nan,nan,nan
2968,1,5,5,0,0,0,1,139,0,0,0,0,1,0,0,nan,nan,nan,nan,nan,nan,nan
2969,1,5,5,0,0,0,0,140,0,0,0,0,1,0,0,nan,nan,nan,nan,nan,nan,26.206984654651023
2970,1,5,5,0,0,0,0,140,0,0,0,0,1,0,0,nan,nan,nan,nan,nan,nan,nan
2971,1,5,5,0,0,0,0,140,0,0,0,0,1,0,0,nan,nan,nan,nan,nan,nan,nan
2972,1,5,5,0,0,0,0,140,0,0,0,0,1,0,0,nan,nan,nan,nan,nan,nan,nan
2973,1,5,5,0,0,0,0,140,2,0,0,1,0,0,0,34.064962044894855,nan,nan,30.00612352725784,nan,nan,nan
2974,1,5,5,0,0,0,0,140,2,0,0,1,0,0,0,nan,nan,nan,nan,nan,nan,nan
2975,1,5,5,0,0,0,0,140,2,0,0,1,0,0,0,nan,nan,nan,nan,nan,nan,nan
2976,1,5,5,0,0,0,0,140,2,0,0,1,0,0,0,nan,nan,nan,nan,nan,nan,nan
2977,1,5,5,0,0,0,0,140,2,0,0,1,0,0,0,nan,nan,nan,nan,nan,nan,nan
2978,1,5,4,0,0,0,0,140,2,0,0,0,0,0,0,nan,nan,15.576376903828987,nan,nan,nan,nan
2979,1,5,5,0,0,0,0,140,0,0,0,0,0,0,0,nan,29.74422883911302,nan,nan,nan,nan,nan
2980,1,5,5,0,0,0,0,140,0,0,0,0,0,0,0,nan,nan,nan,nan,nan,nan,nan
2981,1,5,5,0,0,0,0,140,0,0,0,0,0,0,0,nan,nan,nan,nan,nan,nan,nan
2982,1,5,5,0,0,0,0,140,0,0,0,0,0,0,0,nan,nan,nan,nan,nan,nan,nan
2983,1,5,5,0,0,0,0,140,0,0,0,0,0,0,0,nan,nan,nan,nan,nan,nan,nan
2984,1,5,5,0,0,0,0,140,0,0,0,0,0,0,0,nan,nan,nan,nan,nan,nan,nan
2985,1,5,5,0,0,0,0,140,0,0,0,0,0,0,0,nan,nan,nan,nan,nan,nan,nan
2986,1,5,5,0,0,0,0,141,0,0,0,0,0,0,1,nan,nan,nan,nan,nan,nan,17.285388065623465
2987,1,5,5,0,0,0,0,141,0,0,0,0,0,0,1,nan,nan,nan,nan,nan,nan,nan
2988,1,5,5,0,0,0,0,141,0,0,0,0,0,1,0,nan,nan,nan,nan,nan,22.128163692262206,nan
2989,1,5,5,0,0,0,0,141,0,0,0,0,0,1,0,nan,nan,nan,nan,nan,nan,nan
2990,1,5,5,0,0,0,0,141,0,0,0,0,0,1,0,nan,nan,nan,nan,nan,nan,nan
2991,1,5,5,0,0,0,0,141,0,0,0,0,0,1,0,nan,nan,nan,nan,nan,nan,nan
2992,1,5,5,0,0,0,0,141,0,0,0,0,0,1,0,nan,nan,nan,nan,nan,nan,nan
2993,1,5,5,0,1,0,0,141,0,0,0,1,0,1,0,nan,nan,nan,20.143066323558287,nan,nan,nan
2994,1,5,5,0,0,0,0,141,0,0,0,1,0,0,0,nan,nan,nan,nan,31.403495672410827,nan,nan
2995,1,5,5,0,0,0,0,141,2,0,0,1,0,0,0,22.10067846458378,nan,nan,nan,nan,nan,nan
2996,1,5,5,0,0,0,0,141,2,0,0,1,0,0,0,nan,nan,nan,nan,nan,nan,nan
2997,1,5,5,0,0,0,0,141,2,2,0,1,0,0,0,nan,17.728589336241384,nan,nan,nan,nan,nan
2998,1,5,5,0,0,0,0,141,2,2,0,1,0,0,0,nan,nan,nan,nan,nan,nan,nan
2999,1,5,5,0,0,0,0,141,2,2,0,1,0,0,0,nan,nan,nan,nan,nan,nan,nan
3000,1,5,5,0,0,0,0,141,2,2,0,1,0,0,0,nan,nan,nan,nan,nan,nan,nan
3001,1,5,5,0,0,0,0,141,2,2,0,1,0,0,0,nan,nan,nan,nan,nan,nan,nan
3002,1,5,5,0,0,0,0,141,0,0,0,0,0,0,0,nan,nan,23.993385294539166,nan,nan,nan,nan
3003,1,5,5,0,0,0,0,141,0,0,0,0,0,0,0,nan,nan,nan,nan,nan,nan,nan
3004,1,5,5,0,0,0,0,141,0,0,0,0,0,0,0,nan,nan,nan,nan,nan,nan,nan
3005,1,5,5,0,0,0,0,141,0,0,0,0,0,0,0,nan,nan,nan,nan,nan,nan,nan
3006,1,5,5,0,0,0,0,142,0,0,0,0,0,0,1,nan,nan,nan,nan,nan,nan,20.054202041230837
3007,1,5,5,0,0,0,0,142,0,0,0,0,0,0,1,nan,nan,nan,nan,nan,nan,nan
3008,1,5,5,0,0,0,0,142,0,0,0,0,0,0,1,nan,nan,nan,nan,nan,nan,nan
3009,1,5,5,0,0,1,0,142,0,0,0,0,1,0,1,nan,nan,nan,nan,14.561879655601842,nan,nan
3010,1,5,5,0,0,1,0,142,0,0,0,0,1,0,1,nan,nan,nan,nan,nan,nan,nan
3011,1,5,5,0,0,1,0,142,0,0,0,0,1,0,1,nan,nan,nan,nan,nan,nan,nan
3012,1,5,5,0,0,1,0,142,0,0,0,0,1,0,1,nan,nan,nan,nan,nan,nan,nan
3013,1,5,5,0,0,1,0,142,0,0,0,1,0,0,1,nan,nan,nan,19.75682387794768,nan,nan,nan
3014,1,5,5,0,0,1,0,142,0,0,0,1,0,0,1,nan,nan,nan,nan,nan,nan,nan
3015,1,5,5,0,0,1,0,142,0,0,0,1,0,0,1,nan,nan,nan,nan,nan,nan,nan
3016,1,5,5,0,0,0,0,142,0,0,0,1,0,0,0,nan,nan,nan,nan,nan,28.79973454167657,nan
3017,1,5,4,0,0,0,0,142,0,0,0,0,0,0,0,nan,nan,14.836539325026024,nan,nan,nan,nan
3018,1,5,4,0,0,0,0,142,0,0,0,0,0,0,0,nan,nan,nan,nan,nan,nan,nan
3019,1,4,5,0,0,0,0,142,0,0,0,0,0,0,0,nan,21.98302283700923,nan,nan,nan,nan,nan
3020,1,5,5,0,0,0,0,142,0,0,0,0,0,0,0,25.087640431142972,nan,nan,nan,nan,nan,nan
3021,1,5,5,0,0,0,0,142,0,0,0,0,0,0,0,nan,nan,nan,nan,nan,nan,nan
3022,1,5,5,0,0,0,0,142,0,0,0,0,0,0,0,nan,nan,nan,nan,nan,nan,nan
3023,1,5,5,0,0,0,0,142,0,0,0,0,0,0,0,nan,nan,nan,nan,nan,nan,nan
3024,1,5,5,0,0,0,0,142,0,0,0,0,0,0,0,nan,nan,nan,nan,nan,nan,nan
3025,1,5,5,0,0,0,0,142,0,0,0,0,0,0,0,nan,nan,nan,nan,nan,nan,nan
3026,1,5,5,0,0,0,0,143,0,0,0,0,0,0,1,nan,nan,nan,nan,nan,nan,19.28377551882295
3027,1,5,5,0,0,0,0,143,0,0,0,0,0,0,1,nan,nan,nan,nan,nan,nan,nan
3028,1,5,5,0,0,0,0,143,0,0,0,0,0,0,1,nan,nan,nan,nan,nan,nan,nan
3029,1,5,5,0,0,0,0,143,0,0,0,0,0,0,1,nan,nan,nan,nan,nan,nan,nan
3030,1,5,5,0,0,0,0,143,0,0,0,0,0,0,1,nan,nan,nan,nan,nan,nan,nan
3031,1,5,5,0,0,0,0,143,0,0,0,0,0,0,1,nan,nan,nan,nan,nan,nan,nan
3032,1,5,5,0,0,0,0,143,0,0,0,0,0,0,1,nan,nan,nan,nan,nan,nan,nan
3033,1,5,5,0,0,0,0,143,0,0,0,0,0,0,1,nan,nan,nan,nan,nan,nan,nan
3034,1,5,5,0,0,0,0,143,2,0,0,0,0,1,0,14.625938621312343,nan,nan,nan,nan,17.492656731119496,nan
3035,1,5,5,0,0,0,0,143,2,0,0,0,0,1,0,nan,nan,nan,nan,nan,nan,nan
3036,1,5,5,0,0,0,0,143,2,0,0,0,0,1,0,nan,nan,nan,nan,nan,nan,nan
3037,1,5,5,0,0,0,0,143,2,2,0,0,0,1,0,nan,18.060718944142536,nan,nan,nan,nan,nan
3038,1,5,5,0,0,0,0,143,2,2,0,0,0,1,0,nan,nan,nan,nan,nan,nan,nan
3039,1,5,5,1,0,0,0,143,0,0,0,0,0,1,0,nan,nan,22.306189160202848,nan,nan,nan,nan
3040,1,5,5,1,0,0,0,143,0,0,0,0,0,1,0,nan,nan,nan,nan,nan,nan,nan
3041,1,5,5,1,0,0,0,143,0,0,0,0,1,0,0,nan,nan,nan,nan,32.9268282979715,nan,nan
3042,1,5,5,1,0,0,0,143,0,0,0,0,1,0,0,nan,nan,nan,nan,nan,nan,nan
3043,1,5,5,0,0,0,0,143,0,0,0,0,0,0,0,nan,nan,nan,30.449902883039613,nan,nan,nan
3044,1,5,5,0,0,0,0,143,0,0,0,0,0,0,0,nan,nan,nan,nan,nan,nan,nan
3045,1,5,5,0,0,0,0,143,0,0,0,0,0,0,0,nan,nan,nan,nan,nan,nan,nan
3046,1,5,5,0,0,0,0,143,0,0,0,0,0,0,0,nan,nan,nan,nan,nan,nan,nan
3047,1,5,5,0,0,0,0,143,0,0,0,0,0,0,0,nan,nan,nan,nan,nan,nan,nan
3048,1,5,5,0,0,0,0,143,0,0,0,0,0,0,0,nan,nan,nan,nan,nan,nan,nan
3049,1,5,5,0,0,0,0,144,0,0,0,0,0,0,1,nan,nan,nan,nan,nan,nan,23.38323290127937
3050,1,5,5,0,0,0,0,144,0,0,0,0,0,0,1,nan,nan,nan,nan,nan,nan,nan
3051,1,5,5,0,0,0,0,144,0,0,0,0,0,0,1,nan,nan,nan,nan,nan,nan,nan
3052,1,5,4,1,0,0,0,144,0,0,0,0,0,0,1,nan,nan,13.046822795035041,nan,nan,nan,nan
3053,1,5,4,1,0,0,0,144,0,0,0,0,0,0,1,nan,nan,nan,nan,nan,nan,nan
3054,1,5,4,1,0,0,0,144,0,0,0,0,0,0,1,nan,nan,nan,nan,nan,nan,nan
3055,1,5,4,1,0,1,0,144,0,0,0,0,1,0,1,nan,nan,nan,nan,13.416960744854805,nan,nan
3056,1,5,4,1,0,1,0,144,0,0,0,0,1,0,1,nan,nan,nan,nan,nan,nan,nan
3057,1,5,4,1,0,1,0,144,0,0,0,0,1,0,1,nan,nan,nan,nan,nan,nan,nan
3058,1,5,4,1,0,1,0,144,0,0,0,0,1,0,1,nan,nan,nan,nan,nan,nan,nan
3059,1,5,4,1,0,1,0,144,0,0,0,0,1,0,1,nan,nan,nan,nan,nan,nan,nan
3060,1,5,4,0,0,1,0,144,0,0,0,0,0,0,1,nan,nan,nan,17.06245533203628,nan,nan,nan
3061,1,4,5,0,0,1,0,144,0,0,0,0,0,0,1,nan,24.45666724078592,nan,nan,nan,nan,nan
3062,1,4,5,0,0,1,0,144,0,0,0,0,0,0,1,nan,nan,nan,nan,nan,nan,nan
3063,1,4,5,0,0,1,0,144,0,0,0,0,0,0,1,nan,nan,nan,nan,nan,nan,nan
3064,1,4,5,0,0,1,0,144,0,0,0,0,0,0,1,nan,nan,nan,nan,nan,nan,nan
3065,1,4,5,0,0,1,0,144,0,0,0,0,0,0,1,nan,nan,nan,nan,nan,nan,nan
3066,1,4,5,0,0,1,0,144,0,0,0,0,0,0,1,nan,nan,nan,nan,nan,nan,nan
3067,1,4,5,0,0,1,0,144,0,0,0,0,0,0,1,nan,nan,nan,nan,nan,nan,nan
3068,1,4,5,0,0,1,0,144,0,0,0,0,0,0,1,nan,nan,nan,nan,nan,nan,nan
3069,1,4,5,0,0,1,0,144,0,0,0,0,0,0,1,nan,nan,nan,nan,nan,nan,nan
3070,1,4,4,1,0,1,0,144,0,0,0,0,0,0,1,nan,nan,18.291478284553705,nan,nan,nan,nan
3071,1,4,4,1,0,0,0,144,0,0,0,0,0,0,0,nan,nan,nan,nan,nan,36.60968591474011,nan
3072,1,4,4,1,0,0,0,144,0,0,0,0,0,0,0,nan,nan,nan,nan,nan,nan,nan
3073,1,3,5,1,0,0,0,144,0,0,0,0,0,0,0,nan,12.014770235119613,nan,nan,nan,nan,nan
3074,1,3,5,0,1,0,0,144,0,0,0,0,0,0,0,nan,nan,nan,13.398247077707765,nan,nan,nan
3075,1,3,5,0,1,0,0,144,0,0,0,0,0,0,0,nan,nan,nan,nan,nan,nan,nan
3076,1,3,5,0,1,0,0,144,0,0,0,0,0,0,0,nan,nan,nan,nan,nan,nan,nan
3077,1,3,5,0,1,0,0,144,0,0,0,0,0,0,0,nan,nan,nan,nan,nan,nan,nan
3078,1,3,5,0,1,0,0,144,0,0,0,0,0,0,0,nan,nan,nan,nan,nan,nan,nan
3079,1,4,5,0,1,0,0,144,0,0,0,0,0,0,0,44.187815551084896,nan,nan,nan,nan,nan,nan
3080,1,4,5,0,1,0,0,144,0,0,0,0,0,0,0,nan,nan,nan,nan,nan,nan,nan
3081,1,4,5,0,1,0,0,144,0,0,0,0,0,0,0,nan,nan,nan,nan,nan,nan,nan
3082,1,4,5,0,1,0,0,144,0,0,0,0,0,0,0,nan,nan,nan,nan,nan,nan,nan
3083,1,4,5,0,1,0,0,144,0,2,0,0,0,0,0,nan,9.992806207530066,nan,nan,nan,nan,nan
3084,1,4,5,0,0,1,0,144,0,2,0,0,0,0,0,nan,nan,nan,nan,28.760909710991655,nan,nan
3085,1,4,5,0,0,1,0,144,0,2,0,0,0,0,0,nan,nan,nan,nan,nan,nan,nan
3086,1,4,5,0,0,1,0,145,0,2,0,0,0,0,1,nan,nan,nan,nan,nan,nan,36.58342409725947
3087,1,4,5,0,1,1,0,145,0,2,0,1,0,0,1,nan,nan,nan,13.108253872023397,nan,nan,nan
3088,1,4,5,0,1,0,0,145,0,2,0,1,0,0,0,nan,nan,nan,nan,nan,17.067916981548933,nan
3089,1,4,5,0,1,0,0,145,0,2,0,1,0,0,0,nan,nan,nan,nan,nan,nan,nan
3090,1,4,5,0,1,0,0,145,0,2,0,1,0,0,0,nan,nan,nan,nan,nan,nan,nan
3091,1,3,5,0,1,0,0,145,0,0,0,0,0,0,0,nan,nan,20.78388632019687,nan,nan,nan,nan
3092,1,3,5,0,1,0,0,145,0,0,0,0,0,0,0,nan,nan,nan,nan,nan,nan,nan
3093,1,3,5,0,1,0,0,145,0,0,0,0,0,0,0,nan,nan,nan,nan,nan,nan,nan
3094,1,3,5,0,1,0,0,145,0,0,0,0,0,0,0,nan,nan,nan,nan,nan,nan,nan
3095,1,3,5,0,1,0,0,145,0,0,0,0,0,0,0,nan,nan,nan,nan,nan,nan,nan
3096,1,4,5,0,1,0,0,145,0,0,0,0,0,0,0,17.347207775832885,nan,nan,nan,nan,nan,nan
3097,1,4,5,0,1,0,0,145,0,0,0,0,0,0,0,nan,nan,nan,nan,nan,nan,nan
3098,1,4,5,0,1,0,0,145,0,0,0,0,0,0,0,nan,nan,nan,nan,nan,nan,nan
3099,1,4,5,0,1,0,0,145,0,0,0,0,0,0,0,nan,nan,nan,nan,nan,nan,nan
3100,1,4,5,0,0,1,0,145,0,0,0,0,0,0,0,nan,nan,nan,nan,16.850722515470807,nan,nan
3101,1,4,5,0,0,1,0,145,0,0,0,0,0,0,0,nan,nan,nan,nan,nan,nan,nan
3102,1,4,5,0,0,0,1,145,0,0,0,0,0,0,0,nan,nan,nan,nan,nan,13.868525045785645,nan
3103,1,4,5,0,0,0,1,145,0,0,0,0,0,0,0,nan,nan,nan,nan,nan,nan,nan
3104,1,4,5,0,1,0,1,145,0,0,0,1,0,0,0,nan,nan,nan,16.909874284431226,nan,nan,nan
3105,1,4,5,0,1,0,1,145,0,2,0,1,0,0,0,nan,21.660437857664874,nan,nan,nan,nan,nan
3106,1,4,5,0,1,0,1,145,0,2,0,1,0,0,0,nan,nan,nan,nan,nan,nan,nan
3107,1,4,5,0,1,0,1,145,0,2,0,1,0,0,0,nan,nan,nan,nan,nan,nan,nan
3108,1,5,5,0,1,0,1,145,0,2,0,1,0,0,0,12.060587528100768,nan,nan,nan,nan,nan,nan
3109,1,5,5,0,1,0,1,145,0,2,0,1,0,0,0,nan,nan,nan,nan,nan,nan,nan
3110,1,5,5,0,1,0,1,145,0,2,0,1,0,0,0,nan,nan,nan,nan,nan,nan,nan
3111,1,5,5,0,1,0,1,145,0,2,0,1,0,0,0,nan,nan,nan,nan,nan,nan,nan
3112,1,5,5,0,1,0,0,146,0,2,0,1,0,0,0,nan,nan,nan,nan,nan,nan,26.211749535882973
3113,1,4,5,0,1,0,0,146,0,0,0,0,0,0,0,nan,nan,21.996073363160576,nan,nan,nan,nan
3114,1,4,5,0,1,0,0,146,0,0,0,0,0,0,0,nan,nan,nan,nan,nan,nan,nan
3115,1,4,5,0,1,0,0,146,0,0,0,0,0,0,0,nan,nan,nan,nan,nan,nan,nan
3116,1,4,5,0,1,0,0,146,0,0,0,0,0,0,0,nan,nan,nan,nan,nan,nan,nan
3117,1,4,5,0,1,0,0,146,0,0,0,0,0,0,0,nan,nan,nan,nan,nan,nan,nan
3118,1,4,5,0,1,0,0,146,0,0,0,0,0,0,0,nan,nan,nan,nan,nan,nan,nan
3119,1,4,5,0,1,0,0,146,0,0,0,0,0,0,0,nan,nan,nan,nan,nan,nan,nan
3120,1,4,5,0,1,0,0,146,0,0,0,0,0,0,0,nan,nan,nan,nan,nan,nan,nan
3121,1,4,5,0,1,0,0,146,0,0,0,0,0,0,0,nan,nan,nan,nan,nan,nan,nan
3122,1,4,5,0,1,0,0,146,0,0,0,0,0,0,0,nan,nan,nan,nan,nan,nan,nan
3123,1,4,5,0,1,0,0,147,0,0,0,0,0,0,1,nan,nan,nan,nan,nan,nan,11.078512469091493
3124,1,4,5,0,1,0,0,147,0,0,0,0,0,0,1,nan,nan,nan,nan,nan,nan,nan
3125,1,4,5,0,1,0,0,147,0,2,0,0,0,0,1,nan,20.04900973922622,nan,nan,nan,nan,nan
3126,1,4,5,0,1,0,0,147,0,2,0,0,0,0,1,nan,nan,nan,nan,nan,nan,nan
3127,1,4,5,0,1,0,0,147,0,2,0,0,0,1,0,nan,nan,nan,nan,nan,25.078491848589692,nan
3128,1,4,5,0,1,0,0,147,0,2,0,0,0,1,0,nan,nan,nan,nan,nan,nan,nan
3129,1,5,5,0,2,0,0,147,0,2,0,1,0,1,0,20.836060045192426,nan,nan,25.651231643193114,nan,nan,nan
3130,1,5,5,0,2,0,0,147,0,2,0,1,0,1,0,nan,nan,nan,nan,nan,nan,nan
3131,1,5,5,0,2,0,0,147,0,2,0,1,0,1,0,nan,nan,nan,nan,nan,nan,nan
3132,1,5,5,0,2,0,0,147,0,2,0,1,0,1,0,nan,nan,nan,nan,nan,nan,nan
3133,1,5,5,0,2,0,0,147,0,2,0,1,0,1,0,nan,nan,nan,nan,nan,nan,nan
3134,1,4,5,0,2,0,0,147,0,0,0,0,0,1,0,nan,nan,20.790074081405237,nan,nan,nan,nan
3135,1,4,5,0,1,0,0,147,0,0,0,0,0,0,0,nan,nan,nan,nan,34.40075048631843,nan,nan
3136,1,4,5,0,1,0,0,147,0,0,0,0,0,0,0,nan,nan,nan,nan,nan,nan,nan
3137,1,4,5,0,1,0,0,148,0,0,0,0,0,0,1,nan,nan,nan,nan,nan,nan,14.264872626869874
3138,1,4,5,0,1,0,0,148,0,0,0,0,0,0,1,nan,nan,nan,nan,nan,nan,nan
3139,1,4,5,0,1,0,0,148,0,0,0,0,0,0,1,nan,nan,nan,nan,nan,nan,nan
3140,1,4,5,0,1,0,0,148,0,0,0,0,0,0,1,nan,nan,nan,nan,nan,nan,nan
3141,1,4,5,0,1,0,0,148,0,0,0,0,0,0,1,nan,nan,nan,nan,nan,nan,nan
3142,1,4,5,0,1,0,0,148,0,0,0,0,0,0,1,nan,nan,nan,nan,nan,nan,nan
3143,1,4,5,0,1,0,0,148,0,0,0,0,0,0,1,nan,nan,nan,nan,nan,nan,nan
3144,1,4,5,0,1,0,0,148,0,0,0,0,0,0,1,nan,nan,nan,nan,nan,nan,nan
3145,1,4,5,0,1,0,0,148,0,0,0,0,0,0,1,nan,nan,nan,nan,nan,nan,nan
3146,1,4,5,0,1,0,0,148,0,0,0,0,0,0,1,nan,nan,nan,nan,nan,nan,nan
3147,1,4,5,0,1,0,0,148,0,2,0,0,0,0,1,nan,22.019307736299197,nan,nan,nan,nan,nan
3148,1,4,5,0,1,0,0,148,0,2,0,0,0,1,0,nan,nan,nan,nan,nan,21.81607110131381,nan
3149,1,4,5,0,1,0,0,148,0,2,0,0,0,1,0,nan,nan,nan,nan,nan,nan,nan
3150,1,4,5,0,1,0,0,148,0,2,0,1,0,0,0,nan,nan,nan,21.022404429821563,15.05801117774081,nan,nan
3151,1,4,5,0,1,0,0,148,0,2,0,1,0,0,0,nan,nan,nan,nan,nan,nan,nan
3152,1,3,5,0,1,0,0,148,0,0,0,0,0,0,0,nan,nan,18.243877029842224,nan,nan,nan,nan
3153,1,3,5,0,1,0,0,148,0,0,0,0,0,0,0,nan,nan,nan,nan,nan,nan,nan
3154,1,3,5,0,1,0,0,148,0,0,0,0,0,0,0,nan,nan,nan,nan,nan,nan,nan
3155,1,3,5,0,1,0,0,148,0,0,0,0,0,0,0,nan,nan,nan,nan,nan,nan,nan
3156,1,4,5,0,1,0,0,148,0,0,0,0,0,0,0,26.651677836990075,nan,nan,nan,nan,nan,nan
3157,1,4,5,0,1,0,0,148,0,0,0,0,0,0,0,nan,nan,nan,nan,nan,nan,nan
3158,1,4,5,0,1,0,0,148,0,0,0,0,0,0,0,nan,nan,nan,nan,nan,nan,nan
3159,1,4,5,0,1,0,0,148,0,0,0,0,0,0,0,nan,nan,nan,nan,nan,nan,nan
3160,1,4,5,0,1,0,0,148,0,0,0,0,0,0,0,nan,nan,nan,nan,nan,nan,nan
3161,1,4,5,0,1,0,0,148,0,0,0,0,0,0,0,nan,nan,nan,nan,nan,nan,nan
3162,1,4,5,0,1,0,0,148,0,0,0,0,0,0,0,nan,nan,nan,nan,nan,nan,nan
3163,1,4,5,0,1,0,0,148,0,0,0,0,0,0,0,nan,nan,nan,nan,nan,nan,nan
3164,1,4,5,0,1,0,0,148,0,0,0,0,0,0,0,nan,nan,nan,nan,nan,nan,nan
3165,1,4,5,0,2,0,0,148,0,0,0,1,0,0,0,nan,nan,nan,14.399016297345497,nan,nan,nan
3166,1,4,5,0,2,0,1,148,0,0,0,1,0,1,0,nan,nan,nan,nan,nan,17.112789775595502,nan
3167,1,4,5,0,2,0,1,148,0,0,0,1,0,1,0,nan,nan,nan,nan,nan,nan,nan
3168,1,4,5,0,2,0,1,148,0,0,0,1,0,1,0,nan,nan,nan,nan,nan,nan,nan
3169,1,4,5,0,2,0,0,149,0,0,0,1,0,1,0,nan,nan,nan,nan,nan,nan,31.476755090046936
3170,1,4,5,0,2,0,0,149,0,0,0,1,0,1,0,nan,nan,nan,nan,nan,nan,nan
3171,1,4,5,0,2,0,0,149,0,0,0,1,0,1,0,nan,nan,nan,nan,nan,nan,nan
3172,1,4,5,0,2,0,0,149,0,2,0,1,0,1,0,nan,25.379716009367712,nan,nan,nan,nan,nan
3173,1,3,5,0,2,0,0,149,0,0,0,0,0,1,0,nan,nan,21.040345947072638,nan,nan,nan,nan
3174,1,4,5,0,2,0,0,149,0,0,0,0,0,1,0,18.326287544578463,nan,nan,nan,nan,nan,nan
3175,1,4,5,0,1,0,0,149,0,0,0,0,0,0,0,nan,nan,nan,nan,24.64664694078465,nan,nan
3176,1,4,5,0,1,0,0,149,0,0,0,0,0,0,0,nan,nan,nan,nan,nan,nan,nan
3177,1,4,5,0,1,0,0,149,0,0,0,0,0,0,0,nan,nan,nan,nan,nan,nan,nan
3178,1,4,5,0,1,0,0,149,0,0,0,0,0,0,0,nan,nan,nan,nan,nan,nan,nan
3179,1,4,5,0,1,0,0,149,0,0,0,0,0,0,0,nan,nan,nan,nan,nan,nan,nan
3180,1,4,5,0,1,0,0,149,0,0,0,0,0,0,0,nan,nan,nan,nan,nan,nan,nan
3181,1,4,5,0,1,0,0,150,0,0,0,0,0,0,1,nan,nan,nan,nan,nan,nan,12.669682121009373
3182,1,4,5,0,1,0,0,150,0,0,0,0,0,0,1,nan,nan,nan,nan,nan,nan,nan
3183,1,4,5,0,1,0,0,150,0,0,0,0,0,0,1,nan,nan,nan,nan,nan,nan,nan
3184,1,4,4,1,1,0,0,150,0,0,0,0,0,0,1,nan,nan,11.291936667660138,nan,nan,nan,nan
3185,1,4,4,1,1,0,0,150,0,0,0,0,0,0,1,nan,nan,nan,nan,nan,nan,nan
3186,1,4,4,1,1,0,0,150,0,0,0,0,0,0,1,nan,nan,nan,nan,nan,nan,nan
3187,1,5,4,1,1,0,0,150,0,0,0,0,0,0,1,13.264068782219056,nan,nan,nan,nan,nan,nan
3188,1,5,4,1,1,0,0,150,0,0,0,0,0,0,1,nan,nan,nan,nan,nan,nan,nan
3189,1,5,4,0,2,0,0,150,0,0,0,0,0,0,1,nan,nan,nan,23.768627693002145,nan,nan,nan
3190,1,4,5,0,2,0,0,150,0,0,0,0,0,0,1,nan,17.70058711400452,nan,nan,nan,nan,nan
3191,1,4,5,0,2,0,0,150,0,0,0,0,0,0,1,nan,nan,nan,nan,nan,nan,nan
3192,1,4,5,0,2,0,0,150,0,0,0,0,0,0,1,nan,nan,nan,nan,nan,nan,nan
3193,1,4,5,0,2,0,0,150,0,0,0,0,0,0,1,nan,nan,nan,nan,nan,nan,nan
3194,1,4,5,0,2,0,0,150,0,0,0,0,0,0,1,nan,nan,nan,nan,nan,nan,nan
3195,1,4,5,0,2,0,0,150,0,0,0,0,0,0,1,nan,nan,nan,nan,nan,nan,nan
3196,1,4,5,0,2,0,0,150,0,0,0,0,0,0,1,nan,nan,nan,nan,nan,nan,nan
3197,1,4,4,1,2,0,0,150,0,0,0,0,0,0,1,nan,nan,12.543880912032364,nan,nan,nan,nan
3198,1,5,4,1,2,0,0,150,0,0,0,0,0,0,1,10.767947855666534,nan,nan,nan,nan,nan,nan
3199,1,5,4,1,2,0,0,150,0,0,0,0,0,0,1,nan,nan,nan,nan,nan,nan,nan
3200,1,5,4,1,2,0,0,150,0,0,0,0,0,0,1,nan,nan,nan,nan,nan,nan,nan
3201,1,5,4,1,2,0,0,150,0,0,0,0,0,0,1,nan,nan,nan,nan,nan,nan,nan
3202,1,5,4,1,2,0,0,150,0,0,0,0,0,0,1,nan,nan,nan,nan,nan,nan,nan
3203,1,5,4,1,2,0,0,150,0,0,0,0,0,0,1,nan,nan,nan,nan,nan,nan,nan
3204,1,5,4,1,2,0,0,150,0,0,0,0,0,0,1,nan,nan,nan,nan,nan,nan,nan
3205,1,5,4,1,2,0,0,150,0,0,0,0,0,0,1,nan,nan,nan,nan,nan,nan,nan
3206,1,5,4,1,2,0,0,150,0,0,0,0,0,0,1,nan,nan,nan,nan,nan,nan,nan
3207,1,5,4,1,2,0,0,150,0,0,0,0,0,0,1,nan,nan,nan,nan,nan,nan,nan
3208,1,4,5,1,2,0,0,150,0,0,0,0,0,0,1,nan,17.832931647011264,nan,nan,nan,nan,nan
3209,1,4,5,0,2,1,0,150,0,0,0,0,0,0,1,nan,nan,nan,20.6407351310354,34.787131147846594,nan,nan
3210,1,4,5,0,2,0,0,150,0,0,0,0,0,0,0,nan,nan,nan,nan,nan,44.72790582598691,nan
3211,1,4,5,0,2,0,0,150,0,0,0,0,0,0,0,nan,nan,nan,nan,nan,nan,nan
3212,1,4,5,0,2,0,0,150,0,0,0,0,0,0,0,nan,nan,nan,nan,nan,nan,nan
3213,1,4,5,0,2,0,0,150,0,0,0,0,0,0,0,nan,nan,nan,nan,nan,nan,nan
3214,1,4,4,1,2,0,0,150,0,0,0,0,0,0,0,nan,nan,17.25901917018973,nan,nan,nan,nan
3215,1,5,4,1,2,0,0,150,0,0,0,0,0,0,0,17.284096609141216,nan,nan,nan,nan,nan,nan
3216,1,5,4,1,2,0,0,150,0,0,0,0,0,0,0,nan,nan,nan,nan,nan,nan,nan
3217,1,5,4,1,2,0,0,150,0,0,0,0,0,0,0,nan,nan,nan,nan,nan,nan,nan
3218,1,5,4,1,2,0,0,150,0,0,0,0,0,0,0,nan,nan,nan,nan,nan,nan,nan
3219,1,5,4,1,2,0,0,150,0,0,0,0,0,0,0,nan,nan,nan,nan,nan,nan,nan
3220,1,5,4,1,2,0,0,150,0,0,0,0,0,0,0,nan,nan,nan,nan,nan,nan,nan
3221,1,5,4,1,2,0,0,150,0,0,0,0,0,0,0,nan,nan,nan,nan,nan,nan,nan
3222,1,4,5,0,3,0,0,151,0,0,0,0,0,1,0,nan,14.093591838749944,nan,12.554840677549237,nan,11.967556531204082,40.59691983175526
3223,1,4,5,0,3,0,0,151,0,0,0,0,0,1,0,nan,nan,nan,nan,nan,nan,nan
3224,1,4,5,0,3,0,0,151,0,0,0,0,0,1,0,nan,nan,nan,nan,nan,nan,nan
3225,1,4,5,0,3,0,0,151,0,0,0,0,0,1,0,nan,nan,nan,nan,nan,nan,nan
3226,1,4,5,0,3,0,0,151,0,0,0,0,0,1,0,nan,nan,nan,nan,nan,nan,nan
3227,1,4,4,1,3,0,0,151,0,0,0,0,0,1,0,nan,nan,12.886171095912232,nan,nan,nan,nan
3228,1,4,4,1,3,0,0,151,0,0,0,0,0,1,0,nan,nan,nan,nan,nan,nan,nan
3229,1,4,4,1,3,0,0,151,0,0,0,0,0,1,0,nan,nan,nan,nan,nan,nan,nan
3230,1,4,4,1,3,0,0,151,0,0,0,0,0,1,0,nan,nan,nan,nan,nan,nan,nan
3231,1,4,4,1,3,0,0,151,0,0,0,0,0,1,0,nan,nan,nan,nan,nan,nan,nan
3232,1,3,5,1,3,0,0,151,0,0,0,0,0,1,0,nan,10.096592119397883,nan,nan,nan,nan,nan
3233,1,3,5,1,2,0,0,152,0,0,0,0,0,0,1,nan,nan,nan,nan,23.78981844627606,nan,10.714874037405934
3234,1,3,5,0,3,0,0,152,0,0,0,0,0,0,1,nan,nan,nan,12.66245724178043,nan,nan,nan
3235,1,3,5,0,3,0,0,152,0,0,0,0,0,0,1,nan,nan,nan,nan,nan,nan,nan
3236,1,3,5,0,3,0,0,152,0,0,0,0,0,0,1,nan,nan,nan,nan,nan,nan,nan
3237,1,3,5,0,3,0,0,152,0,0,0,0,0,0,1,nan,nan,nan,nan,nan,nan,nan
3238,1,3,5,0,3,0,0,152,0,0,0,0,0,0,1,nan,nan,nan,nan,nan,nan,nan
3239,1,3,5,0,3,0,0,152,0,0,0,0,0,0,1,nan,nan,nan,nan,nan,nan,nan
3240,1,3,5,0,3,0,0,152,0,0,0,0,0,0,1,nan,nan,nan,nan,nan,nan,nan
3241,1,3,5,0,3,0,0,152,0,0,0,0,0,0,1,nan,nan,nan,nan,nan,nan,nan
3242,1,4,5,0,3,0,0,152,0,0,0,0,0,0,1,26.753975317027198,nan,nan,nan,nan,nan,nan
3243,1,4,5,0,3,0,0,152,0,0,0,0,0,0,1,nan,nan,nan,nan,nan,nan,nan
3244,1,4,5,0,3,0,0,152,0,0,0,0,0,0,1,nan,nan,nan,nan,nan,nan,nan
3245,1,4,5,0,3,0,0,152,0,0,0,0,0,0,1,nan,nan,nan,nan,nan,nan,nan
3246,1,4,5,0,3,0,0,152,0,2,0,0,0,0,1,nan,14.049481857708543,nan,nan,nan,nan,nan
3247,1,4,5,0,3,0,0,152,0,2,0,0,0,0,1,nan,nan,nan,nan,nan,nan,nan
3248,1,4,5,0,3,0,0,152,0,2,0,0,0,0,1,nan,nan,nan,nan,nan,nan,nan
3249,1,4,5,0,3,0,0,152,0,2,0,0,0,0,1,nan,nan,nan,nan,nan,nan,nan
3250,1,4,5,0,3,0,0,152,0,2,0,0,0,0,1,nan,nan,nan,nan,nan,nan,nan
3251,1,4,5,0,4,0,0,152,0,2,0,1,0,0,1,nan,nan,nan,16.091982382968126,nan,nan,nan
3252,1,4,5,0,4,0,0,152,0,2,0,1,0,0,1,nan,nan,nan,nan,nan,nan,nan
3253,1,4,5,0,4,0,0,152,0,2,0,1,0,0,1,nan,nan,nan,nan,nan,nan,nan
3254,1,4,5,0,3,1,0,152,0,2,0,1,0,0,1,nan,nan,nan,nan,20.814138602967432,nan,nan
3255,1,3,5,0,3,1,0,152,0,0,0,0,0,0,1,nan,nan,27.78289271399899,nan,nan,nan,nan
3256,1,3,5,0,3,0,0,152,0,0,0,0,0,0,0,nan,nan,nan,nan,nan,34.23089624486238,nan
3257,1,3,5,0,3,0,0,152,0,0,0,0,0,0,0,nan,nan,nan,nan,nan,nan,nan
3258,1,3,5,0,3,0,0,152,0,0,0,0,0,0,0,nan,nan,nan,nan,nan,nan,nan
3259,1,3,5,0,3,0,0,152,0,0,0,0,0,0,0,nan,nan,nan,nan,nan,nan,nan
3260,1,3,5,0,3,0,0,152,0,0,0,0,0,0,0,nan,nan,nan,nan,nan,nan,nan
3261,1,3,5,0,3,0,0,152,0,0,0,0,0,0,0,nan,nan,nan,nan,nan,nan,nan
3262,1,3,5,0,3,0,0,152,0,0,0,0,0,0,0,nan,nan,nan,nan,nan,nan,nan
3263,1,3,5,0,3,0,0,152,0,0,0,0,0,0,0,nan,nan,nan,nan,nan,nan,nan
3264,1,3,5,0,3,0,0,152,0,0,0,0,0,0,0,nan,nan,nan,nan,nan,nan,nan
3265,1,3,5,0,3,0,0,152,0,0,0,0,0,0,0,nan,nan,nan,nan,nan,nan,nan
3266,1,3,5,0,3,0,0,152,0,0,0,0,0,0,0,nan,nan,nan,nan,nan,nan,nan
3267,1,4,5,0,4,0,0,152,0,0,0,1,0,0,0,24.716911165320653,nan,nan,16.1023041564913,nan,nan,nan
3268,1,4,5,0,4,0,0,152,0,2,0,1,0,0,0,nan,21.862088893177315,nan,nan,nan,nan,nan
3269,1,4,5,0,4,0,0,152,0,2,0,1,0,0,0,nan,nan,nan,nan,nan,nan,nan
3270,1,4,5,0,4,0,0,152,0,2,0,1,0,0,0,nan,nan,nan,nan,nan,nan,nan
3271,1,4,5,0,4,0,0,152,0,2,0,1,0,0,0,nan,nan,nan,nan,nan,nan,nan
3272,1,4,5,0,4,0,0,152,0,2,0,1,0,0,0,nan,nan,nan,nan,nan,nan,nan
3273,1,4,5,0,3,1,0,153,0,2,0,1,0,0,1,nan,nan,nan,nan,19.31967053535891,nan,40.02432566173093
3274,1,4,5,0,3,1,0,153,0,2,0,1,0,0,1,nan,nan,nan,nan,nan,nan,nan
3275,1,4,5,0,3,1,0,153,0,2,0,1,0,0,1,nan,nan,nan,nan,nan,nan,nan
3276,1,4,5,0,3,1,0,153,0,2,0,1,0,0,1,nan,nan,nan,nan,nan,nan,nan
3277,1,4,5,0,3,1,0,153,0,2,0,1,0,0,1,nan,nan,nan,nan,nan,nan,nan
3278,1,3,5,0,3,1,0,153,0,0,0,0,0,0,1,nan,nan,23.698525846419216,nan,nan,nan,nan
3279,1,3,5,0,3,1,0,153,0,0,0,0,0,0,1,nan,nan,nan,nan,nan,nan,nan
3280,1,3,5,0,3,1,0,153,0,0,0,0,0,0,1,nan,nan,nan,nan,nan,nan,nan
3281,1,3,5,0,3,1,0,153,0,0,0,0,0,0,1,nan,nan,nan,nan,nan,nan,nan
3282,1,3,5,0,3,0,0,153,0,0,0,0,0,0,0,nan,nan,nan,nan,nan,25.813001365794207,nan
3283,1,3,5,0,3,0,0,153,0,0,0,0,0,0,0,nan,nan,nan,nan,nan,nan,nan
3284,1,3,5,0,3,0,0,153,0,0,0,0,0,0,0,nan,nan,nan,nan,nan,nan,nan
3285,1,3,5,0,3,0,0,153,0,0,0,0,0,0,0,nan,nan,nan,nan,nan,nan,nan
3286,1,3,5,0,2,1,0,153,0,0,0,0,0,0,0,nan,nan,nan,nan,12.246630563347935,nan,nan
3287,1,3,5,0,2,1,0,153,0,0,0,0,0,0,0,nan,nan,nan,nan,nan,nan,nan
3288,1,3,5,0,2,1,0,153,0,0,0,0,0,0,0,nan,nan,nan,nan,nan,nan,nan
3289,1,3,5,0,3,1,0,153,0,0,0,1,0,0,0,nan,nan,nan,22.26291417512266,nan,nan,nan
3290,1,3,5,0,3,1,0,153,0,0,0,1,0,0,0,nan,nan,nan,nan,nan,nan,nan
3291,1,3,5,0,3,1,0,153,0,0,0,1,0,0,0,nan,nan,nan,nan,nan,nan,nan
3292,1,3,5,0,3,1,0,153,0,0,0,1,0,0,0,nan,nan,nan,nan,nan,nan,nan
3293,1,3,5,0,3,1,0,153,0,0,0,1,0,0,0,nan,nan,nan,nan,nan,nan,nan
3294,1,3,5,0,3,1,0,153,0,0,0,1,0,0,0,nan,nan,nan,nan,nan,nan,nan
3295,1,3,5,0,3,1,0,153,0,0,0,1,0,0,0,nan,nan,nan,nan,nan,nan,nan
3296,1,3,5,0,3,1,0,154,0,0,0,1,0,0,1,nan,nan,nan,nan,nan,nan,23.267696868678286
3297,1,4,5,0,3,1,0,154,0,0,0,1,0,0,1,30.14240056296194,nan,nan,nan,nan,nan,nan
3298,1,4,5,0,3,1,0,154,0,0,0,1,0,0,1,nan,nan,nan,nan,nan,nan,nan
3299,1,4,5,0,3,1,0,154,0,0,0,1,0,0,1,nan,nan,nan,nan,nan,nan,nan
3300,1,4,5,0,3,1,0,154,0,0,0,1,0,0,1,nan,nan,nan,nan,nan,nan,nan
3301,1,4,5,0,3,1,0,154,0,0,0,1,0,0,1,nan,nan,nan,nan,nan,nan,nan
3302,1,4,5,0,3,1,0,154,0,0,0,1,0,0,1,nan,nan,nan,nan,nan,nan,nan
3303,1,4,5,0,3,1,0,154,0,2,0,1,0,0,1,nan,35.10116110824583,nan,nan,nan,nan,nan
3304,1,4,5,0,3,1,0,154,0,2,0,1,0,0,1,nan,nan,nan,nan,nan,nan,nan
3305,1,4,5,0,3,1,0,154,0,2,0,1,0,0,1,nan,nan,nan,nan,nan,nan,nan
3306,1,4,5,0,3,1,0,154,0,2,0,1,0,0,1,nan,nan,nan,nan,nan,nan,nan
3307,1,4,5,0,3,1,0,154,0,2,0,1,0,0,1,nan,nan,nan,nan,nan,nan,nan
3308,1,5,5,0,3,0,0,154,0,2,0,1,0,0,0,11.228950033681485,nan,nan,nan,nan,25.442052655995667,nan
3309,1,5,5,0,3,0,0,154,0,2,0,1,0,0,0,nan,nan,nan,nan,nan,nan,nan
3310,1,5,5,0,3,0,0,154,0,2,0,1,0,0,0,nan,nan,nan,nan,nan,nan,nan
3311,1,5,5,0,3,0,0,154,0,2,0,1,0,0,0,nan,nan,nan,nan,nan,nan,nan
3312,1,5,5,0,3,0,0,154,0,2,0,1,0,0,0,nan,nan,nan,nan,nan,nan,nan
3313,1,5,5,0,3,0,0,154,0,2,0,1,0,0,0,nan,nan,nan,nan,nan,nan,nan
3314,1,5,5,0,2,1,0,154,0,2,0,1,0,0,0,nan,nan,nan,nan,28.786224765406587,nan,nan
3315,1,4,5,0,2,1,0,154,0,0,0,0,0,0,0,nan,nan,36.57963006276805,nan,nan,nan,nan
3316,1,4,5,0,2,1,0,154,0,0,0,0,0,0,0,nan,nan,nan,nan,nan,nan,nan
3317,1,4,5,0,2,1,0,154,0,0,0,0,0,0,0,nan,nan,nan,nan,nan,nan,nan
3318,1,4,5,0,2,1,0,154,0,0,0,0,0,0,0,nan,nan,nan,nan,nan,nan,nan
3319,1,4,5,0,2,1,0,154,0,0,0,0,0,0,0,nan,nan,nan,nan,nan,nan,nan
3320,1,4,5,0,2,1,0,154,0,0,0,0,0,0,0,nan,nan,nan,nan,nan,nan,nan
3321,1,4,5,0,2,1,0,154,0,0,0,0,0,0,0,nan,nan,nan,nan,nan,nan,nan
3322,1,4,5,0,2,1,0,155,0,0,0,0,0,0,1,nan,nan,nan,nan,nan,nan,26.013332269569673
3323,1,4,5,0,2,1,0,155,0,0,0,0,0,0,1,nan,nan,nan,nan,nan,nan,nan
3324,1,4,5,0,2,0,0,155,0,0,0,0,0,0,0,nan,nan,nan,nan,nan,15.897582247800074,nan
3325,1,4,5,0,2,0,0,155,0,0,0,0,0,0,0,nan,nan,nan,nan,nan,nan,nan
3326,1,4,5,0,2,0,0,155,0,0,0,0,0,0,0,nan,nan,nan,nan,nan,nan,nan
3327,1,4,5,0,2,0,0,155,0,0,0,0,0,0,0,nan,nan,nan,nan,nan,nan,nan
3328,1,4,5,0,2,0,0,155,0,2,0,0,0,0,0,nan,25.261146747390285,nan,nan,nan,nan,nan
3329,1,4,5,0,2,0,0,155,0,2,0,0,0,0,0,nan,nan,nan,nan,nan,nan,nan
3330,1,4,5,0,1,1,0,155,0,2,0,0,0,0,0,nan,nan,nan,nan,15.875004513689873,nan,nan
3331,1,4,5,0,1,1,0,155,0,2,0,0,0,0,0,nan,nan,nan,nan,nan,nan,nan
3332,1,4,5,0,1,1,0,155,0,2,0,0,0,0,0,nan,nan,nan,nan,nan,nan,nan
3333,1,4,5,0,1,1,0,155,0,2,0,0,0,0,0,nan,nan,nan,nan,nan,nan,nan
3334,1,4,5,0,2,1,0,155,0,2,0,1,0,0,0,nan,nan,nan,45.19753686466947,nan,nan,nan
3335,1,4,5,0,2,1,0,155,0,2,0,1,0,0,0,nan,nan,nan,nan,nan,nan,nan
3336,1,5,5,0,2,1,0,155,0,2,0,1,0,0,0,27.76397836070828,nan,nan,nan,nan,nan,nan
3337,1,5,5,0,2,1,0,155,0,2,0,1,0,0,0,nan,nan,nan,nan,nan,nan,nan
3338,1,5,5,0,2,1,0,155,0,2,0,1,0,0,0,nan,nan,nan,nan,nan,nan,nan
3339,1,5,5,0,2,1,0,155,0,2,0,1,0,0,0,nan,nan,nan,nan,nan,nan,nan
3340,1,5,5,0,2,1,0,155,0,2,0,1,0,0,0,nan,nan,nan,nan,nan,nan,nan
3341,1,5,5,0,2,1,0,155,0,2,0,1,0,0,0,nan,nan,nan,nan,nan,nan,nan
3342,1,5,5,0,2,0,1,155,0,2,0,1,0,0,0,nan,nan,nan,nan,nan,18.32969541713328,nan
3343,1,5,5,0,2,0,1,155,0,2,0,1,0,0,0,nan,nan,nan,nan,nan,nan,nan
3344,1,5,5,0,2,0,1,155,0,2,0,1,0,0,0,nan,nan,nan,nan,nan,nan,nan
3345,1,4,5,0,1,1,0,156,0,0,0,0,0,0,0,nan,nan,30.145625924612432,nan,14.412535453298005,nan,23.48130015767947
3346,1,4,5,0,1,1,0,156,0,0,0,0,0,0,0,nan,nan,nan,nan,nan,nan,nan
3347,1,4,5,0,1,1,0,156,0,0,0,0,0,0,0,nan,nan,nan,nan,nan,nan,nan
3348,1,4,5,0,1,1,0,156,0,0,0,0,0,0,0,nan,nan,nan,nan,nan,nan,nan
3349,1,4,5,0,1,1,0,156,0,0,0,0,0,0,0,nan,nan,nan,nan,nan,nan,nan
3350,1,5,5,0,1,1,0,156,0,0,0,0,0,0,0,14.411328201629203,nan,nan,nan,nan,nan,nan
3351,1,5,5,0,1,1,0,156,0,0,0,0,0,0,0,nan,nan,nan,nan,nan,nan,nan
3352,1,5,5,0,1,1,0,156,0,0,0,0,0,0,0,nan,nan,nan,nan,nan,nan,nan
3353,1,5,5,0,1,1,0,156,0,0,0,0,0,0,0,nan,nan,nan,nan,nan,nan,nan
3354,1,5,5,0,1,1,0,156,0,0,0,0,0,0,0,nan,nan,nan,nan,nan,nan,nan
3355,1,5,5,0,1,1,0,156,0,0,0,0,0,0,0,nan,nan,nan,nan,nan,nan,nan
3356,1,5,5,0,1,1,0,156,0,0,0,0,0,0,0,nan,nan,nan,nan,nan,nan,nan
3357,1,5,5,0,1,1,0,156,0,0,0,0,0,0,0,nan,nan,nan,nan,nan,nan,nan
3358,1,5,5,0,1,1,0,156,0,0,0,0,0,0,0,nan,nan,nan,nan,nan,nan,nan
3359,1,5,5,0,0,2,0,156,0,0,0,0,0,0,0,nan,nan,nan,nan,14.209945958888966,nan,nan
3360,1,5,5,0,0,2,0,156,0,0,0,0,0,0,0,nan,nan,nan,nan,nan,nan,nan
3361,1,5,5,0,0,2,0,156,0,0,0,0,0,0,0,nan,nan,nan,nan,nan,nan,nan
3362,1,5,5,0,1,2,0,156,0,0,0,1,0,0,0,nan,nan,nan,28.323452180819913,nan,nan,nan
3363,1,5,4,0,1,2,0,156,0,0,0,0,0,0,0,nan,nan,18.176107899370436,nan,nan,nan,nan
3364,1,5,4,0,1,2,0,156,0,0,0,0,0,0,0,nan,nan,nan,nan,nan,nan,nan
3365,1,5,4,0,1,2,0,156,0,0,0,0,0,0,0,nan,nan,nan,nan,nan,nan,nan
3366,1,5,4,0,1,2,0,156,2,0,0,0,0,0,0,16.025619506882776,nan,nan,nan,nan,nan,nan
3367,1,5,4,0,1,2,0,156,2,0,0,0,0,0,0,nan,nan,nan,nan,nan,nan,nan
3368,1,5,4,0,1,2,0,156,2,0,0,0,0,0,0,nan,nan,nan,nan,nan,nan,nan
3369,1,5,5,0,1,2,0,156,0,0,0,0,0,0,0,nan,40.558011086472106,nan,nan,nan,nan,nan
3370,1,5,5,0,1,2,0,156,0,0,0,0,0,0,0,nan,nan,nan,nan,nan,nan,nan
3371,1,5,5,0,1,2,0,156,0,0,0,0,0,0,0,nan,nan,nan,nan,nan,nan,nan
3372,1,5,5,0,1,2,0,156,0,0,0,0,0,0,0,nan,nan,nan,nan,nan,nan,nan
3373,1,5,5,0,1,1,0,157,0,0,0,0,0,0,0,nan,nan,nan,nan,nan,30.647212933969513,27.570253095132102
3374,1,5,4,1,1,1,0,157,0,0,0,0,0,0,0,nan,nan,11.031380560379148,nan,nan,nan,nan
3375,1,5,4,1,1,1,0,157,0,0,0,0,0,0,0,nan,nan,nan,nan,nan,nan,nan
3376,1,5,4,1,1,1,0,157,0,0,0,0,0,0,0,nan,nan,nan,nan,nan,nan,nan
3377,1,5,4,1,1,1,0,157,0,0,0,0,0,0,0,nan,nan,nan,nan,nan,nan,nan
3378,1,5,4,1,1,1,0,157,0,0,0,0,0,0,0,nan,nan,nan,nan,nan,nan,nan
3379,1,5,4,1,1,1,0,157,0,0,0,0,0,0,0,nan,nan,nan,nan,nan,nan,nan
3380,1,5,4,1,1,1,0,157,2,0,0,0,0,0,0,14.100147221368843,nan,nan,nan,nan,nan,nan
3381,1,5,4,1,1,1,0,157,2,0,0,0,0,0,0,nan,nan,nan,nan,nan,nan,nan
3382,1,5,5,1,1,1,0,157,0,0,0,0,0,0,0,nan,13.367250302281718,nan,nan,nan,nan,nan
3383,1,5,5,1,1,1,0,157,0,0,0,0,0,0,0,nan,nan,nan,nan,nan,nan,nan
3384,1,5,5,1,1,1,0,157,0,0,0,0,0,0,0,nan,nan,nan,nan,nan,nan,nan
3385,1,5,5,0,2,1,0,157,0,0,0,0,0,0,0,nan,nan,nan,22.275919466491814,nan,nan,nan
3386,1,5,5,0,2,1,0,157,0,0,0,0,0,0,0,nan,nan,nan,nan,nan,nan,nan
3387,1,5,5,0,2,1,0,157,0,0,0,0,0,0,0,nan,nan,nan,nan,nan,nan,nan
3388,1,5,5,0,1,2,0,157,0,0,0,0,0,0,0,nan,nan,nan,nan,28.715098124489487,nan,nan
3389,1,5,5,0,1,2,0,157,0,0,0,0,0,0,0,nan,nan,nan,nan,nan,nan,nan
3390,1,5,5,0,1,2,0,157,0,0,0,0,0,0,0,nan,nan,nan,nan,nan,nan,nan
3391,1,5,5,0,1,2,0,157,0,0,0,0,0,0,0,nan,nan,nan,nan,nan,nan,nan
3392,1,5,5,0,1,2,0,157,2,0,0,0,0,0,0,11.497554289181153,nan,nan,nan,nan,nan,nan
3393,1,5,5,0,1,2,0,157,2,2,0,0,0,0,0,nan,10.964742084775935,nan,nan,nan,nan,nan
3394,1,5,5,0,1,2,0,157,2,2,0,0,0,0,0,nan,nan,nan,nan,nan,nan,nan
3395,1,5,5,0,1,2,0,157,2,2,0,0,0,0,0,nan,nan,nan,nan,nan,nan,nan
3396,1,5,5,0,1,2,0,157,2,2,0,0,0,0,0,nan,nan,nan,nan,nan,nan,nan
3397,1,5,5,0,1,2,0,157,2,2,0,0,0,0,0,nan,nan,nan,nan,nan,nan,nan
3398,1,5,5,0,1,2,0,157,2,2,0,0,0,0,0,nan,nan,nan,nan,nan,nan,nan
3399,1,5,5,1,1,2,0,158,0,0,0,0,0,0,1,nan,nan,24.320336487292025,nan,nan,nan,26.195704604545426
3400,1,5,5,1,1,2,0,158,0,0,0,0,0,0,1,nan,nan,nan,nan,nan,nan,nan
3401,1,5,5,1,1,1,0,158,0,0,0,0,0,0,0,nan,nan,nan,nan,nan,28.1098402802063,nan
3402,1,5,5,1,1,1,0,158,0,0,0,0,0,0,0,nan,nan,nan,nan,nan,nan,nan
3403,1,5,5,1,1,1,0,158,0,0,0,0,0,0,0,nan,nan,nan,nan,nan,nan,nan
3404,1,5,5,1,1,1,0,158,0,0,0,0,0,0,0,nan,nan,nan,nan,nan,nan,nan
3405,1,5,5,1,1,1,0,158,0,0,0,0,0,0,0,nan,nan,nan,nan,nan,nan,nan
3406,1,5,5,1,1,1,0,158,0,0,0,0,0,0,0,nan,nan,nan,nan,nan,nan,nan
3407,1,5,5,1,1,1,0,158,0,0,0,0,0,0,0,nan,nan,nan,nan,nan,nan,nan
3408,1,5,5,1,1,1,0,158,0,0,0,0,0,0,0,nan,nan,nan,nan,nan,nan,nan
3409,1,5,5,0,2,1,0,158,0,0,0,0,0,0,0,nan,nan,nan,24.451766763996602,nan,nan,nan
3410,1,5,5,0,1,2,0,158,0,0,0,0,0,0,0,nan,nan,nan,nan,22.0999532929045,nan,nan
3411,1,5,5,0,1,2,0,158,0,0,0,0,0,0,0,nan,nan,nan,nan,nan,nan,nan
3412,1,5,5,0,1,2,0,158,0,0,0,0,0,0,0,nan,nan,nan,nan,nan,nan,nan
3413,1,5,5,0,1,2,0,158,2,0,0,0,0,0,0,21.614934077249018,nan,nan,nan,nan,nan,nan
3414,1,5,5,0,1,2,0,158,2,0,0,0,0,0,0,nan,nan,nan,nan,nan,nan,nan
3415,1,5,5,0,1,2,0,158,2,0,0,0,0,0,0,nan,nan,nan,nan,nan,nan,nan
3416,1,5,5,0,1,2,0,158,2,0,0,0,0,0,0,nan,nan,nan,nan,nan,nan,nan
3417,1,5,5,0,1,2,0,158,2,0,0,0,0,0,0,nan,nan,nan,nan,nan,nan,nan
3418,1,5,5,0,1,2,0,158,2,0,0,0,0,0,0,nan,nan,nan,nan,nan,nan,nan
3419,1,5,5,0,1,1,1,158,2,0,0,0,0,0,0,nan,nan,nan,nan,nan,17.95499254755032,nan
3420,1,5,5,0,1,1,1,158,2,0,0,0,0,0,0,nan,nan,nan,nan,nan,nan,nan
3421,1,5,4,1,1,1,1,158,2,0,0,0,0,0,0,nan,nan,22.08742288058238,nan,nan,nan,nan
3422,1,5,4,1,1,1,0,159,2,0,0,0,0,0,0,nan,nan,nan,nan,nan,nan,22.71103833580719
3423,1,5,4,1,1,1,0,159,2,0,0,0,0,0,0,nan,nan,nan,nan,nan,nan,nan
3424,1,5,4,1,1,1,0,159,2,0,0,0,0,0,0,nan,nan,nan,nan,nan,nan,nan
3425,1,5,4,1,0,2,0,159,2,0,0,0,0,0,0,nan,nan,nan,nan,15.097894915645611,nan,nan
3426,1,5,4,1,0,2,0,159,2,0,0,0,0,0,0,nan,nan,nan,nan,nan,nan,nan
3427,1,5,4,1,0,2,0,159,2,0,0,0,0,0,0,nan,nan,nan,nan,nan,nan,nan
3428,1,5,4,1,0,2,0,159,2,0,0,0,0,0,0,nan,nan,nan,nan,nan,nan,nan
3429,1,5,4,1,0,2,0,159,2,0,0,0,0,0,0,nan,nan,nan,nan,nan,nan,nan
3430,1,5,4,1,0,2,0,159,2,0,0,0,0,0,0,nan,nan,nan,nan,nan,nan,nan
3431,1,5,4,1,0,2,0,159,2,0,0,0,0,0,0,nan,nan,nan,nan,nan,nan,nan
3432,1,5,4,1,0,1,1,159,2,0,0,0,0,0,0,nan,nan,nan,nan,nan,12.97469977139508,nan
3433,1,5,4,1,0,1,1,159,2,0,0,0,0,0,0,nan,nan,nan,nan,nan,nan,nan
3434,1,5,5,1,0,1,1,159,0,0,0,0,0,0,0,nan,41.38263407057957,nan,nan,nan,nan,nan
3435,1,5,5,1,0,1,1,159,0,0,0,0,0,0,0,nan,nan,nan,nan,nan,nan,nan
3436,1,5,5,1,0,1,1,159,0,0,0,0,0,0,0,nan,nan,nan,nan,nan,nan,nan
3437,1,5,5,0,1,1,1,159,0,0,0,0,0,0,0,nan,nan,nan,27.37954246661411,nan,nan,nan
3438,1,5,5,0,1,1,1,159,0,0,0,0,0,0,0,nan,nan,nan,nan,nan,nan,nan
3439,1,5,5,0,1,1,1,159,0,0,0,0,0,0,0,nan,nan,nan,nan,nan,nan,nan
3440,1,5,5,0,0,2,1,159,0,0,0,0,0,0,0,nan,nan,nan,nan,15.616924036893579,nan,nan
3441,1,5,4,1,0,2,1,159,0,0,0,0,0,0,0,nan,nan,20.02747651125037,nan,nan,nan,nan
3442,1,5,4,1,0,2,1,159,0,0,0,0,0,0,0,nan,nan,nan,nan,nan,nan,nan
3443,1,5,4,1,0,2,1,159,0,0,0,0,0,0,0,nan,nan,nan,nan,nan,nan,nan
3444,1,5,4,1,0,2,0,160,0,0,0,0,0,0,0,nan,nan,nan,nan,nan,nan,21.898937826038036
3445,1,5,4,1,0,2,0,160,0,0,0,0,0,0,0,nan,nan,nan,nan,nan,nan,nan
3446,1,5,4,1,0,2,0,160,0,0,0,0,0,0,0,nan,nan,nan,nan,nan,nan,nan
3447,1,5,4,1,0,2,0,160,0,0,0,0,0,0,0,nan,nan,nan,nan,nan,nan,nan
3448,1,5,4,1,0,2,0,160,0,0,0,0,0,0,0,nan,nan,nan,nan,nan,nan,nan
3449,1,5,4,1,0,1,1,160,0,0,0,0,0,0,0,nan,nan,nan,nan,nan,17.090352727321715,nan
3450,1,5,4,1,0,1,1,160,0,0,0,0,0,0,0,nan,nan,nan,nan,nan,nan,nan
3451,1,5,4,0,1,1,1,160,0,0,0,0,0,0,0,nan,nan,nan,14.161227349971341,nan,nan,nan
3452,1,5,4,0,1,1,1,160,0,0,0,0,0,0,0,nan,nan,nan,nan,nan,nan,nan
3453,1,5,4,0,1,1,1,160,0,0,0,0,0,0,0,nan,nan,nan,nan,nan,nan,nan
3454,1,5,4,0,1,1,1,160,0,0,0,0,0,0,0,nan,nan,nan,nan,nan,nan,nan
3455,1,5,4,0,1,1,1,160,2,0,0,0,0,0,0,41.87247270920943,nan,nan,nan,nan,nan,nan
3456,1,5,4,0,1,1,1,160,2,0,0,0,0,0,0,nan,nan,nan,nan,nan,nan,nan
3457,1,5,4,0,1,1,1,160,2,0,0,0,0,0,0,nan,nan,nan,nan,nan,nan,nan
3458,1,5,3,1,0,2,1,160,2,0,0,0,0,0,0,nan,nan,17.436165290224835,nan,17.544736365538938,nan,nan
3459,1,5,3,1,0,1,2,160,2,0,0,0,0,0,0,nan,nan,nan,nan,nan,10.044692795913761,nan
3460,1,5,3,1,0,1,2,160,2,0,0,0,0,0,0,nan,nan,nan,nan,nan,nan,nan
3461,1,5,3,1,0,1,2,160,2,0,0,0,0,0,0,nan,nan,nan,nan,nan,nan,nan
3462,1,5,4,1,0,1,2,160,0,0,0,0,0,0,0,nan,27.846620810458717,nan,nan,nan,nan,nan
3463,1,5,4,1,0,1,2,160,0,0,0,0,0,0,0,nan,nan,nan,nan,nan,nan,nan
3464,1,5,4,1,0,1,2,160,0,0,0,0,0,0,0,nan,nan,nan,nan,nan,nan,nan
3465,1,5,4,1,0,1,2,160,0,0,0,0,0,0,0,nan,nan,nan,nan,nan,nan,nan
3466,1,5,4,1,0,1,2,160,0,0,0,0,0,0,0,nan,nan,nan,nan,nan,nan,nan
3467,1,5,4,1,0,1,2,160,0,0,0,0,0,0,0,nan,nan,nan,nan,nan,nan,nan
3468,1,5,4,0,1,1,2,160,0,0,0,0,0,0,0,nan,nan,nan,17.743309722107824,nan,nan,nan
3469,1,5,4,0,1,1,2,160,0,0,0,0,0,0,0,nan,nan,nan,nan,nan,nan,nan
3470,1,5,4,0,1,1,2,160,0,0,0,0,0,0,0,nan,nan,nan,nan,nan,nan,nan
3471,1,5,4,0,1,1,2,160,0,0,0,0,0,0,0,nan,nan,nan,nan,nan,nan,nan
3472,1,5,4,0,1,1,1,161,0,0,0,0,0,0,0,nan,nan,nan,nan,nan,nan,28.27669851968676
3473,1,5,4,0,0,2,1,161,0,0,0,0,0,0,0,nan,nan,nan,nan,15.557860626747242,nan,nan
3474,1,5,4,0,0,2,1,161,0,0,0,0,0,0,0,nan,nan,nan,nan,nan,nan,nan
3475,1,5,4,0,0,2,1,161,0,0,0,0,0,0,0,nan,nan,nan,nan,nan,nan,nan
3476,1,4,4,1,0,2,1,161,0,0,0,0,0,0,0,nan,13.571698445429774,17.971919429240188,nan,nan,nan,nan
3477,1,4,4,1,0,2,1,161,0,0,0,0,0,0,0,nan,nan,nan,nan,nan,nan,nan
3478,1,4,4,1,0,1,2,161,0,0,0,0,0,0,0,nan,nan,nan,nan,nan,19.474162575608716,nan
3479,1,4,4,1,0,1,2,161,0,0,0,0,0,0,0,nan,nan,nan,nan,nan,nan,nan
3480,1,4,4,1,0,1,2,161,0,0,0,0,0,0,0,nan,nan,nan,nan,nan,nan,nan
3481,1,4,4,1,0,1,2,161,0,0,0,0,0,0,0,nan,nan,nan,nan,nan,nan,nan
3482,1,4,4,1,0,1,2,161,0,0,0,0,0,0,0,nan,nan,nan,nan,nan,nan,nan
3483,1,4,4,1,0,1,2,161,0,0,0,0,0,0,0,nan,nan,nan,nan,nan,nan,nan
3484,1,4,4,0,1,1,2,161,0,0,0,0,0,0,0,nan,nan,nan,15.854832631237059,nan,nan,nan
3485,1,4,4,0,0,2,2,161,0,0,0,0,0,0,0,nan,nan,nan,nan,11.404460067837135,nan,nan
3486,1,4,4,0,0,2,2,161,0,0,0,0,0,0,0,nan,nan,nan,nan,nan,nan,nan
3487,1,4,4,0,0,2,2,161,0,0,0,0,0,0,0,nan,nan,nan,nan,nan,nan,nan
3488,1,4,4,0,0,2,1,162,0,0,0,0,0,0,0,nan,nan,nan,nan,nan,nan,16.201780146990586
3489,1,3,5,0,0,2,1,162,0,0,0,0,0,0,0,nan,12.78456250256886,nan,nan,nan,nan,nan
3490,1,3,5,0,0,2,1,162,0,0,0,0,0,0,0,nan,nan,nan,nan,nan,nan,nan
3491,1,3,5,0,0,2,1,162,0,0,0,0,0,0,0,nan,nan,nan,nan,nan,nan,nan
3492,1,3,5,0,0,2,1,162,0,0,0,0,0,0,0,nan,nan,nan,nan,nan,nan,nan
3493,1,3,5,0,0,2,1,162,0,0,0,0,0,0,0,nan,nan,nan,nan,nan,nan,nan
3494,1,3,5,0,0,2,1,162,0,0,0,0,0,0,0,nan,nan,nan,nan,nan,nan,nan
3495,1,4,5,0,0,2,1,162,0,0,0,0,0,0,0,39.8932026896091,nan,nan,nan,nan,nan,nan
3496,1,4,5,0,0,1,2,162,0,0,0,0,0,0,0,nan,nan,nan,nan,nan,17.733580107016678,nan
3497,1,4,4,1,0,1,2,162,0,0,0,0,0,0,0,nan,nan,20.454825987630556,nan,nan,nan,nan
3498,1,3,5,1,0,1,2,162,0,0,0,0,0,0,0,nan,9.390259650563166,nan,nan,nan,nan,nan
3499,1,3,5,1,0,1,2,162,0,0,0,0,0,0,0,nan,nan,nan,nan,nan,nan,nan
3500,1,3,5,1,0,2,2,162,0,0,0,0,1,0,0,nan,nan,nan,nan,15.14827148590848,nan,nan
3501,1,3,5,0,0,2,2,162,0,0,0,0,0,0,0,nan,nan,nan,16.65000446213162,nan,nan,nan
3502,1,3,5,0,0,2,2,162,0,0,0,0,0,0,0,nan,nan,nan,nan,nan,nan,nan
3503,1,3,5,0,0,2,2,162,0,0,0,0,0,0,0,nan,nan,nan,nan,nan,nan,nan
3504,1,3,5,0,0,2,2,162,0,0,0,0,0,0,0,nan,nan,nan,nan,nan,nan,nan
3505,1,3,5,0,0,2,1,163,0,0,0,0,0,0,0,nan,nan,nan,nan,nan,nan,16.22119251080767
3506,1,3,5,0,0,2,1,163,0,0,0,0,0,0,0,nan,nan,nan,nan,nan,nan,nan
3507,1,3,5,0,0,2,1,163,0,0,0,0,0,0,0,nan,nan,nan,nan,nan,nan,nan
3508,1,3,5,0,0,2,1,163,0,0,0,0,0,0,0,nan,nan,nan,nan,nan,nan,nan
3509,1,3,5,0,0,2,1,163,0,0,0,0,0,0,0,nan,nan,nan,nan,nan,nan,nan
3510,1,3,5,0,0,2,1,163,0,0,0,0,0,0,0,nan,nan,nan,nan,nan,nan,nan
3511,1,3,5,0,0,2,1,163,0,0,0,0,0,0,0,nan,nan,nan,nan,nan,nan,nan
3512,1,3,4,1,0,2,1,163,0,0,0,0,0,0,0,nan,nan,15.595589249488512,nan,nan,nan,nan
3513,1,3,4,1,0,2,1,163,0,0,0,0,0,0,0,nan,nan,nan,nan,nan,nan,nan
3514,1,3,4,1,0,1,1,164,0,0,0,0,0,0,0,nan,nan,nan,nan,nan,17.765747538207506,9.413236963895997
3515,1,3,4,1,0,1,1,164,0,0,0,0,0,0,0,nan,nan,nan,nan,nan,nan,nan
3516,1,4,4,0,1,1,1,164,0,0,0,0,0,0,0,21.248008323715567,nan,nan,15.031336796214873,nan,nan,nan
3517,1,4,4,0,1,1,1,164,0,0,0,0,0,0,0,nan,nan,nan,nan,nan,nan,nan
3518,1,4,4,0,1,1,1,164,0,0,0,0,0,0,0,nan,nan,nan,nan,nan,nan,nan
3519,1,4,4,0,1,1,1,164,0,0,0,0,0,0,0,nan,nan,nan,nan,nan,nan,nan
3520,1,4,4,0,0,2,1,164,0,0,0,0,0,0,0,nan,nan,nan,nan,20.364597697605404,nan,nan
3521,1,4,4,0,0,2,1,164,0,0,0,0,0,0,0,nan,nan,nan,nan,nan,nan,nan
3522,1,4,4,0,0,2,1,164,0,0,0,0,0,0,0,nan,nan,nan,nan,nan,nan,nan
3523,1,3,5,0,0,2,1,164,0,0,0,0,0,0,0,nan,25.458665612701225,nan,nan,nan,nan,nan
3524,1,3,5,0,0,2,1,164,0,0,0,0,0,0,0,nan,nan,nan,nan,nan,nan,nan
3525,1,3,5,0,0,2,1,164,0,0,0,0,0,0,0,nan,nan,nan,nan,nan,nan,nan
3526,1,3,5,0,0,2,1,164,0,0,0,0,0,0,0,nan,nan,nan,nan,nan,nan,nan
3527,1,3,5,0,0,2,1,164,0,0,0,0,0,0,0,nan,nan,nan,nan,nan,nan,nan
3528,1,3,5,0,0,1,2,164,0,0,0,0,0,0,0,nan,nan,nan,nan,nan,14.372346288570498,nan
3529,1,3,5,0,0,1,2,164,0,0,0,0,0,0,0,nan,nan,nan,nan,nan,nan,nan
3530,1,3,5,0,0,1,2,164,0,0,0,0,0,0,0,nan,nan,nan,nan,nan,nan,nan
3531,1,3,5,0,0,1,2,164,0,0,0,0,0,0,0,nan,nan,nan,nan,nan,nan,nan
3532,1,3,5,0,1,1,2,164,0,0,0,1,0,0,0,nan,nan,nan,15.623104739973769,nan,nan,nan
3533,1,4,4,0,1,1,2,164,0,0,0,0,0,0,0,16.510305924055956,nan,20.846983695014387,nan,nan,nan,nan
3534,1,4,4,0,1,1,2,164,0,0,0,0,0,0,0,nan,nan,nan,nan,nan,nan,nan
3535,1,4,4,0,1,1,2,164,0,0,0,0,0,0,0,nan,nan,nan,nan,nan,nan,nan
3536,1,4,4,0,1,1,2,164,0,0,0,0,0,0,0,nan,nan,nan,nan,nan,nan,nan
3537,1,4,4,0,1,1,2,164,0,0,0,0,0,0,0,nan,nan,nan,nan,nan,nan,nan
3538,1,4,4,0,1,1,2,164,0,0,0,0,0,0,0,nan,nan,nan,nan,nan,nan,nan
3539,1,3,5,0,1,1,2,164,0,0,0,0,0,0,0,nan,15.442592253887142,nan,nan,nan,nan,nan
3540,1,3,5,0,1,1,2,164,0,0,0,0,0,0,0,nan,nan,nan,nan,nan,nan,nan
3541,1,3,5,0,1,1,2,164,0,0,0,0,0,0,0,nan,nan,nan,nan,nan,nan,nan
3542,1,3,5,0,0,2,2,164,0,0,0,0,0,0,0,nan,nan,nan,nan,21.160705080240405,nan,nan
3543,1,3,5,0,0,2,2,164,0,0,0,0,0,0,0,nan,nan,nan,nan,nan,nan,nan
3544,1,3,5,0,0,2,1,165,0,0,0,0,0,0,0,nan,nan,nan,nan,nan,nan,30.334855133937708
3545,1,3,5,0,0,2,1,165,0,0,0,0,0,0,0,nan,nan,nan,nan,nan,nan,nan
3546,1,3,5,0,0,2,1,165,0,0,0,0,0,0,0,nan,nan,nan,nan,nan,nan,nan
3547,1,4,5,0,0,2,1,165,0,0,0,0,0,0,0,13.531768012790508,nan,nan,nan,nan,nan,nan
3548,1,4,5,0,0,2,1,165,0,0,0,0,0,0,0,nan,nan,nan,nan,nan,nan,nan
3549,1,4,5,0,0,2,1,165,0,0,0,0,0,0,0,nan,nan,nan,nan,nan,nan,nan
3550,1,4,5,0,0,1,2,165,0,0,0,0,0,0,0,nan,nan,nan,nan,nan,22.319247373647613,nan
3551,1,4,5,0,0,1,2,165,0,0,0,0,0,0,0,nan,nan,nan,nan,nan,nan,nan
3552,1,4,5,0,0,1,2,165,0,0,0,0,0,0,0,nan,nan,nan,nan,nan,nan,nan
3553,1,4,5,0,0,1,2,165,0,0,0,0,0,0,0,nan,nan,nan,nan,nan,nan,nan
3554,1,4,5,0,0,1,2,165,0,0,0,0,0,0,0,nan,nan,nan,nan,nan,nan,nan
3555,1,4,5,0,0,1,2,165,0,0,0,0,0,0,0,nan,nan,nan,nan,nan,nan,nan
3556,1,4,5,0,0,2,2,165,0,0,0,0,1,0,0,nan,nan,nan,nan,14.735288680598387,nan,nan
3557,1,4,5,0,0,2,2,165,0,0,0,0,1,0,0,nan,nan,nan,nan,nan,nan,nan
3558,1,4,5,0,0,2,2,165,0,0,0,0,1,0,0,nan,nan,nan,nan,nan,nan,nan
3559,1,4,4,1,0,2,2,165,0,0,0,0,1,0,0,nan,nan,25.90630388681211,nan,nan,nan,nan
3560,1,4,4,0,0,2,2,165,0,0,0,0,0,0,0,nan,nan,nan,28.820077908514122,nan,nan,nan
3561,1,4,4,0,0,2,1,166,0,0,0,0,0,0,0,nan,nan,nan,nan,nan,nan,17.030308487865568
3562,1,4,4,0,0,2,1,166,0,0,0,0,0,0,0,nan,nan,nan,nan,nan,nan,nan
3563,1,3,5,0,0,1,2,166,0,0,0,0,0,0,0,nan,24.040873757217014,nan,nan,nan,12.096811100257582,nan
3564,1,3,5,0,0,1,2,166,0,0,0,0,0,0,0,nan,nan,nan,nan,nan,nan,nan
3565,1,3,5,0,0,1,2,166,0,0,0,0,0,0,0,nan,nan,nan,nan,nan,nan,nan
3566,1,4,5,0,0,1,2,166,0,0,0,0,0,0,0,19.880154893272447,nan,nan,nan,nan,nan,nan
3567,1,4,5,0,0,1,2,166,0,0,0,0,0,0,0,nan,nan,nan,nan,nan,nan,nan
3568,1,4,5,0,0,1,2,166,0,0,0,0,0,0,0,nan,nan,nan,nan,nan,nan,nan
3569,1,4,5,0,0,1,2,166,0,0,0,0,0,0,0,nan,nan,nan,nan,nan,nan,nan
3570,1,4,5,0,0,1,2,166,0,0,0,0,0,0,0,nan,nan,nan,nan,nan,nan,nan
3571,1,4,5,0,0,1,2,166,0,0,0,0,0,0,0,nan,nan,nan,nan,nan,nan,nan
3572,1,4,5,0,0,1,2,166,0,0,0,0,0,0,0,nan,nan,nan,nan,nan,nan,nan
3573,1,4,5,0,0,1,2,166,0,0,0,0,0,0,0,nan,nan,nan,nan,nan,nan,nan
3574,1,4,4,1,0,1,2,166,0,0,0,0,0,0,0,nan,nan,14.509840010689913,nan,nan,nan,nan
3575,1,4,4,0,1,1,1,167,0,0,0,0,0,0,0,nan,nan,nan,14.899298587959947,nan,nan,13.855143337801564
3576,1,4,5,0,1,1,1,167,0,0,0,0,0,0,0,9.571611234989632,13.372406377652624,nan,nan,nan,nan,nan
3577,1,4,5,0,1,1,1,167,0,0,0,0,0,0,0,nan,nan,nan,nan,nan,nan,nan
3578,1,4,5,0,1,1,1,167,0,0,0,0,0,0,0,nan,nan,nan,nan,nan,nan,nan
3579,1,4,5,0,1,1,1,167,0,0,0,0,0,0,0,nan,nan,nan,nan,nan,nan,nan
3580,1,4,5,0,1,1,1,167,0,0,0,0,0,0,0,nan,nan,nan,nan,nan,nan,nan
3581,1,4,5,0,1,1,1,167,0,0,0,0,0,0,0,nan,nan,nan,nan,nan,nan,nan
3582,1,4,5,0,1,1,1,167,0,0,0,0,0,0,0,nan,nan,nan,nan,nan,nan,nan
3583,1,4,5,0,0,1,2,167,0,0,0,0,0,0,0,nan,nan,nan,nan,26.70637607338176,20.54216049672823,nan
3584,1,4,5,0,0,1,2,167,0,0,0,0,0,0,0,nan,nan,nan,nan,nan,nan,nan
3585,1,4,5,0,0,1,2,167,0,0,0,0,0,0,0,nan,nan,nan,nan,nan,nan,nan
3586,1,4,5,0,0,1,2,167,0,0,0,0,0,0,0,nan,nan,nan,nan,nan,nan,nan
3587,1,4,5,0,0,1,2,167,0,0,0,0,0,0,0,nan,nan,nan,nan,nan,nan,nan
3588,1,4,5,0,0,1,2,167,0,0,0,0,0,0,0,nan,nan,nan,nan,nan,nan,nan
3589,1,3,5,1,0,1,2,167,0,0,0,0,0,0,0,nan,12.272689736380471,15.85466297259427,nan,nan,nan,nan
3590,1,3,5,1,0,1,2,167,0,0,0,0,0,0,0,nan,nan,nan,nan,nan,nan,nan
3591,1,3,5,1,0,1,2,167,0,0,0,0,0,0,0,nan,nan,nan,nan,nan,nan,nan
3592,1,3,5,1,0,1,2,167,0,0,0,0,0,0,0,nan,nan,nan,nan,nan,nan,nan
3593,1,3,5,1,0,1,2,167,0,0,0,0,0,0,0,nan,nan,nan,nan,nan,nan,nan
3594,1,3,5,1,0,1,2,167,0,0,0,0,0,0,0,nan,nan,nan,nan,nan,nan,nan
3595,1,3,5,1,0,0,2,168,0,0,0,0,0,0,0,nan,nan,nan,nan,nan,12.1313872049559,19.88791684654052
3596,1,3,5,1,0,0,2,168,0,0,0,0,0,0,0,nan,nan,nan,nan,nan,nan,nan
3597,1,3,5,1,0,0,2,168,0,0,0,0,0,0,0,nan,nan,nan,nan,nan,nan,nan
3598,1,3,5,1,0,0,2,168,0,0,0,0,0,0,0,nan,nan,nan,nan,nan,nan,nan
3599,1,3,5,1,0,0,2,168,0,0,0,0,0,0,0,nan,nan,nan,nan,nan,nan,nan
3600,1,3,5,1,0,0,2,168,0,0,0,0,0,0,0,nan,nan,nan,nan,nan,nan,nan
3601,1,3,5,1,0,0,2,168,0,0,0,0,0,0,0,nan,nan,nan,nan,nan,nan,nan
3602,1,4,5,1,0,0,2,168,0,0,0,0,0,0,0,25.53782063978042,nan,nan,nan,nan,nan,nan
3603,1,4,5,1,0,1,2,168,0,0,0,0,1,0,0,nan,nan,nan,nan,20.171822904803776,nan,nan
3604,1,4,5,1,0,1,2,168,0,0,0,0,1,0,0,nan,nan,nan,nan,nan,nan,nan
3605,1,4,5,0,0,1,2,168,0,2,0,0,0,0,0,nan,16.505862276412245,nan,29.295153705007124,nan,nan,nan
3606,1,4,5,0,0,1,2,168,0,2,0,0,0,0,0,nan,nan,nan,nan,nan,nan,nan
3607,1,4,5,0,0,1,2,168,0,2,0,0,0,0,0,nan,nan,nan,nan,nan,nan,nan
3608,1,4,5,0,0,1,2,168,0,2,0,0,0,0,0,nan,nan,nan,nan,nan,nan,nan
3609,1,4,5,0,0,1,2,168,0,2,0,0,0,0,0,nan,nan,nan,nan,nan,nan,nan
3610,1,3,5,1,0,1,2,168,0,0,0,0,0,0,0,nan,nan,20.40673647315998,nan,nan,nan,nan
3611,1,3,5,1,0,1,2,168,0,0,0,0,0,0,0,nan,nan,nan,nan,nan,nan,nan
3612,1,3,5,1,0,1,2,168,0,0,0,0,0,0,0,nan,nan,nan,nan,nan,nan,nan
3613,1,3,5,1,0,1,2,168,0,0,0,0,0,0,0,nan,nan,nan,nan,nan,nan,nan
3614,1,3,5,1,0,1,2,168,0,0,0,0,0,0,0,nan,nan,nan,nan,nan,nan,nan
3615,1,3,5,1,0,1,2,168,0,0,0,0,0,0,0,nan,nan,nan,nan,nan,nan,nan
3616,1,3,5,1,0,1,2,168,0,0,0,0,0,0,0,nan,nan,nan,nan,nan,nan,nan
3617,1,3,5,1,0,0,3,168,0,0,0,0,0,0,0,nan,nan,nan,nan,nan,22.105702010707773,nan
3618,1,4,5,1,0,0,3,168,0,0,0,0,0,0,0,16.931132800812065,nan,nan,nan,nan,nan,nan
3619,1,4,5,1,0,0,3,168,0,0,0,0,0,0,0,nan,nan,nan,nan,nan,nan,nan
3620,1,4,5,1,0,0,3,168,0,0,0,0,0,0,0,nan,nan,nan,nan,nan,nan,nan
3621,1,4,5,1,0,0,3,168,0,0,0,0,0,0,0,nan,nan,nan,nan,nan,nan,nan
3622,1,4,5,1,0,0,3,168,0,0,0,0,0,0,0,nan,nan,nan,nan,nan,nan,nan
3623,1,4,5,1,0,0,2,169,0,0,0,0,0,0,0,nan,nan,nan,nan,nan,nan,27.985279257376078
3624,1,4,5,1,0,1,2,169,0,0,0,0,1,0,0,nan,nan,nan,nan,21.140226518551117,nan,nan
3625,1,4,5,1,0,1,2,169,0,0,0,0,1,0,0,nan,nan,nan,nan,nan,nan,nan
3626,1,4,5,1,0,1,2,169,0,2,0,0,1,0,0,nan,20.52305235308131,nan,nan,nan,nan,nan
3627,1,4,5,0,0,1,2,169,0,2,0,0,0,0,0,nan,nan,nan,22.08268772793417,nan,nan,nan
3628,1,4,5,0,0,1,2,169,0,2,0,0,0,0,0,nan,nan,nan,nan,nan,nan,nan
3629,1,4,5,0,0,1,2,169,0,2,0,0,0,0,0,nan,nan,nan,nan,nan,nan,nan
3630,1,4,5,0,0,0,3,169,0,2,0,0,0,0,0,nan,nan,nan,nan,nan,12.567680614421988,nan
3631,1,4,5,0,0,0,3,169,0,2,0,0,0,0,0,nan,nan,nan,nan,nan,nan,nan
3632,1,4,5,0,0,0,3,169,0,2,0,0,0,0,0,nan,nan,nan,nan,nan,nan,nan
3633,1,4,5,0,0,0,3,169,0,2,0,0,0,0,0,nan,nan,nan,nan,nan,nan,nan
3634,1,3,5,1,0,0,3,169,0,0,0,0,0,0,0,nan,nan,24.475509596122265,nan,nan,nan,nan
3635,1,3,5,1,0,0,2,170,0,0,0,0,0,0,0,nan,nan,nan,nan,nan,nan,12.325784396357903
3636,1,3,5,1,0,0,2,170,0,0,0,0,0,0,0,nan,nan,nan,nan,nan,nan,nan
3637,1,3,5,1,0,0,2,170,0,0,0,0,0,0,0,nan,nan,nan,nan,nan,nan,nan
3638,1,3,5,1,0,0,2,170,0,0,0,0,0,0,0,nan,nan,nan,nan,nan,nan,nan
3639,1,3,5,1,0,0,2,170,0,0,0,0,0,0,0,nan,nan,nan,nan,nan,nan,nan
3640,1,4,5,1,0,0,2,170,0,0,0,0,0,0,0,21.584986220300834,nan,nan,nan,nan,nan,nan
3641,1,4,5,1,0,0,2,170,0,0,0,0,0,0,0,nan,nan,nan,nan,nan,nan,nan
3642,1,4,5,0,1,0,2,170,0,0,0,0,0,0,0,nan,nan,nan,15.630301919608428,nan,nan,nan
3643,1,4,5,0,1,0,2,170,0,0,0,0,0,0,0,nan,nan,nan,nan,nan,nan,nan
3644,1,4,5,0,1,0,2,170,0,0,0,0,0,0,0,nan,nan,nan,nan,nan,nan,nan
3645,1,4,5,0,1,0,2,170,0,2,0,0,0,0,0,nan,19.057058256578784,nan,nan,nan,nan,nan
3646,1,4,5,0,1,0,2,170,0,2,0,0,0,0,0,nan,nan,nan,nan,nan,nan,nan
3647,1,4,5,0,1,0,1,171,0,2,0,0,0,0,0,nan,nan,nan,nan,nan,nan,11.874204579823527
3648,1,4,5,0,1,0,1,171,0,2,0,0,0,0,0,nan,nan,nan,nan,nan,nan,nan
3649,1,4,5,0,1,0,1,171,0,2,0,0,0,0,0,nan,nan,nan,nan,nan,nan,nan
3650,1,4,5,0,1,0,1,171,0,2,0,0,0,0,0,nan,nan,nan,nan,nan,nan,nan
3651,1,5,5,0,0,0,2,171,0,2,0,0,0,0,0,10.486253565415609,nan,nan,nan,27.1286326776617,20.855314810859454,nan
3652,1,4,5,1,0,0,2,171,0,0,0,0,0,0,0,nan,nan,17.524122002689637,nan,nan,nan,nan
3653,1,4,5,1,0,0,2,171,0,0,0,0,0,0,0,nan,nan,nan,nan,nan,nan,nan
3654,1,4,5,1,0,0,2,171,0,0,0,0,0,0,0,nan,nan,nan,nan,nan,nan,nan
3655,1,4,5,1,0,0,2,171,0,0,0,0,0,0,0,nan,nan,nan,nan,nan,nan,nan
3656,1,4,5,1,0,0,2,171,0,0,0,0,0,0,0,nan,nan,nan,nan,nan,nan,nan
3657,1,4,5,1,0,0,2,171,0,0,0,0,0,0,0,nan,nan,nan,nan,nan,nan,nan
3658,1,4,5,0,1,0,2,171,0,0,0,0,0,0,0,nan,nan,nan,15.944570558232044,nan,nan,nan
3659,1,4,5,0,1,0,2,171,0,0,0,0,0,0,0,nan,nan,nan,nan,nan,nan,nan
3660,1,4,5,0,1,0,2,171,0,0,0,0,0,0,0,nan,nan,nan,nan,nan,nan,nan
3661,1,4,5,0,1,0,2,171,0,0,0,0,0,0,0,nan,nan,nan,nan,nan,nan,nan
3662,1,4,5,0,1,0,2,171,0,0,0,0,0,0,0,nan,nan,nan,nan,nan,nan,nan
3663,1,4,5,0,1,0,2,171,0,0,0,0,0,0,0,nan,nan,nan,nan,nan,nan,nan
3664,1,4,5,0,0,1,2,171,0,0,0,0,0,0,0,nan,nan,nan,nan,12.694395027265728,nan,nan
3665,1,4,5,0,0,1,2,171,0,0,0,0,0,0,0,nan,nan,nan,nan,nan,nan,nan
3666,1,4,5,0,0,0,3,171,0,0,0,0,0,0,0,nan,nan,nan,nan,nan,15.423586771288228,nan
3667,1,4,5,0,0,0,3,171,0,0,0,0,0,0,0,nan,nan,nan,nan,nan,nan,nan
3668,1,4,5,0,0,0,3,171,0,0,0,0,0,0,0,nan,nan,nan,nan,nan,nan,nan
3669,1,4,5,0,0,0,3,171,0,0,0,0,0,0,0,nan,nan,nan,nan,nan,nan,nan
3670,1,4,5,0,1,0,3,171,0,0,0,1,0,0,0,nan,nan,nan,11.380656778167577,nan,nan,nan
3671,1,4,5,0,1,0,3,171,0,0,0,1,0,0,0,nan,nan,nan,nan,nan,nan,nan
3672,1,4,5,0,1,0,3,171,0,2,0,1,0,0,0,nan,27.06042469707927,nan,nan,nan,nan,nan
3673,1,5,5,0,1,0,3,171,0,2,0,1,0,0,0,22.17220949491366,nan,nan,nan,nan,nan,nan
3674,1,4,5,0,1,0,3,171,0,0,0,0,0,0,0,nan,nan,22.183048662123383,nan,nan,nan,nan
3675,1,4,5,0,1,0,3,171,0,0,0,0,0,0,0,nan,nan,nan,nan,nan,nan,nan
3676,1,4,5,0,1,0,2,172,0,0,0,0,0,0,0,nan,nan,nan,nan,nan,nan,28.783608705636198
3677,1,4,5,0,1,0,2,172,0,0,0,0,0,0,0,nan,nan,nan,nan,nan,nan,nan
3678,1,4,5,0,1,0,2,172,0,0,0,0,0,0,0,nan,nan,nan,nan,nan,nan,nan
3679,1,4,5,0,1,0,2,172,0,0,0,0,0,0,0,nan,nan,nan,nan,nan,nan,nan
3680,1,4,5,0,1,0,2,172,0,0,0,0,0,0,0,nan,nan,nan,nan,nan,nan,nan
3681,1,4,5,0,1,0,2,172,0,0,0,0,0,0,0,nan,nan,nan,nan,nan,nan,nan
3682,1,4,5,0,0,0,3,172,0,0,0,0,0,0,0,nan,nan,nan,nan,18.266536945991902,15.533529093113884,nan
3683,1,4,5,0,0,0,3,172,0,0,0,0,0,0,0,nan,nan,nan,nan,nan,nan,nan
3684,1,4,5,0,0,0,3,172,0,0,0,0,0,0,0,nan,nan,nan,nan,nan,nan,nan
3685,1,4,5,0,0,0,3,172,0,0,0,0,0,0,0,nan,nan,nan,nan,nan,nan,nan
3686,1,4,5,0,1,0,3,172,0,0,0,1,0,0,0,nan,nan,nan,15.854757710109425,nan,nan,nan
3687,1,4,5,0,1,0,3,172,0,0,0,1,0,0,0,nan,nan,nan,nan,nan,nan,nan
3688,1,5,5,0,1,0,3,172,0,0,0,1,0,0,0,15.441712494884086,nan,nan,nan,nan,nan,nan
3689,1,5,5,0,1,0,3,172,0,0,0,1,0,0,0,nan,nan,nan,nan,nan,nan,nan
3690,1,5,4,0,1,0,3,172,0,0,0,0,0,0,0,nan,nan,16.280443547315826,nan,nan,nan,nan
3691,1,5,4,0,1,0,3,172,0,0,0,0,0,0,0,nan,nan,nan,nan,nan,nan,nan
3692,1,5,4,0,1,0,3,172,0,0,0,0,0,0,0,nan,nan,nan,nan,nan,nan,nan
3693,1,5,4,0,1,0,3,172,0,0,0,0,0,0,0,nan,nan,nan,nan,nan,nan,nan
3694,1,4,5,0,1,0,2,173,0,0,0,0,0,0,0,nan,21.770217799807597,nan,nan,nan,nan,17.55723104709523
3695,1,4,5,0,1,0,2,173,0,0,0,0,0,0,0,nan,nan,nan,nan,nan,nan,nan
3696,1,4,5,0,1,0,2,173,0,0,0,0,0,0,0,nan,nan,nan,nan,nan,nan,nan
3697,1,4,5,0,1,0,2,173,0,0,0,0,0,0,0,nan,nan,nan,nan,nan,nan,nan
3698,1,4,5,0,1,0,2,173,0,0,0,0,0,0,0,nan,nan,nan,nan,nan,nan,nan
3699,1,4,5,0,1,0,3,173,0,0,0,0,0,1,0,nan,nan,nan,nan,nan,17.275899009234763,nan
3700,1,4,5,0,1,0,3,173,0,0,0,0,0,1,0,nan,nan,nan,nan,nan,nan,nan
3701,1,4,5,0,1,0,3,173,0,0,0,0,0,1,0,nan,nan,nan,nan,nan,nan,nan
3702,1,4,5,0,1,0,3,173,0,0,0,0,0,1,0,nan,nan,nan,nan,nan,nan,nan
3703,1,4,4,1,1,0,3,173,0,0,0,0,0,1,0,nan,nan,13.021389446845205,nan,nan,nan,nan
3704,1,4,4,0,2,0,3,173,0,0,0,0,0,1,0,nan,nan,nan,18.52675330154807,nan,nan,nan
3705,1,4,4,0,1,0,3,173,0,0,0,0,0,0,0,nan,nan,nan,nan,23.028671663121713,nan,nan
3706,1,4,4,0,1,0,3,173,0,0,0,0,0,0,0,nan,nan,nan,nan,nan,nan,nan
3707,1,5,4,0,1,0,3,173,0,0,0,0,0,0,0,19.19504407605109,nan,nan,nan,nan,nan,nan
3708,1,5,4,0,1,0,2,174,0,0,0,0,0,0,0,nan,nan,nan,nan,nan,nan,14.317695526760872
3709,1,5,4,0,1,0,2,174,0,0,0,0,0,0,0,nan,nan,nan,nan,nan,nan,nan
3710,1,5,4,0,1,0,2,174,0,0,0,0,0,0,0,nan,nan,nan,nan,nan,nan,nan
3711,1,5,4,0,1,0,2,174,0,0,0,0,0,0,0,nan,nan,nan,nan,nan,nan,nan
3712,1,5,4,0,1,0,2,174,0,0,0,0,0,0,0,nan,nan,nan,nan,nan,nan,nan
3713,1,5,4,0,1,0,2,174,0,0,0,0,0,0,0,nan,nan,nan,nan,nan,nan,nan
3714,1,5,4,0,0,1,2,174,0,0,0,0,0,0,0,nan,nan,nan,nan,8.342478042939547,nan,nan
3715,1,5,4,0,0,1,2,174,0,0,0,0,0,0,0,nan,nan,nan,nan,nan,nan,nan
3716,1,4,5,0,0,1,2,174,0,0,0,0,0,0,0,nan,22.63014573784858,nan,nan,nan,nan,nan
3717,1,4,5,0,0,1,2,174,0,0,0,0,0,0,0,nan,nan,nan,nan,nan,nan,nan
3718,1,5,5,0,0,1,2,174,0,0,0,0,0,0,0,10.823995506239044,nan,nan,nan,nan,nan,nan
3719,1,5,5,0,1,0,3,174,0,0,0,1,0,0,0,nan,nan,nan,14.612975967944294,nan,20.334848878873345,nan
3720,1,5,5,0,1,0,3,174,0,0,0,1,0,0,0,nan,nan,nan,nan,nan,nan,nan
3721,1,5,5,0,1,0,2,175,0,0,0,1,0,0,0,nan,nan,nan,nan,nan,nan,13.470287943861877
3722,1,5,5,0,1,0,2,175,0,0,0,1,0,0,0,nan,nan,nan,nan,nan,nan,nan
3723,1,5,5,0,1,0,2,175,0,0,0,1,0,0,0,nan,nan,nan,nan,nan,nan,nan
3724,1,5,5,0,1,0,2,175,0,0,0,1,0,0,0,nan,nan,nan,nan,nan,nan,nan
3725,1,5,5,0,1,0,2,175,0,0,0,1,0,0,0,nan,nan,nan,nan,nan,nan,nan
3726,1,5,5,0,1,0,2,175,0,0,0,1,0,0,0,nan,nan,nan,nan,nan,nan,nan
3727,1,5,5,0,1,0,2,175,0,0,0,1,0,0,0,nan,nan,nan,nan,nan,nan,nan
3728,1,5,5,0,1,0,2,175,0,0,0,1,0,0,0,nan,nan,nan,nan,nan,nan,nan
3729,1,5,5,0,1,0,2,175,0,2,0,1,0,0,0,nan,13.054156675693775,nan,nan,nan,nan,nan
3730,1,5,5,0,1,0,2,175,0,2,0,1,0,0,0,nan,nan,nan,nan,nan,nan,nan
3731,1,5,5,0,1,0,2,175,0,2,0,1,0,0,0,nan,nan,nan,nan,nan,nan,nan
3732,1,5,5,0,1,0,2,175,0,2,0,1,0,0,0,nan,nan,nan,nan,nan,nan,nan
3733,1,5,5,0,1,0,2,175,0,2,0,1,0,0,0,nan,nan,nan,nan,nan,nan,nan
3734,1,5,5,0,1,0,2,175,0,2,0,1,0,0,0,nan,nan,nan,nan,nan,nan,nan
3735,1,5,5,0,0,1,1,176,0,2,0,1,0,0,0,nan,nan,nan,nan,21.693541491545147,nan,13.905839947005461
3736,1,5,5,0,0,0,2,176,2,2,0,1,0,0,0,18.202857991357632,nan,nan,nan,nan,16.641191278727092,nan
3737,1,5,5,0,0,0,2,176,2,2,0,1,0,0,0,nan,nan,nan,nan,nan,nan,nan
3738,1,5,5,0,0,0,2,176,0,0,0,0,0,0,0,nan,nan,34.876100361243516,nan,nan,nan,nan
3739,1,5,5,0,0,0,2,176,0,0,0,0,0,0,0,nan,nan,nan,nan,nan,nan,nan
3740,1,5,5,0,0,0,2,176,0,0,0,0,0,0,0,nan,nan,nan,nan,nan,nan,nan
3741,1,5,5,0,0,0,2,176,0,0,0,0,0,0,0,nan,nan,nan,nan,nan,nan,nan
3742,1,5,5,0,0,0,2,176,0,0,0,0,0,0,0,nan,nan,nan,nan,nan,nan,nan
3743,1,5,5,0,0,0,2,176,0,0,0,0,0,0,0,nan,nan,nan,nan,nan,nan,nan
3744,1,5,5,0,0,0,2,176,0,0,0,0,0,0,0,nan,nan,nan,nan,nan,nan,nan
3745,1,5,5,0,0,0,2,176,0,0,0,0,0,0,0,nan,nan,nan,nan,nan,nan,nan
3746,1,5,5,0,0,0,2,176,0,0,0,0,0,0,0,nan,nan,nan,nan,nan,nan,nan
3747,1,5,5,0,0,0,2,176,2,0,0,0,0,0,0,10.473385044181214,nan,nan,nan,nan,nan,nan
3748,1,5,5,0,0,0,2,176,2,0,0,0,0,0,0,nan,nan,nan,nan,nan,nan,nan
3749,1,5,5,0,0,0,2,176,2,2,0,0,0,0,0,nan,19.88438170189511,nan,nan,nan,nan,nan
3750,1,5,5,0,0,0,2,176,2,2,0,0,0,0,0,nan,nan,nan,nan,nan,nan,nan
3751,1,5,5,0,0,0,2,176,2,2,0,0,0,0,0,nan,nan,nan,nan,nan,nan,nan
3752,1,5,5,0,0,0,2,176,2,2,0,0,0,0,0,nan,nan,nan,nan,nan,nan,nan
3753,1,5,5,0,0,0,2,176,2,2,0,0,0,0,0,nan,nan,nan,nan,nan,nan,nan
3754,1,5,5,0,1,0,2,176,2,2,0,1,0,0,0,nan,nan,nan,34.88271964282376,nan,nan,nan
3755,1,5,5,0,1,0,2,176,2,2,0,1,0,0,0,nan,nan,nan,nan,nan,nan,nan
3756,1,5,5,0,1,0,2,176,0,0,0,0,0,0,0,nan,nan,18.249489355216156,nan,nan,nan,nan
3757,1,5,5,0,1,0,1,177,0,0,0,0,0,0,0,nan,nan,nan,nan,nan,nan,21.61896548352979
3758,1,5,5,0,1,0,1,177,0,0,0,0,0,0,0,nan,nan,nan,nan,nan,nan,nan
3759,1,5,5,0,1,0,1,177,0,0,0,0,0,0,0,nan,nan,nan,nan,nan,nan,nan
3760,1,5,5,0,1,0,1,177,0,0,0,0,0,0,0,nan,nan,nan,nan,nan,nan,nan
3761,1,5,5,0,1,0,2,177,0,0,0,0,0,1,0,nan,nan,nan,nan,nan,24.759587260612534,nan
3762,1,5,5,0,1,0,2,177,0,0,0,0,0,1,0,nan,nan,nan,nan,nan,nan,nan
3763,1,5,5,0,1,0,2,177,0,0,0,0,0,1,0,nan,nan,nan,nan,nan,nan,nan
3764,1,5,5,0,1,0,2,177,0,0,0,0,0,1,0,nan,nan,nan,nan,nan,nan,nan
3765,1,5,5,0,1,0,2,177,0,0,0,0,0,1,0,nan,nan,nan,nan,nan,nan,nan
3766,1,5,5,0,1,0,2,177,0,0,0,0,0,1,0,nan,nan,nan,nan,nan,nan,nan
3767,1,5,5,0,1,0,2,177,0,0,0,0,0,1,0,nan,nan,nan,nan,nan,nan,nan
3768,1,5,5,0,1,0,2,177,0,0,0,0,0,1,0,nan,nan,nan,nan,nan,nan,nan
3769,1,5,5,0,1,0,2,177,0,0,0,0,0,1,0,nan,nan,nan,nan,nan,nan,nan
3770,1,5,5,0,2,0,2,177,0,2,0,1,0,1,0,nan,20.672030672627898,nan,16.043966861094304,nan,nan,nan
3771,1,5,5,0,2,0,2,177,0,2,0,1,0,1,0,nan,nan,nan,nan,nan,nan,nan
3772,1,5,5,0,2,0,1,178,0,2,0,1,0,1,0,nan,nan,nan,nan,nan,nan,14.783935323169771
3773,1,5,5,0,2,0,1,178,0,2,0,1,0,1,0,nan,nan,nan,nan,nan,nan,nan
3774,1,4,5,0,2,0,1,178,0,0,0,0,0,1,0,nan,nan,17.656635011560866,nan,nan,nan,nan
3775,1,4,5,0,2,0,1,178,0,0,0,0,0,1,0,nan,nan,nan,nan,nan,nan,nan
3776,1,5,5,0,1,0,1,178,0,0,0,0,0,0,0,29.255668569563568,nan,nan,nan,40.583088778959336,nan,nan
3777,1,5,5,0,1,0,1,178,0,0,0,0,0,0,0,nan,nan,nan,nan,nan,nan,nan
3778,1,5,5,0,1,0,1,178,0,0,0,0,0,0,0,nan,nan,nan,nan,nan,nan,nan
3779,1,5,5,0,1,0,1,178,0,0,0,0,0,0,0,nan,nan,nan,nan,nan,nan,nan
3780,1,5,5,0,1,0,1,178,0,0,0,0,0,0,0,nan,nan,nan,nan,nan,nan,nan
3781,1,5,5,0,1,0,1,178,0,0,0,0,0,0,0,nan,nan,nan,nan,nan,nan,nan
3782,1,5,5,0,1,0,1,178,0,0,0,0,0,0,0,nan,nan,nan,nan,nan,nan,nan
3783,1,5,5,0,1,0,1,178,0,0,0,0,0,0,0,nan,nan,nan,nan,nan,nan,nan
3784,1,5,5,0,1,0,1,178,0,0,0,0,0,0,0,nan,nan,nan,nan,nan,nan,nan
3785,1,5,5,0,1,0,1,178,0,0,0,0,0,0,0,nan,nan,nan,nan,nan,nan,nan
3786,1,5,5,0,1,0,1,178,0,0,0,0,0,0,0,nan,nan,nan,nan,nan,nan,nan
3787,1,5,5,0,1,0,1,178,0,0,0,0,0,0,0,nan,nan,nan,nan,nan,nan,nan
3788,1,5,5,0,2,0,1,178,0,0,0,1,0,0,0,nan,nan,nan,18.313893790696966,nan,nan,nan
3789,1,5,5,0,2,0,1,178,0,2,0,1,0,0,0,nan,18.758609924952452,nan,nan,nan,nan,nan
3790,1,5,5,0,2,0,1,178,0,2,0,1,0,0,0,nan,nan,nan,nan,nan,nan,nan
3791,1,5,5,0,2,0,1,178,0,2,0,1,0,0,0,nan,nan,nan,nan,nan,nan,nan
3792,1,4,5,0,2,0,1,178,0,0,0,0,0,0,0,nan,nan,17.53611621882237,nan,nan,nan,nan
3793,1,4,5,0,2,0,1,178,0,0,0,0,0,0,0,nan,nan,nan,nan,nan,nan,nan
3794,1,5,5,0,2,0,1,178,0,0,0,0,0,0,0,18.312842639176324,nan,nan,nan,nan,nan,nan
3795,1,5,5,0,2,0,1,178,0,0,0,0,0,0,0,nan,nan,nan,nan,nan,nan,nan
3796,1,5,5,0,2,0,1,178,0,0,0,0,0,0,0,nan,nan,nan,nan,nan,nan,nan
3797,1,5,5,0,2,0,2,178,0,0,0,0,0,1,0,nan,nan,nan,nan,nan,35.94468557830487,nan
3798,1,5,5,0,1,0,2,178,0,0,0,0,0,0,0,nan,nan,nan,nan,22.340689697093694,nan,nan
3799,1,5,5,0,1,0,2,178,0,0,0,0,0,0,0,nan,nan,nan,nan,nan,nan,nan
3800,1,5,5,0,1,0,2,178,0,0,0,0,0,0,0,nan,nan,nan,nan,nan,nan,nan
3801,1,5,5,0,1,0,1,179,0,0,0,0,0,0,0,nan,nan,nan,nan,nan,nan,29.338097251796626
3802,1,5,5,0,1,0,1,179,0,0,0,0,0,0,0,nan,nan,nan,nan,nan,nan,nan
3803,1,5,5,0,1,0,1,179,0,0,0,0,0,0,0,nan,nan,nan,nan,nan,nan,nan
3804,1,5,5,0,2,0,1,179,0,0,0,1,0,0,0,nan,nan,nan,16.211436794297697,nan,nan,nan
3805,1,5,5,0,2,0,1,179,0,0,0,1,0,0,0,nan,nan,nan,nan,nan,nan,nan
3806,1,5,5,0,2,0,1,179,0,0,0,1,0,0,0,nan,nan,nan,nan,nan,nan,nan
3807,1,5,5,0,2,0,1,179,0,0,0,1,0,0,0,nan,nan,nan,nan,nan,nan,nan
3808,1,5,5,0,2,0,1,179,0,0,0,1,0,0,0,nan,nan,nan,nan,nan,nan,nan
3809,1,5,5,0,2,0,1,179,0,0,0,1,0,0,0,nan,nan,nan,nan,nan,nan,nan
3810,1,5,5,0,2,0,1,179,0,0,0,1,0,0,0,nan,nan,nan,nan,nan,nan,nan
3811,1,5,5,0,2,0,1,179,0,0,0,1,0,0,0,nan,nan,nan,nan,nan,nan,nan
3812,1,5,5,0,2,0,1,179,0,0,0,1,0,0,0,nan,nan,nan,nan,nan,nan,nan
3813,1,5,5,0,2,0,1,179,0,0,0,1,0,0,0,nan,nan,nan,nan,nan,nan,nan
3814,1,5,5,0,2,0,1,179,0,0,0,1,0,0,0,nan,nan,nan,nan,nan,nan,nan
3815,1,5,5,0,2,0,1,179,0,0,0,1,0,0,0,nan,nan,nan,nan,nan,nan,nan
3816,1,5,5,0,2,0,1,179,0,2,0,1,0,0,0,nan,27.359313374294743,nan,nan,nan,nan,nan
3817,1,5,5,0,2,0,1,179,2,2,0,1,0,0,0,22.241221872745882,nan,nan,nan,nan,nan,nan
3818,1,5,5,0,2,0,1,179,2,2,0,1,0,0,0,nan,nan,nan,nan,nan,nan,nan
3819,1,5,5,0,2,0,0,180,2,2,0,1,0,0,0,nan,nan,nan,nan,nan,nan,18.107859778400325
3820,1,5,5,0,2,0,0,180,2,2,0,1,0,0,0,nan,nan,nan,nan,nan,nan,nan
3821,1,5,5,0,2,0,0,180,2,2,0,1,0,0,0,nan,nan,nan,nan,nan,nan,nan
3822,1,5,5,0,2,0,0,180,2,2,0,1,0,0,0,nan,nan,nan,nan,nan,nan,nan
3823,1,5,5,0,2,0,0,180,2,2,0,1,0,0,0,nan,nan,nan,nan,nan,nan,nan
3824,1,5,5,0,2,0,0,180,2,2,0,1,0,0,0,nan,nan,nan,nan,nan,nan,nan
3825,1,5,5,0,2,0,0,180,2,2,0,1,0,0,0,nan,nan,nan,nan,nan,nan,nan
3826,1,5,5,0,2,0,1,180,2,2,0,1,0,1,0,nan,nan,nan,nan,nan,29.368772567378528,nan
3827,1,5,5,0,1,0,1,180,2,2,0,1,0,0,0,nan,nan,nan,nan,29.004479907143832,nan,nan
3828,1,5,5,0,1,0,1,180,2,2,0,1,0,0,0,nan,nan,nan,nan,nan,nan,nan
3829,1,5,5,0,1,0,1,180,2,2,0,1,0,0,0,nan,nan,nan,nan,nan,nan,nan
3830,1,5,5,0,1,0,1,180,2,2,0,1,0,0,0,nan,nan,nan,nan,nan,nan,nan
3831,1,5,5,0,1,0,1,180,2,2,0,1,0,0,0,nan,nan,nan,nan,nan,nan,nan
3832,1,5,5,0,1,0,1,180,2,2,0,1,0,0,0,nan,nan,nan,nan,nan,nan,nan
3833,1,5,5,0,1,0,1,180,0,0,0,0,0,0,0,nan,nan,41.49305120183499,nan,nan,nan,nan
3834,1,5,5,0,1,0,1,180,0,0,0,0,0,0,0,nan,nan,nan,nan,nan,nan,nan
3835,1,5,5,0,1,0,1,180,0,0,0,0,0,0,0,nan,nan,nan,nan,nan,nan,nan
3836,1,5,5,0,1,0,1,180,0,0,0,0,0,0,0,nan,nan,nan,nan,nan,nan,nan
3837,1,5,5,0,1,0,1,180,0,0,0,0,0,0,0,nan,nan,nan,nan,nan,nan,nan
3838,1,5,5,0,1,0,1,180,0,0,0,0,0,0,0,nan,nan,nan,nan,nan,nan,nan
3839,1,5,5,0,1,0,1,180,0,0,0,0,0,0,0,nan,nan,nan,nan,nan,nan,nan
3840,1,5,5,0,1,0,1,180,0,0,0,0,0,0,0,nan,nan,nan,nan,nan,nan,nan
3841,1,5,5,0,1,0,1,180,0,0,0,0,0,0,0,nan,nan,nan,nan,nan,nan,nan
3842,1,5,5,0,1,0,2,180,0,0,0,0,0,1,0,nan,nan,nan,nan,nan,15.534387191667975,nan
3843,1,5,5,0,1,0,2,180,0,0,0,0,0,1,0,nan,nan,nan,nan,nan,nan,nan
3844,1,5,5,0,1,0,2,180,0,0,0,0,0,1,0,nan,nan,nan,nan,nan,nan,nan
3845,1,5,5,0,1,0,2,180,0,0,0,0,0,1,0,nan,nan,nan,nan,nan,nan,nan
3846,1,5,5,0,1,0,2,180,0,0,0,0,0,1,0,nan,nan,nan,nan,nan,nan,nan
3847,1,5,5,0,0,0,2,180,0,0,0,0,0,0,0,nan,nan,nan,nan,20.003379883024536,nan,nan
3848,1,5,5,0,0,0,2,180,0,0,0,0,0,0,0,nan,nan,nan,nan,nan,nan,nan
3849,1,5,5,0,0,0,2,180,0,0,0,0,0,0,0,nan,nan,nan,nan,nan,nan,nan
3850,1,5,5,0,0,0,2,180,0,0,0,0,0,0,0,nan,nan,nan,nan,nan,nan,nan
3851,1,5,5,0,0,0,2,180,2,0,0,0,0,0,0,34.787629434481914,nan,nan,nan,nan,nan,nan
3852,1,5,5,0,1,0,2,180,2,2,0,1,0,0,0,nan,36.48410233976574,nan,47.980901855945376,nan,nan,nan
3853,1,5,5,0,1,0,2,180,2,2,0,1,0,0,0,nan,nan,nan,nan,nan,nan,nan
3854,1,5,5,0,1,0,2,180,2,2,0,1,0,0,0,nan,nan,nan,nan,nan,nan,nan
3855,1,5,5,0,1,0,1,181,2,2,0,1,0,0,0,nan,nan,nan,nan,nan,nan,36.22331148873673
3856,1,5,5,0,1,0,2,181,0,0,0,0,0,1,0,nan,nan,23.178125281211578,nan,nan,14.76083407287615,nan
3857,1,5,5,0,1,0,2,181,0,0,0,0,0,1,0,nan,nan,nan,nan,nan,nan,nan
3858,1,5,5,0,1,0,2,181,0,0,0,0,0,1,0,nan,nan,nan,nan,nan,nan,nan
3859,1,5,5,0,1,0,2,181,0,0,0,0,0,1,0,nan,nan,nan,nan,nan,nan,nan
3860,1,5,5,0,0,0,2,181,0,0,0,0,0,0,0,nan,nan,nan,nan,13.03184955911911,nan,nan
3861,1,5,5,0,0,0,2,181,0,0,0,0,0,0,0,nan,nan,nan,nan,nan,nan,nan
3862,1,5,5,0,0,0,2,181,0,0,0,0,0,0,0,nan,nan,nan,nan,nan,nan,nan
3863,1,5,5,0,0,0,2,181,0,0,0,0,0,0,0,nan,nan,nan,nan,nan,nan,nan
3864,1,5,5,0,0,0,2,181,0,0,0,0,0,0,0,nan,nan,nan,nan,nan,nan,nan
3865,1,5,5,0,0,0,2,181,0,0,0,0,0,0,0,nan,nan,nan,nan,nan,nan,nan
3866,1,5,5,0,0,0,2,181,2,0,0,0,0,0,0,14.180747313817392,nan,nan,nan,nan,nan,nan
3867,1,5,5,0,0,0,2,181,2,0,0,0,0,0,0,nan,nan,nan,nan,nan,nan,nan
3868,1,5,5,0,0,0,2,181,2,0,0,0,0,0,0,nan,nan,nan,nan,nan,nan,nan
3869,1,5,5,0,0,0,2,181,2,0,0,0,0,0,0,nan,nan,nan,nan,nan,nan,nan
3870,1,5,5,0,0,0,2,181,2,2,0,0,0,0,0,nan,18.00711224556744,nan,nan,nan,nan,nan
3871,1,5,5,0,0,0,2,181,2,2,0,0,0,0,0,nan,nan,nan,nan,nan,nan,nan
3872,1,5,5,0,0,0,2,181,2,2,0,0,0,0,0,nan,nan,nan,nan,nan,nan,nan
3873,1,5,5,0,0,0,2,181,2,2,0,0,0,0,0,nan,nan,nan,nan,nan,nan,nan
3874,1,5,5,1,0,0,2,181,0,0,0,0,0,0,0,nan,nan,17.45079525502115,nan,nan,nan,nan
3875,1,5,5,1,0,0,2,181,0,0,0,0,0,0,0,nan,nan,nan,nan,nan,nan,nan
3876,1,5,5,1,0,0,2,181,0,0,0,0,0,0,0,nan,nan,nan,nan,nan,nan,nan
3877,1,5,5,1,0,0,2,181,0,0,0,0,0,0,0,nan,nan,nan,nan,nan,nan,nan
3878,1,5,5,1,0,0,2,181,0,0,0,0,0,0,0,nan,nan,nan,nan,nan,nan,nan
3879,1,5,5,1,0,0,2,181,0,0,0,0,0,0,0,nan,nan,nan,nan,nan,nan,nan
3880,1,5,5,1,0,0,2,181,0,0,0,0,0,0,0,nan,nan,nan,nan,nan,nan,nan
3881,1,5,5,1,0,0,3,181,0,0,0,0,0,1,0,nan,nan,nan,nan,nan,24.380474104955738,nan
3882,1,5,5,0,1,0,3,181,0,0,0,0,0,1,0,nan,nan,nan,29.78494202839056,nan,nan,nan
3883,1,5,5,0,1,0,3,181,0,0,0,0,0,1,0,nan,nan,nan,nan,nan,nan,nan
3884,1,5,5,0,0,0,3,181,2,0,0,0,0,0,0,18.508095335748294,nan,nan,nan,23.328973500160828,nan,nan
3885,1,5,5,0,0,0,3,181,2,0,0,0,0,0,0,nan,nan,nan,nan,nan,nan,nan
3886,1,5,5,0,0,0,3,181,2,0,0,0,0,0,0,nan,nan,nan,nan,nan,nan,nan
3887,1,5,5,0,0,0,3,181,2,0,0,0,0,0,0,nan,nan,nan,nan,nan,nan,nan
3888,1,5,5,0,0,0,3,181,2,0,0,0,0,0,0,nan,nan,nan,nan,nan,nan,nan
3889,1,5,5,0,0,0,3,181,2,0,0,0,0,0,0,nan,nan,nan,nan,nan,nan,nan
3890,1,5,5,0,0,0,2,182,2,0,0,0,0,0,0,nan,nan,nan,nan,nan,nan,34.971417389269845
3891,1,5,5,0,0,0,2,182,2,0,0,0,0,0,0,nan,nan,nan,nan,nan,nan,nan
3892,1,5,5,0,0,0,2,182,2,0,0,0,0,0,0,nan,nan,nan,nan,nan,nan,nan
3893,1,5,5,0,0,0,2,182,2,0,0,0,0,0,0,nan,nan,nan,nan,nan,nan,nan
3894,1,5,5,0,0,0,2,182,2,0,0,0,0,0,0,nan,nan,nan,nan,nan,nan,nan
3895,1,5,4,1,0,0,2,182,2,0,0,0,0,0,0,nan,nan,21.628668679215934,nan,nan,nan,nan
3896,1,5,5,1,0,0,2,182,0,0,0,0,0,0,0,nan,25.218917035166214,nan,nan,nan,nan,nan
3897,1,5,5,1,0,0,2,182,0,0,0,0,0,0,0,nan,nan,nan,nan,nan,nan,nan
3898,1,5,5,0,1,0,2,182,0,0,0,0,0,0,0,nan,nan,nan,16.206464361568578,nan,nan,nan
3899,1,5,5,0,1,0,2,182,0,0,0,0,0,0,0,nan,nan,nan,nan,nan,nan,nan
3900,1,5,5,0,1,0,3,182,0,0,0,0,0,1,0,nan,nan,nan,nan,nan,18.867927449186027,nan
3901,1,5,5,0,1,0,3,182,0,0,0,0,0,1,0,nan,nan,nan,nan,nan,nan,nan
3902,1,5,5,0,1,0,3,182,0,0,0,0,0,1,0,nan,nan,nan,nan,nan,nan,nan
3903,1,5,5,0,1,0,3,182,0,0,0,0,0,1,0,nan,nan,nan,nan,nan,nan,nan
3904,1,5,5,0,1,0,3,182,0,0,0,0,0,1,0,nan,nan,nan,nan,nan,nan,nan
3905,1,5,5,0,0,0,3,182,0,0,0,0,0,0,0,nan,nan,nan,nan,21.45177069910733,nan,nan
3906,1,5,5,0,0,0,3,182,0,0,0,0,0,0,0,nan,nan,nan,nan,nan,nan,nan
3907,1,5,5,0,0,0,3,182,0,0,0,0,0,0,0,nan,nan,nan,nan,nan,nan,nan
3908,1,5,5,0,0,0,3,182,0,0,0,0,0,0,0,nan,nan,nan,nan,nan,nan,nan
3909,1,5,5,0,0,0,3,182,0,0,0,0,0,0,0,nan,nan,nan,nan,nan,nan,nan
3910,1,5,5,0,0,0,3,182,0,0,0,0,0,0,0,nan,nan,nan,nan,nan,nan,nan
3911,1,5,5,0,0,0,3,182,0,0,0,0,0,0,0,nan,nan,nan,nan,nan,nan,nan
3912,1,5,5,0,0,0,3,182,0,2,0,0,0,0,0,nan,16.396078416412365,nan,nan,nan,nan,nan
3913,1,5,5,0,0,0,3,182,0,2,0,0,0,0,0,nan,nan,nan,nan,nan,nan,nan
3914,1,5,5,0,0,0,3,182,2,2,0,0,0,0,0,29.70161827109223,nan,nan,nan,nan,nan,nan
3915,1,5,5,0,0,0,3,182,2,2,0,0,0,0,0,nan,nan,nan,nan,nan,nan,nan
3916,1,5,5,1,0,0,3,182,0,0,0,0,0,0,0,nan,nan,21.007025557403267,nan,nan,nan,nan
3917,1,5,5,1,0,1,3,182,0,0,0,0,1,0,0,nan,nan,nan,nan,12.011404649084852,nan,nan
3918,1,5,5,0,0,1,2,183,0,0,0,0,0,0,0,nan,nan,nan,20.194690358772277,nan,nan,28.05576138307333
3919,1,5,5,0,0,1,2,183,0,0,0,0,0,0,0,nan,nan,nan,nan,nan,nan,nan
3920,1,5,5,0,0,1,2,183,0,0,0,0,0,0,0,nan,nan,nan,nan,nan,nan,nan
3921,1,5,5,0,0,0,3,183,0,0,0,0,0,0,0,nan,nan,nan,nan,nan,20.97595882796486,nan
3922,1,5,5,0,0,0,3,183,0,0,0,0,0,0,0,nan,nan,nan,nan,nan,nan,nan
3923,1,5,5,0,0,0,3,183,0,0,0,0,0,0,0,nan,nan,nan,nan,nan,nan,nan
3924,1,5,5,0,0,0,3,183,0,0,0,0,0,0,0,nan,nan,nan,nan,nan,nan,nan
3925,1,5,5,0,0,0,3,183,0,0,0,0,0,0,0,nan,nan,nan,nan,nan,nan,nan
3926,1,5,5,0,0,0,3,183,0,0,0,0,0,0,0,nan,nan,nan,nan,nan,nan,nan
3927,1,5,5,0,0,0,3,183,0,0,0,0,0,0,0,nan,nan,nan,nan,nan,nan,nan
3928,1,5,5,0,0,0,3,183,0,0,0,0,0,0,0,nan,nan,nan,nan,nan,nan,nan
3929,1,5,5,0,0,0,3,183,0,0,0,0,0,0,0,nan,nan,nan,nan,nan,nan,nan
3930,1,5,5,0,0,0,3,183,0,0,0,0,0,0,0,nan,nan,nan,nan,nan,nan,nan
3931,1,5,5,0,1,0,3,183,0,0,0,1,0,0,0,nan,nan,nan,12.237565427945356,nan,nan,nan
3932,1,5,5,0,1,0,2,184,2,0,0,1,0,0,0,18.564409616721605,nan,nan,nan,nan,nan,13.220477716778532
3933,1,5,5,0,1,0,2,184,2,0,0,1,0,0,0,nan,nan,nan,nan,nan,nan,nan
3934,1,5,5,0,1,0,2,184,2,2,0,1,0,0,0,nan,21.60539203877488,nan,nan,nan,nan,nan
3935,1,5,5,0,1,0,2,184,2,2,0,1,0,0,0,nan,nan,nan,nan,nan,nan,nan
3936,1,5,5,0,0,1,2,184,0,0,0,0,0,0,0,nan,nan,19.94790061323556,nan,18.85962844743699,nan,nan
3937,1,5,5,0,0,1,2,184,0,0,0,0,0,0,0,nan,nan,nan,nan,nan,nan,nan
3938,1,5,5,0,0,1,2,184,0,0,0,0,0,0,0,nan,nan,nan,nan,nan,nan,nan
3939,1,5,5,0,0,1,2,184,0,0,0,0,0,0,0,nan,nan,nan,nan,nan,nan,nan
3940,1,5,5,0,0,1,2,184,0,0,0,0,0,0,0,nan,nan,nan,nan,nan,nan,nan
3941,1,5,5,0,0,1,2,184,0,0,0,0,0,0,0,nan,nan,nan,nan,nan,nan,nan
3942,1,5,5,0,0,1,2,184,0,0,0,0,0,0,0,nan,nan,nan,nan,nan,nan,nan
3943,1,5,5,0,0,1,2,184,0,0,0,0,0,0,0,nan,nan,nan,nan,nan,nan,nan
3944,1,5,5,0,0,1,2,184,0,0,0,0,0,0,0,nan,nan,nan,nan,nan,nan,nan
3945,1,5,5,0,0,0,3,184,0,0,0,0,0,0,0,nan,nan,nan,nan,nan,24.658492830330033,nan
3946,1,5,5,0,0,0,2,185,0,0,0,0,0,0,0,nan,nan,nan,nan,nan,nan,14.885566114236553
3947,1,5,5,0,0,0,2,185,0,0,0,0,0,0,0,nan,nan,nan,nan,nan,nan,nan
3948,1,5,5,0,0,0,2,185,0,0,0,0,0,0,0,nan,nan,nan,nan,nan,nan,nan
3949,1,5,5,0,0,1,2,185,0,2,0,1,0,0,0,nan,15.55772096894134,nan,18.107545471576486,13.411923068449596,nan,nan
3950,1,5,5,0,0,1,2,185,0,2,0,1,0,0,0,nan,nan,nan,nan,nan,nan,nan
3951,1,5,5,0,0,1,2,185,0,2,0,1,0,0,0,nan,nan,nan,nan,nan,nan,nan
3952,1,5,5,0,0,1,2,185,0,2,0,1,0,0,0,nan,nan,nan,nan,nan,nan,nan
3953,1,5,5,0,0,1,2,185,0,2,0,1,0,0,0,nan,nan,nan,nan,nan,nan,nan
3954,1,5,5,0,0,1,2,185,0,2,0,1,0,0,0,nan,nan,nan,nan,nan,nan,nan
3955,1,5,5,0,0,1,2,185,0,2,0,1,0,0,0,nan,nan,nan,nan,nan,nan,nan
3956,1,5,5,0,0,1,2,185,2,2,0,1,0,0,0,23.827237795116616,nan,nan,nan,nan,nan,nan
3957,1,5,5,0,0,1,2,185,2,2,0,1,0,0,0,nan,nan,nan,nan,nan,nan,nan
3958,1,5,5,0,0,1,2,185,2,2,0,1,0,0,0,nan,nan,nan,nan,nan,nan,nan
3959,1,5,5,0,0,1,2,185,2,2,0,1,0,0,0,nan,nan,nan,nan,nan,nan,nan
3960,1,5,5,0,0,1,2,185,2,2,0,1,0,0,0,nan,nan,nan,nan,nan,nan,nan
3961,1,5,5,0,0,1,2,185,2,2,0,1,0,0,0,nan,nan,nan,nan,nan,nan,nan
3962,1,5,5,0,0,1,2,185,2,2,0,1,0,0,0,nan,nan,nan,nan,nan,nan,nan
3963,1,5,5,0,0,1,2,185,2,2,0,1,0,0,0,nan,nan,nan,nan,nan,nan,nan
3964,1,5,5,0,0,1,2,185,2,2,0,1,0,0,0,nan,nan,nan,nan,nan,nan,nan
3965,1,5,5,0,0,1,2,185,2,2,0,1,0,0,0,nan,nan,nan,nan,nan,nan,nan
3966,1,5,5,0,0,1,1,186,2,2,0,1,0,0,0,nan,nan,nan,nan,nan,nan,19.08312552207053
3967,1,5,5,0,0,1,1,186,2,2,0,1,0,0,0,nan,nan,nan,nan,nan,nan,nan
3968,1,5,5,0,0,1,1,186,2,2,0,1,0,0,0,nan,nan,nan,nan,nan,nan,nan
3969,1,5,5,0,0,1,1,186,2,2,0,1,0,0,0,nan,nan,nan,nan,nan,nan,nan
3970,1,5,5,0,0,1,1,186,0,0,0,0,0,0,0,nan,nan,33.57772005856896,nan,nan,nan,nan
3971,1,5,5,0,0,2,1,186,0,0,0,0,1,0,0,nan,nan,nan,nan,21.62312124241862,nan,nan
3972,1,5,5,0,0,2,1,186,0,0,0,0,1,0,0,nan,nan,nan,nan,nan,nan,nan
3973,1,5,5,0,0,1,2,186,0,0,0,0,1,0,0,nan,nan,nan,nan,nan,27.786307289587057,nan
3974,1,5,5,0,0,1,2,186,0,0,0,0,1,0,0,nan,nan,nan,nan,nan,nan,nan
3975,1,5,5,0,0,1,2,186,0,0,0,0,1,0,0,nan,nan,nan,nan,nan,nan,nan
3976,1,5,5,0,0,1,2,186,0,0,0,0,1,0,0,nan,nan,nan,nan,nan,nan,nan
3977,1,5,5,0,0,1,2,186,0,0,0,0,1,0,0,nan,nan,nan,nan,nan,nan,nan
3978,1,5,5,0,0,1,2,186,0,0,0,0,1,0,0,nan,nan,nan,nan,nan,nan,nan
3979,1,5,5,0,0,1,2,186,0,0,0,0,1,0,0,nan,nan,nan,nan,nan,nan,nan
3980,1,5,5,0,0,1,2,186,0,0,0,0,1,0,0,nan,nan,nan,nan,nan,nan,nan
3981,1,5,5,0,0,1,1,187,0,0,0,1,0,0,0,nan,nan,nan,32.35803250950494,nan,nan,15.085284831126046
3982,1,5,5,0,0,1,1,187,0,0,0,1,0,0,0,nan,nan,nan,nan,nan,nan,nan
3983,1,5,5,0,0,1,1,187,0,0,0,1,0,0,0,nan,nan,nan,nan,nan,nan,nan
3984,1,5,5,0,0,1,1,187,0,0,0,1,0,0,0,nan,nan,nan,nan,nan,nan,nan
3985,1,5,5,0,0,1,1,187,0,0,0,1,0,0,0,nan,nan,nan,nan,nan,nan,nan
3986,1,5,5,0,0,1,1,187,2,2,0,1,0,0,0,29.395089514326173,36.852223248007704,nan,nan,nan,nan,nan
3987,1,5,5,0,0,1,1,187,2,2,0,1,0,0,0,nan,nan,nan,nan,nan,nan,nan
3988,1,5,5,0,0,1,1,187,2,2,0,1,0,0,0,nan,nan,nan,nan,nan,nan,nan
3989,1,5,5,0,0,1,1,187,2,2,0,1,0,0,0,nan,nan,nan,nan,nan,nan,nan
3990,1,5,5,0,0,1,1,187,2,2,0,1,0,0,0,nan,nan,nan,nan,nan,nan,nan
3991,1,5,5,0,0,1,1,187,0,0,0,0,0,0,0,nan,nan,21.024921098855884,nan,nan,nan,nan
3992,1,5,5,0,0,1,1,187,0,0,0,0,0,0,0,nan,nan,nan,nan,nan,nan,nan
3993,1,5,5,0,0,0,1,188,0,0,0,0,0,0,0,nan,nan,nan,nan,nan,19.97931902962,12.260370877771038
3994,1,5,5,0,0,0,1,188,0,0,0,0,0,0,0,nan,nan,nan,nan,nan,nan,nan
3995,1,5,5,0,0,0,1,188,0,0,0,0,0,0,0,nan,nan,nan,nan,nan,nan,nan
3996,1,5,5,0,0,0,1,188,0,0,0,0,0,0,0,nan,nan,nan,nan,nan,nan,nan
3997,1,5,5,0,0,0,1,188,0,0,0,0,0,0,0,nan,nan,nan,nan,nan,nan,nan
3998,1,5,5,0,0,0,1,188,0,0,0,0,0,0,0,nan,nan,nan,nan,nan,nan,nan
3999,1,5,5,0,0,0,1,188,0,0,0,0,0,0,0,nan,nan,nan,nan,nan,nan,nan
4000,1,5,5,0,0,0,1,188,0,0,0,0,0,0,0,nan,nan,nan,nan,nan,nan,nan
4001,1,5,5,0,0,0,1,188,0,0,0,0,0,0,0,nan,nan,nan,nan,nan,nan,nan
4002,1,5,5,0,0,0,1,188,0,0,0,0,0,0,0,nan,nan,nan,nan,nan,nan,nan
4003,1,5,5,0,0,0,1,188,0,0,0,0,0,0,0,nan,nan,nan,nan,nan,nan,nan
4004,1,5,5,0,0,1,1,188,0,0,0,0,1,0,0,nan,nan,nan,nan,32.4610875832891,nan,nan
4005,1,5,5,0,0,0,2,188,0,0,0,0,1,0,0,nan,nan,nan,nan,nan,12.055329692640044,nan
4006,1,5,5,0,0,0,2,188,0,0,0,1,0,0,0,nan,nan,nan,24.97071487235644,nan,nan,nan
4007,1,5,4,0,0,0,2,188,2,0,0,0,0,0,0,21.44762284662056,nan,15.898466294650916,nan,nan,nan,nan
4008,1,5,5,0,0,0,2,188,0,0,0,0,0,0,0,nan,22.130126160960117,nan,nan,nan,nan,nan
4009,1,5,5,0,0,0,1,189,0,0,0,0,0,0,0,nan,nan,nan,nan,nan,nan,16.354000644337248
4010,1,5,5,0,0,0,1,189,0,0,0,0,0,0,0,nan,nan,nan,nan,nan,nan,nan
4011,1,5,5,0,0,0,1,189,0,0,0,0,0,0,0,nan,nan,nan,nan,nan,nan,nan
4012,1,5,5,0,0,0,1,189,0,0,0,0,0,0,0,nan,nan,nan,nan,nan,nan,nan
4013,1,5,5,0,0,0,1,189,0,0,0,0,0,0,0,nan,nan,nan,nan,nan,nan,nan
4014,1,5,5,0,0,0,1,189,0,0,0,0,0,0,0,nan,nan,nan,nan,nan,nan,nan
4015,1,5,5,0,0,0,1,189,0,0,0,0,0,0,0,nan,nan,nan,nan,nan,nan,nan
4016,1,5,5,0,0,0,1,189,0,0,0,0,0,0,0,nan,nan,nan,nan,nan,nan,nan
4017,1,5,5,0,0,0,1,189,0,0,0,0,0,0,0,nan,nan,nan,nan,nan,nan,nan
4018,1,5,5,0,0,1,1,189,0,0,0,1,0,0,0,nan,nan,nan,11.586034416518032,14.304594612755864,nan,nan
4019,1,5,5,0,0,1,1,189,0,0,0,1,0,0,0,nan,nan,nan,nan,nan,nan,nan
4020,1,5,5,0,0,1,1,189,0,0,0,1,0,0,0,nan,nan,nan,nan,nan,nan,nan
4021,1,5,5,0,0,1,1,189,0,2,0,1,0,0,0,nan,12.549889427285052,nan,nan,nan,nan,nan
4022,1,5,5,0,0,1,0,190,2,2,0,1,0,0,0,14.743665423542097,nan,nan,nan,nan,nan,13.14143566935627
4023,1,5,5,0,0,1,0,190,2,2,0,1,0,0,0,nan,nan,nan,nan,nan,nan,nan
4024,1,5,5,0,0,1,0,190,2,2,0,1,0,0,0,nan,nan,nan,nan,nan,nan,nan
4025,1,5,5,0,0,1,0,190,2,2,0,1,0,0,0,nan,nan,nan,nan,nan,nan,nan
4026,1,5,5,0,0,1,0,190,2,2,0,1,0,0,0,nan,nan,nan,nan,nan,nan,nan
4027,1,5,5,0,0,0,1,190,0,0,0,0,0,0,0,nan,nan,19.748612022127872,nan,nan,21.988379743838777,nan
4028,1,5,5,0,0,0,1,190,0,0,0,0,0,0,0,nan,nan,nan,nan,nan,nan,nan
4029,1,5,5,0,0,0,1,190,0,0,0,0,0,0,0,nan,nan,nan,nan,nan,nan,nan
4030,1,5,5,0,0,0,1,190,0,0,0,0,0,0,0,nan,nan,nan,nan,nan,nan,nan
4031,1,5,5,0,0,0,1,190,0,0,0,0,0,0,0,nan,nan,nan,nan,nan,nan,nan
4032,1,5,5,0,0,0,1,190,0,0,0,0,0,0,0,nan,nan,nan,nan,nan,nan,nan
4033,1,5,5,0,0,0,1,190,0,0,0,0,0,0,0,nan,nan,nan,nan,nan,nan,nan
4034,1,5,5,0,0,0,1,190,0,0,0,0,0,0,0,nan,nan,nan,nan,nan,nan,nan
4035,1,5,5,0,0,0,1,190,0,0,0,0,0,0,0,nan,nan,nan,nan,nan,nan,nan
4036,1,5,5,0,0,1,1,190,0,0,0,0,1,0,0,nan,nan,nan,nan,18.13975804505617,nan,nan
4037,1,5,5,0,0,1,1,190,0,0,0,1,0,0,0,nan,nan,nan,19.58699398447652,nan,nan,nan
4038,1,5,5,0,0,1,1,190,0,0,0,1,0,0,0,nan,nan,nan,nan,nan,nan,nan
4039,1,5,5,0,0,1,1,190,0,0,0,1,0,0,0,nan,nan,nan,nan,nan,nan,nan
4040,1,5,5,0,0,1,1,190,0,0,0,1,0,0,0,nan,nan,nan,nan,nan,nan,nan
4041,1,5,5,0,0,1,1,190,0,0,0,1,0,0,0,nan,nan,nan,nan,nan,nan,nan
4042,1,5,5,0,0,0,2,190,0,0,0,1,0,0,0,nan,nan,nan,nan,nan,14.934454732609993,nan
4043,1,5,5,0,0,0,1,191,0,0,0,1,0,0,0,nan,nan,nan,nan,nan,nan,20.35924438463644
4044,1,5,4,0,0,0,1,191,2,0,0,0,0,0,0,22.297462894423006,nan,17.695552813599534,nan,nan,nan,nan
4045,1,5,4,0,0,0,1,191,2,0,0,0,0,0,0,nan,nan,nan,nan,nan,nan,nan
4046,1,5,5,0,0,0,1,191,0,0,0,0,0,0,0,nan,25.342220924175763,nan,nan,nan,nan,nan
4047,1,5,5,0,0,0,1,191,0,0,0,0,0,0,0,nan,nan,nan,nan,nan,nan,nan
4048,1,5,5,0,0,0,1,191,0,0,0,0,0,0,0,nan,nan,nan,nan,nan,nan,nan
4049,1,5,5,0,0,0,1,191,0,0,0,0,0,0,0,nan,nan,nan,nan,nan,nan,nan
4050,1,5,5,0,0,0,1,191,0,0,0,0,0,0,0,nan,nan,nan,nan,nan,nan,nan
4051,1,5,5,0,0,0,1,191,0,0,0,0,0,0,0,nan,nan,nan,nan,nan,nan,nan
4052,1,5,5,0,0,0,1,191,0,0,0,0,0,0,0,nan,nan,nan,nan,nan,nan,nan
4053,1,5,5,0,0,0,1,191,0,0,0,0,0,0,0,nan,nan,nan,nan,nan,nan,nan
4054,1,5,5,0,0,0,0,192,0,0,0,0,0,0,0,nan,nan,nan,nan,nan,nan,11.465472240431154
4055,1,5,5,0,0,0,1,192,0,0,0,0,0,1,0,nan,nan,nan,nan,nan,13.52061514379966,nan
4056,1,5,5,0,1,0,1,192,0,0,0,1,0,1,0,nan,nan,nan,19.111649282133385,nan,nan,nan
4057,1,5,5,0,1,0,1,192,0,0,0,1,0,1,0,nan,nan,nan,nan,nan,nan,nan
4058,1,5,5,0,1,0,1,192,2,0,0,1,0,1,0,13.514751242831608,nan,nan,nan,nan,nan,nan
4059,1,5,5,0,1,0,1,192,2,0,0,1,0,1,0,nan,nan,nan,nan,nan,nan,nan
4060,1,5,5,0,1,0,1,192,2,2,0,1,0,1,0,nan,13.58147224731556,nan,nan,nan,nan,nan
4061,1,5,5,0,1,0,1,192,2,2,0,1,0,1,0,nan,nan,nan,nan,nan,nan,nan
4062,1,5,5,0,1,0,1,192,2,2,0,1,0,1,0,nan,nan,nan,nan,nan,nan,nan
4063,1,5,5,0,1,0,1,192,2,2,0,1,0,1,0,nan,nan,nan,nan,nan,nan,nan
4064,1,5,5,0,1,0,1,192,0,0,0,0,0,1,0,nan,nan,19.94268807159642,nan,nan,nan,nan
4065,1,5,5,0,1,0,1,192,0,0,0,0,0,1,0,nan,nan,nan,nan,nan,nan,nan
4066,1,5,5,0,1,0,1,192,0,0,0,0,0,1,0,nan,nan,nan,nan,nan,nan,nan
4067,1,5,5,0,1,0,1,192,0,0,0,0,0,1,0,nan,nan,nan,nan,nan,nan,nan
4068,1,5,5,0,0,0,1,192,0,0,0,0,0,0,0,nan,nan,nan,nan,32.15262767524473,nan,nan
4069,1,5,5,0,0,0,1,192,0,0,0,0,0,0,0,nan,nan,nan,nan,nan,nan,nan
4070,1,5,5,0,0,0,1,192,0,0,0,0,0,0,0,nan,nan,nan,nan,nan,nan,nan
4071,1,5,5,0,0,0,0,193,0,0,0,0,0,0,0,nan,nan,nan,nan,nan,nan,17.104875642732623
4072,1,5,5,0,0,0,0,193,0,0,0,0,0,0,0,nan,nan,nan,nan,nan,nan,nan
4073,1,5,5,0,0,0,0,193,0,0,0,0,0,0,0,nan,nan,nan,nan,nan,nan,nan
4074,1,5,5,0,0,0,0,193,0,0,0,0,0,0,0,nan,nan,nan,nan,nan,nan,nan
4075,1,5,5,0,0,0,0,193,0,0,0,0,0,0,0,nan,nan,nan,nan,nan,nan,nan
4076,1,5,5,0,0,0,0,193,0,0,0,0,0,0,0,nan,nan,nan,nan,nan,nan,nan
4077,1,5,5,0,0,0,0,193,0,0,0,0,0,0,0,nan,nan,nan,nan,nan,nan,nan
4078,1,5,5,0,0,0,0,193,0,0,0,0,0,0,0,nan,nan,nan,nan,nan,nan,nan
4079,1,5,5,0,0,0,0,193,0,0,0,0,0,0,0,nan,nan,nan,nan,nan,nan,nan
4080,1,5,5,0,1,0,0,193,0,0,0,1,0,0,0,nan,nan,nan,23.772867675182624,nan,nan,nan
4081,1,5,5,0,1,0,0,193,0,0,0,1,0,0,0,nan,nan,nan,nan,nan,nan,nan
4082,1,5,5,0,1,0,0,193,0,0,0,1,0,0,0,nan,nan,nan,nan,nan,nan,nan
4083,1,5,5,0,1,0,0,193,0,2,0,1,0,0,0,nan,23.660708397734652,nan,nan,nan,nan,nan
4084,1,5,5,0,1,0,0,193,0,2,0,1,0,0,0,nan,nan,nan,nan,nan,nan,nan
4085,1,5,5,0,1,0,0,193,0,2,0,1,0,0,0,nan,nan,nan,nan,nan,nan,nan
4086,1,5,5,0,0,1,0,193,0,2,0,1,0,0,0,nan,nan,nan,nan,17.87089160001915,nan,nan
4087,1,5,5,0,0,1,0,193,0,2,0,1,0,0,0,nan,nan,nan,nan,nan,nan,nan
4088,1,5,5,0,0,1,0,193,0,2,0,1,0,0,0,nan,nan,nan,nan,nan,nan,nan
4089,1,5,5,0,0,1,0,193,0,2,0,1,0,0,0,nan,nan,nan,nan,nan,nan,nan
4090,1,5,5,0,0,0,1,193,0,2,0,1,0,0,0,nan,nan,nan,nan,nan,34.08965209119151,nan
4091,1,5,5,0,0,0,1,193,0,2,0,1,0,0,0,nan,nan,nan,nan,nan,nan,nan
4092,1,5,5,0,0,0,1,193,0,2,0,1,0,0,0,nan,nan,nan,nan,nan,nan,nan
4093,1,5,5,0,0,0,1,193,0,2,0,1,0,0,0,nan,nan,nan,nan,nan,nan,nan
4094,1,5,5,0,0,0,1,193,2,2,0,1,0,0,0,36.14347358044688,nan,nan,nan,nan,nan,nan
4095,1,5,5,0,0,0,0,194,2,2,0,1,0,0,0,nan,nan,nan,nan,nan,nan,23.924311044055685
4096,1,5,5,0,0,0,0,194,2,2,0,1,0,0,0,nan,nan,nan,nan,nan,nan,nan
4097,1,5,5,0,0,0,0,194,2,2,0,1,0,0,0,nan,nan,nan,nan,nan,nan,nan
4098,1,5,5,0,0,0,0,194,2,2,0,1,0,0,0,nan,nan,nan,nan,nan,nan,nan
4099,1,5,5,0,0,0,0,194,0,0,0,0,0,0,0,nan,nan,34.72962772980236,nan,nan,nan,nan
4100,1,5,5,0,0,0,0,194,0,0,0,0,0,0,0,nan,nan,nan,nan,nan,nan,nan
4101,1,5,5,0,0,1,0,194,0,0,0,0,1,0,0,nan,nan,nan,nan,14.725425893093416,nan,nan
4102,1,5,5,0,0,1,0,194,0,0,0,0,1,0,0,nan,nan,nan,nan,nan,nan,nan
4103,1,5,5,0,0,1,0,194,0,0,0,0,1,0,0,nan,nan,nan,nan,nan,nan,nan
4104,1,5,5,0,0,1,0,194,0,0,0,0,1,0,0,nan,nan,nan,nan,nan,nan,nan
4105,1,5,5,0,0,1,0,194,0,0,0,0,1,0,0,nan,nan,nan,nan,nan,nan,nan
4106,1,5,5,0,0,1,0,194,0,0,0,0,1,0,0,nan,nan,nan,nan,nan,nan,nan
4107,1,5,5,0,0,1,0,194,0,0,0,0,1,0,0,nan,nan,nan,nan,nan,nan,nan
4108,1,5,5,0,0,1,0,195,0,0,0,0,1,0,1,nan,nan,nan,nan,nan,nan,12.994106684167036
4109,1,5,5,0,0,1,0,195,0,0,0,0,1,0,1,nan,nan,nan,nan,nan,nan,nan
4110,1,5,5,0,0,1,0,195,0,2,0,0,1,0,1,nan,26.655770327928167,nan,nan,nan,nan,nan
4111,1,5,5,0,0,1,0,195,0,2,0,0,1,0,1,nan,nan,nan,nan,nan,nan,nan
4112,1,5,5,0,0,1,0,195,0,2,0,0,1,0,1,nan,nan,nan,nan,nan,nan,nan
4113,1,5,5,0,0,1,0,195,0,2,0,0,1,0,1,nan,nan,nan,nan,nan,nan,nan
4114,1,5,5,0,0,1,0,195,0,2,0,0,1,0,1,nan,nan,nan,nan,nan,nan,nan
4115,1,5,5,0,0,1,0,195,0,2,0,0,1,0,1,nan,nan,nan,nan,nan,nan,nan
4116,1,4,5,1,0,1,0,195,0,0,0,0,1,0,1,nan,nan,17.50686640226013,nan,nan,nan,nan
4117,1,4,5,1,0,1,0,195,0,0,0,0,1,0,1,nan,nan,nan,nan,nan,nan,nan
4118,1,4,5,1,0,1,0,195,0,0,0,0,1,0,1,nan,nan,nan,nan,nan,nan,nan
4119,1,4,5,1,0,0,0,195,0,0,0,0,1,0,0,nan,nan,nan,nan,nan,29.243661263367358,nan
4120,1,4,5,1,0,0,0,195,0,0,0,0,1,0,0,nan,nan,nan,nan,nan,nan,nan
4121,1,4,5,1,0,0,0,195,0,0,0,0,1,0,0,nan,nan,nan,nan,nan,nan,nan
4122,1,4,5,1,0,0,0,195,0,0,0,0,1,0,0,nan,nan,nan,nan,nan,nan,nan
4123,1,4,5,1,0,0,0,195,0,0,0,0,1,0,0,nan,nan,nan,nan,nan,nan,nan
4124,1,4,5,1,0,0,0,195,0,0,0,0,1,0,0,nan,nan,nan,nan,nan,nan,nan
4125,1,4,5,0,0,0,0,195,0,0,0,0,0,0,0,nan,nan,nan,45.272612262732764,nan,nan,nan
4126,1,4,5,0,0,0,0,195,0,0,0,0,0,0,0,nan,nan,nan,nan,nan,nan,nan
4127,1,4,5,0,0,0,0,195,0,0,0,0,0,0,0,nan,nan,nan,nan,nan,nan,nan
4128,1,4,5,0,0,0,0,195,0,0,0,0,0,0,0,nan,nan,nan,nan,nan,nan,nan
4129,1,4,5,0,0,0,0,195,0,0,0,0,0,0,0,nan,nan,nan,nan,nan,nan,nan
4130,1,3,5,1,0,0,0,195,0,0,0,0,0,0,0,nan,20.15911390925885,13.50712941707934,nan,nan,nan,nan
4131,1,3,5,1,0,0,0,195,0,0,0,0,0,0,0,nan,nan,nan,nan,nan,nan,nan
4132,1,3,5,1,0,0,0,195,0,0,0,0,0,0,0,nan,nan,nan,nan,nan,nan,nan
4133,1,3,5,1,0,0,0,195,0,0,0,0,0,0,0,nan,nan,nan,nan,nan,nan,nan
4134,1,4,5,1,0,0,1,195,0,0,0,0,0,1,0,40.66267693722375,nan,nan,nan,nan,14.78502777948961,nan
4135,1,4,5,1,0,0,1,195,0,0,0,0,0,1,0,nan,nan,nan,nan,nan,nan,nan
4136,1,4,5,0,0,0,1,195,0,0,0,0,0,0,0,nan,nan,nan,11.186052262068188,35.704567109408345,nan,nan
4137,1,4,5,0,0,0,1,195,0,0,0,0,0,0,0,nan,nan,nan,nan,nan,nan,nan
4138,1,4,5,0,0,0,1,195,0,0,0,0,0,0,0,nan,nan,nan,nan,nan,nan,nan
4139,1,4,5,0,0,0,1,195,0,0,0,0,0,0,0,nan,nan,nan,nan,nan,nan,nan
4140,1,4,5,0,0,0,1,195,0,0,0,0,0,0,0,nan,nan,nan,nan,nan,nan,nan
4141,1,4,5,0,0,0,1,195,0,0,0,0,0,0,0,nan,nan,nan,nan,nan,nan,nan
4142,1,4,5,0,0,0,1,195,0,0,0,0,0,0,0,nan,nan,nan,nan,nan,nan,nan
4143,1,4,5,0,0,0,1,195,0,0,0,0,0,0,0,nan,nan,nan,nan,nan,nan,nan
4144,1,4,5,0,0,0,1,195,0,0,0,0,0,0,0,nan,nan,nan,nan,nan,nan,nan
4145,1,4,5,0,0,0,1,195,0,0,0,0,0,0,0,nan,nan,nan,nan,nan,nan,nan
4146,1,4,5,0,0,1,1,195,0,2,0,0,1,0,0,nan,15.463729392847199,nan,nan,9.882801906815075,nan,nan
4147,1,4,5,0,0,1,1,195,0,2,0,0,1,0,0,nan,nan,nan,nan,nan,nan,nan
4148,1,4,5,0,0,1,0,196,0,2,0,0,1,0,0,nan,nan,nan,nan,nan,nan,39.57124625337383
4149,1,4,5,0,0,1,0,196,0,2,0,0,1,0,0,nan,nan,nan,nan,nan,nan,nan
4150,1,4,5,0,0,0,1,196,0,2,0,0,1,0,0,nan,nan,nan,nan,nan,16.208304838876757,nan
4151,1,4,5,0,0,0,1,196,0,2,0,0,1,0,0,nan,nan,nan,nan,nan,nan,nan
4152,1,4,5,0,0,0,1,196,0,2,0,1,0,0,0,nan,nan,nan,15.334158575094989,nan,nan,nan
4153,1,5,5,0,0,0,1,196,0,2,0,1,0,0,0,18.28067619162448,nan,nan,nan,nan,nan,nan
4154,1,5,5,0,0,0,1,196,0,2,0,1,0,0,0,nan,nan,nan,nan,nan,nan,nan
4155,1,4,5,0,0,0,1,196,0,0,0,0,0,0,0,nan,nan,24.756506681164865,nan,nan,nan,nan
4156,1,4,5,0,0,0,1,196,0,0,0,0,0,0,0,nan,nan,nan,nan,nan,nan,nan
4157,1,4,5,0,0,0,1,196,0,0,0,0,0,0,0,nan,nan,nan,nan,nan,nan,nan
4158,1,4,5,0,0,0,1,196,0,0,0,0,0,0,0,nan,nan,nan,nan,nan,nan,nan
4159,1,4,5,0,0,0,1,196,0,0,0,0,0,0,0,nan,nan,nan,nan,nan,nan,nan
4160,1,4,5,0,0,0,1,196,0,0,0,0,0,0,0,nan,nan,nan,nan,nan,nan,nan
4161,1,4,5,0,0,0,0,197,0,0,0,0,0,0,0,nan,nan,nan,nan,nan,nan,12.791251117027059
4162,1,4,5,0,0,0,0,197,0,0,0,0,0,0,0,nan,nan,nan,nan,nan,nan,nan
4163,1,4,5,0,0,0,1,197,0,0,0,0,0,1,0,nan,nan,nan,nan,nan,13.299901466493793,nan
4164,1,4,5,0,0,0,1,197,0,0,0,0,0,1,0,nan,nan,nan,nan,nan,nan,nan
4165,1,5,5,0,1,0,1,197,0,0,0,1,0,1,0,12.789382751098856,nan,nan,13.073594243307525,nan,nan,nan
4166,1,5,5,0,1,0,1,197,0,0,0,1,0,1,0,nan,nan,nan,nan,nan,nan,nan
4167,1,5,5,0,0,0,1,197,0,0,0,1,0,0,0,nan,nan,nan,nan,20.62280933085549,nan,nan
4168,1,5,5,0,0,0,1,197,0,0,0,1,0,0,0,nan,nan,nan,nan,nan,nan,nan
4169,1,5,5,0,0,0,1,197,0,0,0,1,0,0,0,nan,nan,nan,nan,nan,nan,nan
4170,1,5,5,0,0,0,1,197,0,0,0,1,0,0,0,nan,nan,nan,nan,nan,nan,nan
4171,1,5,5,0,0,0,1,197,0,0,0,1,0,0,0,nan,nan,nan,nan,nan,nan,nan
4172,1,5,5,0,0,0,1,197,0,0,0,1,0,0,0,nan,nan,nan,nan,nan,nan,nan
4173,1,5,5,0,0,0,1,197,0,0,0,1,0,0,0,nan,nan,nan,nan,nan,nan,nan
4174,1,5,5,0,0,0,1,197,0,0,0,1,0,0,0,nan,nan,nan,nan,nan,nan,nan
4175,1,5,5,0,0,0,1,197,0,0,0,1,0,0,0,nan,nan,nan,nan,nan,nan,nan
4176,1,5,4,0,0,0,0,198,0,0,0,0,0,0,0,nan,nan,21.66627546808286,nan,nan,nan,15.198025056934057
4177,1,5,4,0,0,0,0,198,0,0,0,0,0,0,0,nan,nan,nan,nan,nan,nan,nan
4178,1,4,5,0,0,0,0,198,0,0,0,0,0,0,0,nan,32.16847141600647,nan,nan,nan,nan,nan
4179,1,4,5,0,0,0,0,198,0,0,0,0,0,0,0,nan,nan,nan,nan,nan,nan,nan
4180,1,4,5,0,0,0,0,198,0,0,0,0,0,0,0,nan,nan,nan,nan,nan,nan,nan
4181,1,4,5,0,0,0,1,198,0,0,0,0,0,1,0,nan,nan,nan,nan,nan,18.22839433005356,nan
4182,1,4,5,0,0,0,1,198,0,0,0,0,1,0,0,nan,nan,nan,nan,15.366107809248206,nan,nan
4183,1,4,5,0,0,0,1,198,0,0,0,0,1,0,0,nan,nan,nan,nan,nan,nan,nan
4184,1,5,5,0,0,0,1,198,0,0,0,0,1,0,0,18.95143150559852,nan,nan,nan,nan,nan,nan
4185,1,5,5,0,0,0,1,198,0,0,0,0,1,0,0,nan,nan,nan,nan,nan,nan,nan
4186,1,5,5,0,0,0,1,198,0,0,0,0,1,0,0,nan,nan,nan,nan,nan,nan,nan
4187,1,5,5,0,0,0,1,198,0,0,0,0,1,0,0,nan,nan,nan,nan,nan,nan,nan
4188,1,5,5,0,0,0,1,198,0,0,0,1,0,0,0,nan,nan,nan,22.685810332046458,nan,nan,nan
4189,1,5,5,0,0,0,1,198,0,0,0,1,0,0,0,nan,nan,nan,nan,nan,nan,nan
4190,1,5,5,0,0,0,1,198,0,0,0,1,0,0,0,nan,nan,nan,nan,nan,nan,nan
4191,1,5,5,0,0,0,0,199,0,2,0,1,0,0,0,nan,13.278835987191087,nan,nan,nan,nan,15.031581206491865
4192,1,5,5,0,0,0,0,199,0,2,0,1,0,0,0,nan,nan,nan,nan,nan,nan,nan
4193,1,4,5,0,0,0,0,199,0,0,0,0,0,0,0,nan,nan,16.710997575555666,nan,nan,nan,nan
4194,1,4,5,0,0,0,0,199,0,0,0,0,0,0,0,nan,nan,nan,nan,nan,nan,nan
4195,1,4,5,0,0,0,0,199,0,0,0,0,0,0,0,nan,nan,nan,nan,nan,nan,nan
4196,1,4,5,0,0,0,0,199,0,0,0,0,0,0,0,nan,nan,nan,nan,nan,nan,nan
4197,1,5,5,0,0,0,1,199,0,0,0,0,0,1,0,12.481568670955312,nan,nan,nan,nan,15.516952633894107,nan
4198,1,5,5,0,0,0,1,199,0,0,0,0,0,1,0,nan,nan,nan,nan,nan,nan,nan
4199,1,5,5,0,0,0,1,199,0,0,0,0,0,1,0,nan,nan,nan,nan,nan,nan,nan
4200,1,5,5,0,0,0,1,199,0,0,0,0,1,0,0,nan,nan,nan,nan,17.94000853311354,nan,nan
4201,1,5,5,0,0,0,1,199,0,0,0,0,1,0,0,nan,nan,nan,nan,nan,nan,nan
4202,1,5,5,0,0,0,0,200,0,0,0,0,1,0,0,nan,nan,nan,nan,nan,nan,11.630919238964452
4203,1,5,5,0,0,0,0,200,0,0,0,0,1,0,0,nan,nan,nan,nan,nan,nan,nan
4204,1,5,5,0,0,0,0,200,0,0,0,0,1,0,0,nan,nan,nan,nan,nan,nan,nan
4205,1,5,5,0,0,0,0,200,0,0,0,0,1,0,0,nan,nan,nan,nan,nan,nan,nan
4206,1,5,5,0,0,0,0,200,0,0,0,0,1,0,0,nan,nan,nan,nan,nan,nan,nan
4207,1,5,4,1,0,0,0,200,0,0,0,0,1,0,0,nan,nan,14.153121571654992,nan,nan,nan,nan
4208,1,5,4,1,0,0,0,200,0,0,0,0,1,0,0,nan,nan,nan,nan,nan,nan,nan
4209,1,5,4,1,0,0,0,200,0,0,0,0,1,0,0,nan,nan,nan,nan,nan,nan,nan
4210,1,5,4,1,0,0,0,200,0,0,0,0,1,0,0,nan,nan,nan,nan,nan,nan,nan
4211,1,5,4,1,0,0,0,200,0,0,0,0,1,0,0,nan,nan,nan,nan,nan,nan,nan
4212,1,5,4,0,0,0,0,200,0,0,0,0,0,0,0,nan,nan,nan,24.11560876042222,nan,nan,nan
4213,1,5,4,0,0,0,0,200,0,0,0,0,0,0,0,nan,nan,nan,nan,nan,nan,nan
4214,1,5,4,0,0,0,0,201,0,0,0,0,0,0,1,nan,nan,nan,nan,nan,nan,12.000323664296957
4215,1,5,4,0,0,0,0,201,0,0,0,0,0,1,0,nan,nan,nan,nan,nan,18.594764490572743,nan
4216,1,5,4,0,0,0,0,201,0,0,0,0,0,1,0,nan,nan,nan,nan,nan,nan,nan
4217,1,5,4,0,0,0,0,201,0,0,0,0,0,1,0,nan,nan,nan,nan,nan,nan,nan
4218,1,5,4,0,0,0,0,201,0,0,0,0,0,1,0,nan,nan,nan,nan,nan,nan,nan
4219,1,5,4,0,0,0,0,201,0,0,0,0,0,1,0,nan,nan,nan,nan,nan,nan,nan
4220,1,4,5,0,1,0,0,201,0,0,0,1,0,1,0,nan,29.071837262405097,nan,8.825795407854457,nan,nan,nan
4221,1,4,5,0,1,0,0,201,0,0,0,1,0,1,0,nan,nan,nan,nan,nan,nan,nan
4222,1,4,4,0,1,0,0,201,0,0,0,0,0,1,0,nan,nan,14.320835851426637,nan,nan,nan,nan
4223,1,4,4,0,1,0,0,201,0,0,0,0,0,1,0,nan,nan,nan,nan,nan,nan,nan
4224,1,4,4,0,0,0,0,201,0,0,0,0,0,0,0,nan,nan,nan,nan,23.283034155166206,nan,nan
4225,1,4,4,0,0,0,0,201,0,0,0,0,0,0,0,nan,nan,nan,nan,nan,nan,nan
4226,1,5,4,0,0,0,0,201,0,0,0,0,0,0,0,29.044735396213582,nan,nan,nan,nan,nan,nan
4227,1,5,4,0,0,0,0,201,0,0,0,0,0,0,0,nan,nan,nan,nan,nan,nan,nan
4228,1,5,4,0,0,0,0,201,0,0,0,0,0,0,0,nan,nan,nan,nan,nan,nan,nan
4229,1,5,4,0,0,0,0,201,0,0,0,0,0,0,0,nan,nan,nan,nan,nan,nan,nan
4230,1,5,4,0,0,0,0,201,0,0,0,0,0,0,0,nan,nan,nan,nan,nan,nan,nan
4231,1,5,4,0,0,0,0,201,0,0,0,0,0,0,0,nan,nan,nan,nan,nan,nan,nan
4232,1,5,4,0,0,0,0,201,0,0,0,0,0,0,0,nan,nan,nan,nan,nan,nan,nan
4233,1,5,4,0,0,0,0,201,0,0,0,0,0,0,0,nan,nan,nan,nan,nan,nan,nan
4234,1,5,4,0,0,0,0,201,0,0,0,0,0,0,0,nan,nan,nan,nan,nan,nan,nan
4235,1,5,4,0,0,0,0,201,0,0,0,0,0,0,0,nan,nan,nan,nan,nan,nan,nan
4236,1,5,4,0,0,0,1,201,0,0,0,0,0,1,0,nan,nan,nan,nan,nan,20.83949900784046,nan
4237,1,5,4,0,0,0,1,201,0,0,0,0,0,1,0,nan,nan,nan,nan,nan,nan,nan
4238,1,5,4,0,0,0,0,202,0,0,0,0,0,1,0,nan,nan,nan,nan,nan,nan,23.293736060762058
4239,1,4,5,0,0,0,0,202,0,0,0,0,0,1,0,nan,19.102586036972752,nan,nan,nan,nan,nan
4240,1,4,5,0,0,0,0,202,0,0,0,0,0,1,0,nan,nan,nan,nan,nan,nan,nan
4241,1,4,5,0,0,0,0,202,0,0,0,0,0,1,0,nan,nan,nan,nan,nan,nan,nan
4242,1,4,5,0,0,0,0,202,0,0,0,0,0,1,0,nan,nan,nan,nan,nan,nan,nan
4243,1,4,5,0,0,0,0,202,0,0,0,0,0,1,0,nan,nan,nan,nan,nan,nan,nan
4244,1,4,5,0,0,0,0,202,0,0,0,0,0,1,0,nan,nan,nan,nan,nan,nan,nan
4245,1,4,5,0,0,0,0,202,0,0,0,0,0,1,0,nan,nan,nan,nan,nan,nan,nan
4246,1,4,5,0,0,0,0,202,0,0,0,0,0,1,0,nan,nan,nan,nan,nan,nan,nan
4247,1,4,5,0,0,0,0,202,0,0,0,0,0,1,0,nan,nan,nan,nan,nan,nan,nan
4248,1,4,5,0,0,0,0,202,0,0,0,0,0,1,0,nan,nan,nan,nan,nan,nan,nan
4249,1,4,5,0,1,0,0,203,0,0,0,1,0,1,1,nan,nan,nan,28.96053535019928,nan,nan,11.432457865473225
4250,1,4,5,0,1,0,0,203,0,0,0,1,0,1,1,nan,nan,nan,nan,nan,nan,nan
4251,1,4,5,0,1,0,0,203,0,0,0,1,0,1,1,nan,nan,nan,nan,nan,nan,nan
4252,1,4,4,0,1,0,0,203,0,0,0,0,0,1,1,nan,nan,30.334429418388936,nan,nan,nan,nan
4253,1,4,4,0,1,0,0,203,0,0,0,0,0,1,1,nan,nan,nan,nan,nan,nan,nan
4254,1,4,4,0,0,0,0,203,0,0,0,0,0,0,1,nan,nan,nan,nan,30.564756809186292,nan,nan
4255,1,4,4,0,0,0,0,203,0,0,0,0,0,0,1,nan,nan,nan,nan,nan,nan,nan
4256,1,4,4,0,0,0,0,203,0,0,0,0,0,0,1,nan,nan,nan,nan,nan,nan,nan
4257,1,4,4,0,0,0,0,203,0,0,0,0,0,0,1,nan,nan,nan,nan,nan,nan,nan
4258,1,5,4,0,0,0,0,203,0,0,0,0,0,0,1,31.91943259256368,nan,nan,nan,nan,nan,nan
4259,1,5,4,0,0,0,0,203,0,0,0,0,0,0,1,nan,nan,nan,nan,nan,nan,nan
4260,1,5,4,0,0,0,0,203,0,0,0,0,0,0,1,nan,nan,nan,nan,nan,nan,nan
4261,1,5,4,0,0,0,0,203,0,0,0,0,0,0,1,nan,nan,nan,nan,nan,nan,nan
4262,1,5,4,0,0,0,0,203,0,0,0,0,0,0,1,nan,nan,nan,nan,nan,nan,nan
4263,1,4,5,0,1,0,0,203,0,0,0,1,0,0,1,nan,23.534062731412632,nan,13.525536071588249,nan,nan,nan
4264,1,4,5,0,1,0,0,203,0,0,0,1,0,0,1,nan,nan,nan,nan,nan,nan,nan
4265,1,4,5,0,1,0,0,203,0,0,0,1,0,0,1,nan,nan,nan,nan,nan,nan,nan
4266,1,4,5,0,1,0,0,203,0,0,0,1,0,0,1,nan,nan,nan,nan,nan,nan,nan
4267,1,4,5,0,1,0,0,203,0,0,0,1,0,0,1,nan,nan,nan,nan,nan,nan,nan
4268,1,4,5,0,1,0,0,203,0,0,0,1,0,0,1,nan,nan,nan,nan,nan,nan,nan
4269,1,4,5,0,0,1,0,203,0,0,0,1,0,0,1,nan,nan,nan,nan,14.62628017773568,nan,nan
4270,1,4,5,0,0,1,0,203,0,0,0,1,0,0,1,nan,nan,nan,nan,nan,nan,nan
4271,1,4,5,0,0,0,0,203,0,0,0,1,0,0,0,nan,nan,nan,nan,nan,34.42967759658313,nan
4272,1,4,4,0,0,0,0,203,0,0,0,0,0,0,0,nan,nan,20.03106142046363,nan,nan,nan,nan
4273,1,4,4,0,0,0,0,203,0,0,0,0,0,0,0,nan,nan,nan,nan,nan,nan,nan
4274,1,4,4,0,0,0,0,203,0,0,0,0,0,0,0,nan,nan,nan,nan,nan,nan,nan
4275,1,4,4,0,0,0,0,203,0,0,0,0,0,0,0,nan,nan,nan,nan,nan,nan,nan
4276,1,4,4,0,0,0,0,203,0,0,0,0,0,0,0,nan,nan,nan,nan,nan,nan,nan
4277,1,4,4,0,0,0,0,203,0,0,0,0,0,0,0,nan,nan,nan,nan,nan,nan,nan
4278,1,4,4,0,0,0,0,203,0,0,0,0,0,0,0,nan,nan,nan,nan,nan,nan,nan
4279,1,5,4,0,0,0,0,203,0,0,0,0,0,0,0,20.774348769904464,nan,nan,nan,nan,nan,nan
4280,1,5,4,0,0,0,0,203,0,0,0,0,0,0,0,nan,nan,nan,nan,nan,nan,nan
4281,1,5,4,0,0,0,0,203,0,0,0,0,0,0,0,nan,nan,nan,nan,nan,nan,nan
4282,1,5,4,0,0,0,0,203,0,0,0,0,0,0,0,nan,nan,nan,nan,nan,nan,nan
4283,1,5,4,0,0,0,0,203,0,0,0,0,0,0,0,nan,nan,nan,nan,nan,nan,nan
4284,1,4,5,0,0,0,0,203,0,0,0,0,0,0,0,nan,21.608497058435205,nan,nan,nan,nan,nan
4285,1,4,5,0,0,0,0,203,0,0,0,0,0,0,0,nan,nan,nan,nan,nan,nan,nan
4286,1,4,5,0,0,0,1,203,0,0,0,0,1,0,0,nan,nan,nan,nan,17.372940533795372,14.804304527650856,nan
4287,1,4,5,0,0,0,1,203,0,0,0,0,1,0,0,nan,nan,nan,nan,nan,nan,nan
4288,1,4,4,1,0,0,1,203,0,0,0,0,1,0,0,nan,nan,16.511416556763834,nan,nan,nan,nan
4289,1,4,4,1,0,0,1,203,0,0,0,0,1,0,0,nan,nan,nan,nan,nan,nan,nan
4290,1,4,4,1,0,0,1,203,0,0,0,0,1,0,0,nan,nan,nan,nan,nan,nan,nan
4291,1,4,4,1,0,0,1,203,0,0,0,0,1,0,0,nan,nan,nan,nan,nan,nan,nan
4292,1,4,4,0,0,0,1,203,0,0,0,0,0,0,0,nan,nan,nan,29.25615954848763,nan,nan,nan
4293,1,4,4,0,0,0,0,204,0,0,0,0,0,0,0,nan,nan,nan,nan,nan,nan,43.42322762016738
4294,1,4,4,0,0,0,0,204,0,0,0,0,0,0,0,nan,nan,nan,nan,nan,nan,nan
4295,1,4,4,0,0,0,0,204,0,0,0,0,0,0,0,nan,nan,nan,nan,nan,nan,nan
4296,1,4,4,0,0,0,0,204,0,0,0,0,0,0,0,nan,nan,nan,nan,nan,nan,nan
4297,1,4,4,0,0,0,0,204,0,0,0,0,0,0,0,nan,nan,nan,nan,nan,nan,nan
4298,1,5,4,0,0,0,0,204,0,0,0,0,0,0,0,19.22652105989073,nan,nan,nan,nan,nan,nan
4299,1,5,4,0,0,0,0,204,0,0,0,0,0,0,0,nan,nan,nan,nan,nan,nan,nan
4300,1,5,4,0,0,0,0,204,0,0,0,0,0,0,0,nan,nan,nan,nan,nan,nan,nan
4301,1,4,5,0,0,0,0,204,0,0,0,0,0,0,0,nan,16.544512702352222,nan,nan,nan,nan,nan
4302,1,4,5,0,0,0,1,204,0,0,0,0,0,1,0,nan,nan,nan,nan,nan,16.495221411844796,nan
4303,1,4,5,0,0,0,1,204,0,0,0,0,1,0,0,nan,nan,nan,nan,17.333504304167036,nan,nan
4304,1,4,5,0,0,0,1,204,0,0,0,0,1,0,0,nan,nan,nan,nan,nan,nan,nan
4305,1,4,5,0,0,0,0,205,0,0,0,0,1,0,0,nan,nan,nan,nan,nan,nan,12.721026973817061
4306,1,4,5,0,0,0,0,205,0,0,0,0,1,0,0,nan,nan,nan,nan,nan,nan,nan
4307,1,4,5,0,0,0,0,205,0,0,0,0,1,0,0,nan,nan,nan,nan,nan,nan,nan
4308,1,4,5,0,0,0,0,205,0,0,0,0,1,0,0,nan,nan,nan,nan,nan,nan,nan
4309,1,4,5,0,0,0,0,205,0,0,0,0,1,0,0,nan,nan,nan,nan,nan,nan,nan
4310,1,4,5,0,0,0,0,205,0,0,0,0,1,0,0,nan,nan,nan,nan,nan,nan,nan
4311,1,4,5,0,0,0,0,205,0,0,0,0,1,0,0,nan,nan,nan,nan,nan,nan,nan
4312,1,4,5,0,0,0,0,205,0,0,0,1,0,0,0,nan,nan,nan,19.983052211392533,nan,nan,nan
4313,1,4,5,0,0,0,0,205,0,0,0,1,0,0,0,nan,nan,nan,nan,nan,nan,nan
4314,1,4,5,0,0,0,0,205,0,0,0,1,0,0,0,nan,nan,nan,nan,nan,nan,nan
4315,1,4,5,0,0,0,0,205,0,0,0,1,0,0,0,nan,nan,nan,nan,nan,nan,nan
4316,1,4,5,0,0,0,0,205,0,2,0,1,0,0,0,nan,15.583119039529265,nan,nan,nan,nan,nan
4317,1,4,5,0,0,0,0,205,0,2,0,1,0,0,0,nan,nan,nan,nan,nan,nan,nan
4318,1,4,5,0,0,0,0,205,0,2,0,1,0,0,0,nan,nan,nan,nan,nan,nan,nan
4319,1,4,5,0,0,0,0,206,0,2,0,1,0,0,1,nan,nan,nan,nan,nan,nan,13.854914163140165
4320,1,4,5,0,0,0,0,206,0,2,0,1,0,0,1,nan,nan,nan,nan,nan,nan,nan
4321,1,4,5,0,0,0,0,206,0,2,0,1,0,0,1,nan,nan,nan,nan,nan,nan,nan
4322,1,4,5,0,0,0,0,206,0,2,0,1,0,0,1,nan,nan,nan,nan,nan,nan,nan
4323,1,4,5,0,0,0,0,206,0,2,0,1,0,0,1,nan,nan,nan,nan,nan,nan,nan
4324,1,4,5,0,0,0,0,206,0,2,0,1,0,0,1,nan,nan,nan,nan,nan,nan,nan
4325,1,4,5,0,0,0,0,206,0,2,0,1,0,0,1,nan,nan,nan,nan,nan,nan,nan
4326,1,3,5,0,0,1,0,206,0,0,0,0,1,0,1,nan,nan,37.61809366665784,nan,22.218857380935333,nan,nan
4327,1,3,5,0,0,1,0,206,0,0,0,0,1,0,1,nan,nan,nan,nan,nan,nan,nan
4328,1,3,5,0,0,1,0,206,0,0,0,0,1,0,1,nan,nan,nan,nan,nan,nan,nan
4329,1,3,5,0,0,1,0,206,0,0,0,0,1,0,1,nan,nan,nan,nan,nan,nan,nan
4330,1,3,5,0,0,1,0,206,0,0,0,0,1,0,1,nan,nan,nan,nan,nan,nan,nan
4331,1,3,5,0,0,1,0,206,0,0,0,0,1,0,1,nan,nan,nan,nan,nan,nan,nan
4332,1,4,5,0,0,1,0,206,0,0,0,0,1,0,1,34.3814086956354,nan,nan,nan,nan,nan,nan
4333,1,4,5,0,0,1,0,206,0,0,0,0,1,0,1,nan,nan,nan,nan,nan,nan,nan
4334,1,4,5,0,0,1,0,206,0,0,0,0,1,0,1,nan,nan,nan,nan,nan,nan,nan
4335,1,4,5,0,0,1,0,206,0,0,0,1,0,0,1,nan,nan,nan,23.14178742326021,nan,nan,nan
4336,1,4,5,0,0,1,0,206,0,0,0,1,0,0,1,nan,nan,nan,nan,nan,nan,nan
4337,1,4,5,0,0,1,0,206,0,0,0,1,0,0,1,nan,nan,nan,nan,nan,nan,nan
4338,1,4,5,0,0,1,0,206,0,0,0,1,0,0,1,nan,nan,nan,nan,nan,nan,nan
4339,1,4,5,0,0,1,0,206,0,0,0,1,0,0,1,nan,nan,nan,nan,nan,nan,nan
4340,1,4,5,0,0,1,0,206,0,0,0,1,0,0,1,nan,nan,nan,nan,nan,nan,nan
4341,1,4,5,0,0,0,0,206,0,0,0,1,0,0,0,nan,nan,nan,nan,nan,39.28411212095034,nan
4342,1,4,5,0,0,0,0,206,0,0,0,1,0,0,0,nan,nan,nan,nan,nan,nan,nan
4343,1,4,5,0,0,0,0,206,0,0,0,1,0,0,0,nan,nan,nan,nan,nan,nan,nan
4344,1,4,5,0,0,0,0,206,0,0,0,1,0,0,0,nan,nan,nan,nan,nan,nan,nan
4345,1,4,5,0,0,0,0,206,0,2,0,1,0,0,0,nan,28.577826309062402,nan,nan,nan,nan,nan
4346,1,4,5,0,0,0,0,206,0,2,0,1,0,0,0,nan,nan,nan,nan,nan,nan,nan
4347,1,4,5,0,0,0,0,206,0,2,0,1,0,0,0,nan,nan,nan,nan,nan,nan,nan
4348,1,3,5,0,0,1,0,206,0,0,0,0,1,0,0,nan,nan,21.429930044319917,nan,22.266072264221293,nan,nan
4349,1,3,5,0,0,1,0,206,0,0,0,0,1,0,0,nan,nan,nan,nan,nan,nan,nan
4350,1,3,5,0,0,1,0,206,0,0,0,0,1,0,0,nan,nan,nan,nan,nan,nan,nan
4351,1,3,5,0,0,1,0,206,0,0,0,0,1,0,0,nan,nan,nan,nan,nan,nan,nan
4352,1,3,5,0,0,1,0,207,0,0,0,0,1,0,1,nan,nan,nan,nan,nan,nan,32.95084274233159
4353,1,3,5,0,0,1,0,207,0,0,0,0,1,0,1,nan,nan,nan,nan,nan,nan,nan
4354,1,3,5,0,0,1,0,207,0,0,0,0,1,0,1,nan,nan,nan,nan,nan,nan,nan
4355,1,3,5,0,0,1,0,207,0,0,0,0,1,0,1,nan,nan,nan,nan,nan,nan,nan
4356,1,3,5,0,0,1,0,207,0,0,0,0,1,0,1,nan,nan,nan,nan,nan,nan,nan
4357,1,3,5,0,0,0,0,207,0,0,0,0,1,0,0,nan,nan,nan,nan,nan,15.342176111644221,nan
4358,1,3,5,0,0,0,0,207,0,0,0,0,1,0,0,nan,nan,nan,nan,nan,nan,nan
4359,1,3,5,0,0,0,0,207,0,0,0,0,1,0,0,nan,nan,nan,nan,nan,nan,nan
4360,1,3,5,0,0,0,0,207,0,0,0,0,1,0,0,nan,nan,nan,nan,nan,nan,nan
4361,1,4,5,0,0,0,0,207,0,2,0,0,1,0,0,29.021561525646575,15.69260059123826,nan,nan,nan,nan,nan
4362,1,4,5,0,0,0,0,207,0,2,0,0,1,0,0,nan,nan,nan,nan,nan,nan,nan
4363,1,4,5,0,0,0,0,207,0,2,0,0,1,0,0,nan,nan,nan,nan,nan,nan,nan
4364,1,4,5,0,0,0,0,207,0,2,0,0,1,0,0,nan,nan,nan,nan,nan,nan,nan
4365,1,4,5,0,0,0,0,207,0,2,0,0,1,0,0,nan,nan,nan,nan,nan,nan,nan
4366,1,3,5,1,0,0,0,207,0,0,0,0,1,0,0,nan,nan,18.31890015845147,nan,nan,nan,nan
4367,1,3,5,1,0,0,0,207,0,0,0,0,1,0,0,nan,nan,nan,nan,nan,nan,nan
4368,1,3,5,1,0,0,0,207,0,0,0,0,1,0,0,nan,nan,nan,nan,nan,nan,nan
4369,1,3,5,1,0,0,0,207,0,0,0,0,1,0,0,nan,nan,nan,nan,nan,nan,nan
4370,1,3,5,1,0,0,0,207,0,0,0,0,1,0,0,nan,nan,nan,nan,nan,nan,nan
4371,1,3,5,1,0,0,0,207,0,0,0,0,1,0,0,nan,nan,nan,nan,nan,nan,nan
4372,1,3,5,0,0,0,0,208,0,0,0,0,0,0,1,nan,nan,nan,36.49395018633095,nan,nan,19.43728994259891
4373,1,3,5,0,0,0,0,208,0,0,0,0,0,1,0,nan,nan,nan,nan,nan,16.519126359596157,nan
4374,1,3,5,0,0,0,0,208,0,0,0,0,0,1,0,nan,nan,nan,nan,nan,nan,nan
4375,1,3,5,0,0,0,0,208,0,0,0,0,0,1,0,nan,nan,nan,nan,nan,nan,nan
4376,1,3,5,0,0,0,0,208,0,0,0,0,0,1,0,nan,nan,nan,nan,nan,nan,nan
4377,1,3,5,0,0,0,0,208,0,0,0,0,0,1,0,nan,nan,nan,nan,nan,nan,nan
4378,1,3,5,0,0,0,0,208,0,2,0,0,0,1,0,nan,17.357264191721697,nan,nan,nan,nan,nan
4379,1,2,5,1,0,0,0,208,0,0,0,0,0,1,0,nan,nan,13.29790818260426,nan,nan,nan,nan
4380,1,3,5,1,0,0,0,208,0,0,0,0,0,1,0,18.66049148201091,nan,nan,nan,nan,nan,nan
4381,1,3,5,1,0,0,0,208,0,0,0,0,0,1,0,nan,nan,nan,nan,nan,nan,nan
4382,1,3,5,1,0,0,0,208,0,0,0,0,0,1,0,nan,nan,nan,nan,nan,nan,nan
4383,1,3,5,1,0,0,0,208,0,0,0,0,0,1,0,nan,nan,nan,nan,nan,nan,nan
4384,1,3,5,0,1,0,0,209,0,0,0,0,0,1,1,nan,nan,nan,12.00118012808889,nan,nan,12.712977751146354
4385,1,3,5,0,1,0,0,209,0,0,0,0,0,1,1,nan,nan,nan,nan,nan,nan,nan
4386,1,3,5,0,1,0,0,209,0,0,0,0,0,1,1,nan,nan,nan,nan,nan,nan,nan
4387,1,3,5,0,1,0,0,209,0,0,0,0,0,1,1,nan,nan,nan,nan,nan,nan,nan
4388,1,3,5,0,0,0,0,209,0,0,0,0,0,0,1,nan,nan,nan,nan,40.330985010428776,nan,nan
4389,1,3,5,0,0,0,0,209,0,0,0,0,0,0,1,nan,nan,nan,nan,nan,nan,nan
4390,1,3,5,0,0,0,0,209,0,0,0,0,0,0,1,nan,nan,nan,nan,nan,nan,nan
4391,1,3,5,0,0,0,0,209,0,0,0,0,0,0,1,nan,nan,nan,nan,nan,nan,nan
4392,1,3,4,1,0,0,0,209,0,0,0,0,0,0,1,nan,nan,13.131449522887124,nan,nan,nan,nan
4393,1,3,4,1,0,0,0,209,0,0,0,0,0,0,1,nan,nan,nan,nan,nan,nan,nan
4394,1,3,4,1,0,0,0,209,0,0,0,0,0,0,1,nan,nan,nan,nan,nan,nan,nan
4395,1,3,4,1,0,0,0,209,0,0,0,0,0,0,1,nan,nan,nan,nan,nan,nan,nan
4396,1,3,4,1,0,0,0,209,0,0,0,0,0,0,1,nan,nan,nan,nan,nan,nan,nan
4397,1,3,4,1,0,0,0,209,0,0,0,0,0,0,1,nan,nan,nan,nan,nan,nan,nan
4398,1,4,4,1,0,0,0,209,0,0,0,0,0,0,1,18.195132665758138,nan,nan,nan,nan,nan,nan
4399,1,4,4,1,0,0,0,209,0,0,0,0,0,0,1,nan,nan,nan,nan,nan,nan,nan
4400,1,4,4,1,0,0,0,209,0,0,0,0,0,0,1,nan,nan,nan,nan,nan,nan,nan
4401,1,4,4,1,0,0,0,209,0,0,0,0,0,0,1,nan,nan,nan,nan,nan,nan,nan
4402,1,4,4,0,1,0,0,209,0,0,0,0,0,0,1,nan,nan,nan,17.897717368127815,nan,nan,nan
4403,1,4,4,0,1,0,0,209,0,0,0,0,0,0,1,nan,nan,nan,nan,nan,nan,nan
4404,1,4,4,0,1,0,0,209,0,0,0,0,0,0,1,nan,nan,nan,nan,nan,nan,nan
4405,1,4,4,0,0,1,0,209,0,0,0,0,0,0,1,nan,nan,nan,nan,16.23824129910281,nan,nan
4406,1,3,5,0,0,1,0,209,0,0,0,0,0,0,1,nan,27.716079740401256,nan,nan,nan,nan,nan
4407,1,3,5,0,0,1,0,209,0,0,0,0,0,0,1,nan,nan,nan,nan,nan,nan,nan
4408,1,3,5,0,0,0,0,209,0,0,0,0,0,0,0,nan,nan,nan,nan,nan,35.3010205666842,nan
4409,1,3,5,0,0,0,0,209,0,0,0,0,0,0,0,nan,nan,nan,nan,nan,nan,nan
4410,1,3,5,0,0,0,0,209,0,0,0,0,0,0,0,nan,nan,nan,nan,nan,nan,nan
4411,1,3,5,0,0,0,0,209,0,0,0,0,0,0,0,nan,nan,nan,nan,nan,nan,nan
4412,1,3,5,0,0,0,0,209,0,0,0,0,0,0,0,nan,nan,nan,nan,nan,nan,nan
4413,1,3,5,0,0,0,0,209,0,0,0,0,0,0,0,nan,nan,nan,nan,nan,nan,nan
4414,1,3,5,0,0,0,0,209,0,2,0,0,0,0,0,nan,7.8715741814094145,nan,nan,nan,nan,nan
4415,1,3,5,0,0,0,0,209,0,2,0,0,0,0,0,nan,nan,nan,nan,nan,nan,nan
4416,1,3,5,0,0,0,0,209,0,2,0,0,0,0,0,nan,nan,nan,nan,nan,nan,nan
4417,1,3,5,0,0,1,0,209,0,2,0,0,1,0,0,nan,nan,nan,nan,12.082492332543552,nan,nan
4418,1,4,5,0,0,1,0,209,0,2,0,1,0,0,0,19.452066955537703,nan,nan,16.18345448271066,nan,nan,nan
4419,1,4,5,0,0,1,0,209,0,2,0,1,0,0,0,nan,nan,nan,nan,nan,nan,nan
4420,1,4,5,0,0,1,0,209,0,2,0,1,0,0,0,nan,nan,nan,nan,nan,nan,nan
4421,1,4,5,0,0,1,0,209,0,2,0,1,0,0,0,nan,nan,nan,nan,nan,nan,nan
4422,1,4,5,0,0,1,0,210,0,2,0,1,0,0,1,nan,nan,nan,nan,nan,nan,37.61912844408744
4423,1,4,5,0,0,1,0,210,0,2,0,1,0,0,1,nan,nan,nan,nan,nan,nan,nan
4424,1,3,5,0,0,1,0,210,0,0,0,0,0,0,1,nan,nan,32.04480058961326,nan,nan,nan,nan
4425,1,3,5,0,0,1,0,210,0,0,0,0,0,0,1,nan,nan,nan,nan,nan,nan,nan
4426,1,3,5,0,0,1,0,210,0,0,0,0,0,0,1,nan,nan,nan,nan,nan,nan,nan
4427,1,3,5,0,0,1,0,210,0,0,0,0,0,0,1,nan,nan,nan,nan,nan,nan,nan
4428,1,3,5,0,0,1,0,210,0,0,0,0,0,0,1,nan,nan,nan,nan,nan,nan,nan
4429,1,3,5,0,0,1,0,210,0,0,0,0,0,0,1,nan,nan,nan,nan,nan,nan,nan
4430,1,3,5,0,0,1,0,210,0,0,0,0,0,0,1,nan,nan,nan,nan,nan,nan,nan
4431,1,3,5,0,0,0,0,210,0,0,0,0,0,0,0,nan,nan,nan,nan,nan,22.773643179477403,nan
4432,1,3,5,0,0,0,0,210,0,0,0,0,0,0,0,nan,nan,nan,nan,nan,nan,nan
4433,1,3,5,0,0,0,0,210,0,0,0,0,0,0,0,nan,nan,nan,nan,nan,nan,nan
4434,1,4,5,0,0,0,0,210,0,0,0,0,0,0,0,16.15700758904495,nan,nan,nan,nan,nan,nan
4435,1,4,5,0,0,0,0,210,0,0,0,0,0,0,0,nan,nan,nan,nan,nan,nan,nan
4436,1,4,5,0,0,1,0,210,0,0,0,0,1,0,0,nan,nan,nan,nan,19.053657668040614,nan,nan
4437,1,4,5,0,0,1,0,210,0,0,0,0,1,0,0,nan,nan,nan,nan,nan,nan,nan
4438,1,4,5,0,0,1,0,210,0,0,0,0,1,0,0,nan,nan,nan,nan,nan,nan,nan
4439,1,4,5,0,0,1,0,210,0,0,0,0,1,0,0,nan,nan,nan,nan,nan,nan,nan
4440,1,4,5,0,0,1,0,210,0,0,0,0,1,0,0,nan,nan,nan,nan,nan,nan,nan
4441,1,4,5,0,0,1,0,210,0,0,0,0,1,0,0,nan,nan,nan,nan,nan,nan,nan
4442,1,4,5,0,0,1,0,210,0,0,0,0,1,0,0,nan,nan,nan,nan,nan,nan,nan
4443,1,4,5,0,0,1,0,210,0,2,0,1,0,0,0,nan,29.431047220611617,nan,25.40138957861018,nan,nan,nan
4444,1,4,5,0,0,1,0,210,0,2,0,1,0,0,0,nan,nan,nan,nan,nan,nan,nan
4445,1,4,5,0,0,1,0,210,0,2,0,1,0,0,0,nan,nan,nan,nan,nan,nan,nan
4446,1,4,5,0,0,1,0,210,0,2,0,1,0,0,0,nan,nan,nan,nan,nan,nan,nan
4447,1,5,5,0,0,1,0,210,0,2,0,1,0,0,0,12.940034711420594,nan,nan,nan,nan,nan,nan
4448,1,5,5,0,0,1,0,211,0,2,0,1,0,0,1,nan,nan,nan,nan,nan,nan,25.60641445485726
4449,1,4,5,0,0,1,0,211,0,0,0,0,0,0,1,nan,nan,24.238847539019844,nan,nan,nan,nan
4450,1,4,5,0,0,1,0,211,0,0,0,0,0,0,1,nan,nan,nan,nan,nan,nan,nan
4451,1,4,5,0,0,1,0,211,0,0,0,0,0,0,1,nan,nan,nan,nan,nan,nan,nan
4452,1,4,5,0,0,1,0,211,0,0,0,0,0,0,1,nan,nan,nan,nan,nan,nan,nan
4453,1,4,5,0,0,0,0,211,0,0,0,0,0,0,0,nan,nan,nan,nan,nan,21.912561629542324,nan
4454,1,4,5,0,0,0,0,211,0,0,0,0,0,0,0,nan,nan,nan,nan,nan,nan,nan
4455,1,4,5,0,0,0,0,211,0,0,0,0,0,0,0,nan,nan,nan,nan,nan,nan,nan
4456,1,4,5,0,0,0,0,211,0,0,0,0,0,0,0,nan,nan,nan,nan,nan,nan,nan
4457,1,4,5,0,0,0,0,211,0,0,0,0,0,0,0,nan,nan,nan,nan,nan,nan,nan
4458,1,4,5,0,0,0,0,211,0,0,0,0,0,0,0,nan,nan,nan,nan,nan,nan,nan
4459,1,4,5,0,0,0,0,211,0,0,0,0,0,0,0,nan,nan,nan,nan,nan,nan,nan
4460,1,4,5,0,0,0,0,211,0,0,0,0,0,0,0,nan,nan,nan,nan,nan,nan,nan
4461,1,4,5,0,0,0,0,211,0,0,0,0,0,0,0,nan,nan,nan,nan,nan,nan,nan
4462,1,4,5,0,0,0,0,211,0,0,0,0,0,0,0,nan,nan,nan,nan,nan,nan,nan
4463,1,4,5,0,0,0,0,211,0,0,0,0,0,0,0,nan,nan,nan,nan,nan,nan,nan
4464,1,4,5,0,0,0,0,211,0,0,0,0,0,0,0,nan,nan,nan,nan,nan,nan,nan
4465,1,4,5,0,0,0,0,211,0,0,0,0,0,0,0,nan,nan,nan,nan,nan,nan,nan
4466,1,4,5,0,0,0,0,211,0,0,0,0,0,0,0,nan,nan,nan,nan,nan,nan,nan
4467,1,4,5,0,0,0,1,211,0,0,0,0,0,1,0,nan,nan,nan,nan,nan,13.893137050592486,nan
4468,1,4,5,0,0,0,1,211,0,0,0,0,0,1,0,nan,nan,nan,nan,nan,nan,nan
4469,1,4,5,0,0,0,0,212,0,0,0,0,0,1,0,nan,nan,nan,nan,nan,nan,21.204363309670043
4470,1,4,5,0,1,0,0,212,0,2,0,1,0,1,0,nan,27.16129113065199,nan,26.83640608812948,nan,nan,nan
4471,1,4,5,0,0,0,0,212,0,2,0,1,0,0,0,nan,nan,nan,nan,35.54497147064558,nan,nan
4472,1,3,5,0,0,0,0,212,0,0,0,0,0,0,0,nan,nan,23.00835237440333,nan,nan,nan,nan
4473,1,3,5,0,0,0,0,212,0,0,0,0,0,0,0,nan,nan,nan,nan,nan,nan,nan
4474,1,3,5,0,0,0,0,212,0,0,0,0,0,0,0,nan,nan,nan,nan,nan,nan,nan
4475,1,3,5,0,0,0,0,212,0,0,0,0,0,0,0,nan,nan,nan,nan,nan,nan,nan
4476,1,4,5,0,0,0,0,212,0,0,0,0,0,0,0,29.095941605437474,nan,nan,nan,nan,nan,nan
4477,1,4,5,0,0,0,0,212,0,0,0,0,0,0,0,nan,nan,nan,nan,nan,nan,nan
4478,1,4,5,0,0,0,0,212,0,0,0,0,0,0,0,nan,nan,nan,nan,nan,nan,nan
4479,1,4,5,0,0,0,0,212,0,0,0,0,0,0,0,nan,nan,nan,nan,nan,nan,nan
4480,1,4,5,0,0,0,0,212,0,0,0,0,0,0,0,nan,nan,nan,nan,nan,nan,nan
4481,1,4,5,0,0,0,0,212,0,0,0,0,0,0,0,nan,nan,nan,nan,nan,nan,nan
4482,1,4,5,0,0,1,0,212,0,2,0,0,1,0,0,nan,11.781754572105456,nan,nan,11.128090540044468,nan,nan
4483,1,4,5,0,0,1,0,212,0,2,0,0,1,0,0,nan,nan,nan,nan,nan,nan,nan
4484,1,4,5,0,0,1,0,212,0,2,0,0,1,0,0,nan,nan,nan,nan,nan,nan,nan
4485,1,4,5,0,0,1,0,212,0,2,0,0,1,0,0,nan,nan,nan,nan,nan,nan,nan
4486,1,4,5,0,0,1,0,213,0,2,0,0,1,0,1,nan,nan,nan,nan,nan,nan,17.575859620214942
4487,1,4,5,0,0,1,0,213,0,2,0,0,1,0,1,nan,nan,nan,nan,nan,nan,nan
4488,1,4,5,0,0,1,0,213,0,2,0,0,1,0,1,nan,nan,nan,nan,nan,nan,nan
4489,1,4,5,0,0,1,0,213,0,2,0,0,1,0,1,nan,nan,nan,nan,nan,nan,nan
4490,1,4,5,0,0,1,0,213,0,2,0,1,0,0,1,nan,nan,nan,20.21676178790858,nan,nan,nan
4491,1,4,5,0,0,1,0,213,0,2,0,1,0,0,1,nan,nan,nan,nan,nan,nan,nan
4492,1,4,5,0,0,1,0,213,0,2,0,1,0,0,1,nan,nan,nan,nan,nan,nan,nan
4493,1,4,5,0,0,1,0,213,0,2,0,1,0,0,1,nan,nan,nan,nan,nan,nan,nan
4494,1,4,5,0,0,1,0,213,0,2,0,1,0,0,1,nan,nan,nan,nan,nan,nan,nan
4495,1,5,5,0,0,1,0,213,0,2,0,1,0,0,1,19.394846700252856,nan,nan,nan,nan,nan,nan
4496,1,5,5,0,0,1,0,213,0,2,0,1,0,0,1,nan,nan,nan,nan,nan,nan,nan
4497,1,5,5,0,0,1,0,213,0,2,0,1,0,0,1,nan,nan,nan,nan,nan,nan,nan
4498,1,5,5,0,0,1,0,213,0,2,0,1,0,0,1,nan,nan,nan,nan,nan,nan,nan
4499,1,5,5,0,0,0,0,213,0,2,0,1,0,0,0,nan,nan,nan,nan,nan,31.57969464481357,nan
4500,1,5,5,0,0,0,0,213,0,2,0,1,0,0,0,nan,nan,nan,nan,nan,nan,nan
4501,1,5,5,0,0,0,0,213,0,2,0,1,0,0,0,nan,nan,nan,nan,nan,nan,nan
4502,1,4,5,0,0,1,0,213,0,0,0,0,1,0,0,nan,nan,30.825377905924142,nan,19.407250203625154,nan,nan
4503,1,4,5,0,0,1,0,213,0,0,0,0,1,0,0,nan,nan,nan,nan,nan,nan,nan
4504,1,4,5,0,0,1,0,213,0,0,0,0,1,0,0,nan,nan,nan,nan,nan,nan,nan
4505,1,4,5,0,0,1,0,213,0,0,0,0,1,0,0,nan,nan,nan,nan,nan,nan,nan
4506,1,4,5,0,0,1,0,213,0,0,0,0,1,0,0,nan,nan,nan,nan,nan,nan,nan
4507,1,4,5,0,0,1,0,213,0,0,0,0,1,0,0,nan,nan,nan,nan,nan,nan,nan
4508,1,5,5,0,0,1,0,213,0,0,0,0,1,0,0,13.170691104800426,nan,nan,nan,nan,nan,nan
4509,1,5,5,0,0,1,0,213,0,0,0,0,1,0,0,nan,nan,nan,nan,nan,nan,nan
4510,1,5,5,0,0,1,0,213,0,0,0,0,1,0,0,nan,nan,nan,nan,nan,nan,nan
4511,1,5,5,0,0,0,1,213,0,0,0,0,1,0,0,nan,nan,nan,nan,nan,12.237209455757693,nan
4512,1,5,5,0,0,0,1,213,0,0,0,0,1,0,0,nan,nan,nan,nan,nan,nan,nan
4513,1,5,5,0,0,0,1,213,0,0,0,0,1,0,0,nan,nan,nan,nan,nan,nan,nan
4514,1,5,5,0,0,0,1,213,0,0,0,0,1,0,0,nan,nan,nan,nan,nan,nan,nan
4515,1,5,5,0,0,0,1,213,0,0,0,0,1,0,0,nan,nan,nan,nan,nan,nan,nan
4516,1,5,5,0,0,0,1,213,0,0,0,0,1,0,0,nan,nan,nan,nan,nan,nan,nan
4517,1,5,5,0,0,0,1,213,0,0,0,1,0,0,0,nan,nan,nan,26.188195247534168,nan,nan,nan
4518,1,5,4,0,0,0,1,213,2,0,0,0,0,0,0,9.612497930489553,nan,15.955940188881868,nan,nan,nan,nan
4519,1,5,4,0,0,0,1,213,2,0,0,0,0,0,0,nan,nan,nan,nan,nan,nan,nan
4520,1,5,4,0,0,0,1,213,2,0,0,0,0,0,0,nan,nan,nan,nan,nan,nan,nan
4521,1,5,4,0,0,0,1,213,2,0,0,0,0,0,0,nan,nan,nan,nan,nan,nan,nan
4522,1,5,4,0,0,0,1,213,2,0,0,0,0,0,0,nan,nan,nan,nan,nan,nan,nan
4523,1,5,5,0,0,0,1,213,0,0,0,0,0,0,0,nan,40.62413225410819,nan,nan,nan,nan,nan
4524,1,5,5,0,0,0,1,213,0,0,0,0,0,0,0,nan,nan,nan,nan,nan,nan,nan
4525,1,5,5,0,0,0,1,213,0,0,0,0,0,0,0,nan,nan,nan,nan,nan,nan,nan
4526,1,5,5,0,0,0,1,213,0,0,0,0,0,0,0,nan,nan,nan,nan,nan,nan,nan
4527,1,5,5,0,0,0,1,213,0,0,0,0,0,0,0,nan,nan,nan,nan,nan,nan,nan
4528,1,5,5,0,0,0,0,214,0,0,0,0,0,0,0,nan,nan,nan,nan,nan,nan,42.129841125901294
4529,1,5,5,0,0,0,0,214,0,0,0,0,0,0,0,nan,nan,nan,nan,nan,nan,nan
4530,1,5,5,0,0,0,0,214,0,0,0,0,0,0,0,nan,nan,nan,nan,nan,nan,nan
4531,1,5,5,0,0,1,0,214,0,0,0,0,1,0,0,nan,nan,nan,nan,29.63286433300982,nan,nan
4532,1,5,5,0,0,1,0,214,0,0,0,0,1,0,0,nan,nan,nan,nan,nan,nan,nan
4533,1,5,5,0,0,1,0,214,0,0,0,0,1,0,0,nan,nan,nan,nan,nan,nan,nan
4534,1,5,5,0,0,1,0,214,0,0,0,0,1,0,0,nan,nan,nan,nan,nan,nan,nan
4535,1,5,4,1,0,0,1,214,0,0,0,0,1,0,0,nan,nan,16.728234975394116,nan,nan,24.197940759553603,nan
4536,1,5,4,1,0,0,1,214,2,0,0,0,1,0,0,17.64738916670467,nan,nan,nan,nan,nan,nan
4537,1,5,4,1,0,0,1,214,2,0,0,0,1,0,0,nan,nan,nan,nan,nan,nan,nan
4538,1,5,4,1,0,0,1,214,2,0,0,0,1,0,0,nan,nan,nan,nan,nan,nan,nan
4539,1,5,4,1,0,0,1,214,2,0,0,0,1,0,0,nan,nan,nan,nan,nan,nan,nan
4540,1,5,4,1,0,0,1,214,2,0,0,0,1,0,0,nan,nan,nan,nan,nan,nan,nan
4541,1,5,4,1,0,0,1,214,2,0,0,0,1,0,0,nan,nan,nan,nan,nan,nan,nan
4542,1,5,4,1,0,0,1,214,2,0,0,0,1,0,0,nan,nan,nan,nan,nan,nan,nan
4543,1,5,4,1,0,0,1,214,2,0,0,0,1,0,0,nan,nan,nan,nan,nan,nan,nan
4544,1,5,5,1,0,0,1,214,0,0,0,0,1,0,0,nan,21.482188009423226,nan,nan,nan,nan,nan
4545,1,5,5,1,0,0,1,214,0,0,0,0,1,0,0,nan,nan,nan,nan,nan,nan,nan
4546,1,5,5,0,0,0,1,214,0,0,0,0,0,0,0,nan,nan,nan,29.683042092161486,nan,nan,nan
4547,1,5,5,0,0,0,2,214,0,0,0,0,0,1,0,nan,nan,nan,nan,nan,12.34177785801603,nan
4548,1,5,5,0,0,0,2,214,0,0,0,0,0,1,0,nan,nan,nan,nan,nan,nan,nan
4549,1,5,5,0,0,0,2,214,0,0,0,0,0,1,0,nan,nan,nan,nan,nan,nan,nan
4550,1,5,5,0,0,0,2,214,0,0,0,0,0,1,0,nan,nan,nan,nan,nan,nan,nan
4551,1,5,5,0,0,0,2,214,0,0,0,0,0,1,0,nan,nan,nan,nan,nan,nan,nan
4552,1,5,5,0,0,0,2,214,0,0,0,0,0,1,0,nan,nan,nan,nan,nan,nan,nan
4553,1,5,4,1,0,0,2,214,0,0,0,0,0,1,0,nan,nan,18.046195329496186,nan,nan,nan,nan
4554,1,5,4,1,0,0,2,214,0,0,0,0,0,1,0,nan,nan,nan,nan,nan,nan,nan
4555,1,5,4,1,0,0,2,214,0,0,0,0,0,1,0,nan,nan,nan,nan,nan,nan,nan
4556,1,5,4,1,0,0,2,214,0,0,0,0,0,1,0,nan,nan,nan,nan,nan,nan,nan
4557,1,5,4,1,0,0,1,215,0,0,0,0,1,0,0,nan,nan,nan,nan,25.940807026248876,nan,28.991217893310022
4558,1,5,4,1,0,0,1,215,2,0,0,0,1,0,0,22.07167565754935,nan,nan,nan,nan,nan,nan
4559,1,5,4,0,0,0,1,215,2,0,0,0,0,0,0,nan,nan,nan,13.238874151576965,nan,nan,nan
4560,1,5,4,0,0,0,1,215,2,0,0,0,0,0,0,nan,nan,nan,nan,nan,nan,nan
4561,1,5,4,0,0,0,1,215,2,0,0,0,0,0,0,nan,nan,nan,nan,nan,nan,nan
4562,1,5,4,0,0,0,1,215,2,0,0,0,0,0,0,nan,nan,nan,nan,nan,nan,nan
4563,1,5,4,0,0,0,1,215,2,0,0,0,0,0,0,nan,nan,nan,nan,nan,nan,nan
4564,1,5,4,0,0,0,1,215,2,0,0,0,0,0,0,nan,nan,nan,nan,nan,nan,nan
4565,1,5,4,0,0,0,1,215,2,0,0,0,0,0,0,nan,nan,nan,nan,nan,nan,nan
4566,1,5,4,0,0,0,1,215,2,0,0,0,0,0,0,nan,nan,nan,nan,nan,nan,nan
4567,1,5,4,0,0,0,1,215,2,0,0,0,0,0,0,nan,nan,nan,nan,nan,nan,nan
4568,1,5,4,0,0,0,1,215,2,0,0,0,0,0,0,nan,nan,nan,nan,nan,nan,nan
4569,1,5,4,0,0,0,1,215,2,0,0,0,0,0,0,nan,nan,nan,nan,nan,nan,nan
4570,1,5,4,0,0,0,1,215,2,0,0,0,0,0,0,nan,nan,nan,nan,nan,nan,nan
4571,1,5,4,0,0,0,1,215,2,0,0,0,0,0,0,nan,nan,nan,nan,nan,nan,nan
4572,1,5,4,0,0,0,1,215,2,0,0,0,0,0,0,nan,nan,nan,nan,nan,nan,nan
4573,1,5,4,0,0,0,0,216,2,0,0,0,0,0,0,nan,nan,nan,nan,nan,nan,15.613100603447492
4574,1,5,4,0,0,0,1,216,2,0,0,0,0,1,0,nan,nan,nan,nan,nan,26.138128576999407,nan
4575,1,5,4,0,0,0,1,216,2,0,0,0,1,0,0,nan,nan,nan,nan,17.278169824608085,nan,nan
4576,1,5,4,0,0,0,1,216,2,0,0,0,1,0,0,nan,nan,nan,nan,nan,nan,nan
4577,1,5,3,1,0,0,1,216,2,0,0,0,1,0,0,nan,nan,23.742159568871102,nan,nan,nan,nan
4578,1,5,3,1,0,0,1,216,2,0,0,0,1,0,0,nan,nan,nan,nan,nan,nan,nan
4579,1,5,3,1,0,0,1,216,2,0,0,0,1,0,0,nan,nan,nan,nan,nan,nan,nan
4580,1,5,4,1,0,0,1,216,0,0,0,0,1,0,0,nan,35.41476423129643,nan,nan,nan,nan,nan
4581,1,5,4,0,0,0,1,216,0,0,0,0,0,0,0,nan,nan,nan,21.198632038017422,nan,nan,nan
4582,1,5,4,0,0,0,1,216,0,0,0,0,0,0,0,nan,nan,nan,nan,nan,nan,nan
4583,1,5,4,0,0,0,1,216,0,0,0,0,0,0,0,nan,nan,nan,nan,nan,nan,nan
4584,1,5,4,0,0,0,1,216,0,0,0,0,0,0,0,nan,nan,nan,nan,nan,nan,nan
4585,1,5,4,0,0,0,1,216,0,0,0,0,0,0,0,nan,nan,nan,nan,nan,nan,nan
4586,1,5,4,0,0,0,1,216,0,0,0,0,0,0,0,nan,nan,nan,nan,nan,nan,nan
4587,1,5,4,0,0,0,1,216,0,0,0,0,0,0,0,nan,nan,nan,nan,nan,nan,nan
4588,1,5,4,0,0,0,0,217,0,0,0,0,0,0,0,nan,nan,nan,nan,nan,nan,15.425088291231077
4589,1,5,4,0,0,0,0,217,0,0,0,0,0,0,0,nan,nan,nan,nan,nan,nan,nan
4590,1,5,4,0,0,0,0,217,0,0,0,0,0,0,0,nan,nan,nan,nan,nan,nan,nan
4591,1,5,4,0,0,0,0,217,0,0,0,0,0,0,0,nan,nan,nan,nan,nan,nan,nan
4592,1,5,4,0,0,0,0,217,0,0,0,0,0,0,0,nan,nan,nan,nan,nan,nan,nan
4593,1,5,3,1,0,0,0,217,0,0,0,0,0,0,0,nan,nan,16.38123688476753,nan,nan,nan,nan
4594,1,5,3,0,1,0,0,217,0,0,0,0,0,0,0,nan,nan,nan,12.827569529465109,nan,nan,nan
4595,1,5,3,0,1,0,0,217,2,0,0,0,0,0,0,37.20412535353353,nan,nan,nan,nan,nan,nan
4596,1,5,3,0,1,0,0,217,2,0,0,0,0,0,0,nan,nan,nan,nan,nan,nan,nan
4597,1,5,3,0,1,0,0,217,2,0,0,0,0,0,0,nan,nan,nan,nan,nan,nan,nan
4598,1,5,3,0,1,0,0,217,2,0,0,0,0,0,0,nan,nan,nan,nan,nan,nan,nan
4599,1,5,3,0,1,0,1,217,2,0,0,0,0,1,0,nan,nan,nan,nan,nan,25.40468165994571,nan
4600,1,5,3,0,1,0,0,218,2,0,0,0,0,1,0,nan,nan,nan,nan,nan,nan,11.455939114682224
4601,1,5,3,0,1,0,0,218,2,0,0,0,0,1,0,nan,nan,nan,nan,nan,nan,nan
4602,1,5,3,0,1,0,0,218,2,0,0,0,0,1,0,nan,nan,nan,nan,nan,nan,nan
4603,1,5,3,0,0,0,0,218,2,0,0,0,0,0,0,nan,nan,nan,nan,28.483318556269296,nan,nan
4604,1,5,3,0,0,0,0,218,2,0,0,0,0,0,0,nan,nan,nan,nan,nan,nan,nan
4605,1,5,3,0,0,0,0,218,2,0,0,0,0,0,0,nan,nan,nan,nan,nan,nan,nan
4606,1,5,4,0,0,0,0,218,0,0,0,0,0,0,0,nan,26.410744059240642,nan,nan,nan,nan,nan
4607,1,5,4,0,0,0,0,218,0,0,0,0,0,0,0,nan,nan,nan,nan,nan,nan,nan
4608,1,5,4,0,0,0,0,218,0,0,0,0,0,0,0,nan,nan,nan,nan,nan,nan,nan
4609,1,5,4,0,0,0,0,218,0,0,0,0,0,0,0,nan,nan,nan,nan,nan,nan,nan
4610,1,5,4,0,0,0,0,218,0,0,0,0,0,0,0,nan,nan,nan,nan,nan,nan,nan
4611,1,5,4,0,0,0,0,218,0,0,0,0,0,0,0,nan,nan,nan,nan,nan,nan,nan
4612,1,5,4,0,0,0,0,218,0,0,0,0,0,0,0,nan,nan,nan,nan,nan,nan,nan
4613,1,5,4,0,0,0,0,219,0,0,0,0,0,0,1,nan,nan,nan,nan,nan,nan,12.930746646657099
4614,1,5,4,0,0,0,0,219,0,0,0,0,0,0,1,nan,nan,nan,nan,nan,nan,nan
4615,1,5,4,0,0,0,0,219,0,0,0,0,0,0,1,nan,nan,nan,nan,nan,nan,nan
4616,1,5,4,0,0,0,0,219,0,0,0,0,0,0,1,nan,nan,nan,nan,nan,nan,nan
4617,1,5,4,0,0,1,0,219,0,0,0,0,1,0,1,nan,nan,nan,nan,13.63700507460544,nan,nan
4618,1,5,4,0,0,1,0,219,0,0,0,0,1,0,1,nan,nan,nan,nan,nan,nan,nan
4619,1,5,4,0,0,1,0,219,0,0,0,0,1,0,1,nan,nan,nan,nan,nan,nan,nan
4620,1,5,4,0,0,1,0,219,0,0,0,0,1,0,1,nan,nan,nan,nan,nan,nan,nan
4621,1,4,5,0,0,1,0,219,0,0,0,1,0,0,1,nan,15.484911694924449,nan,27.480547033174844,nan,nan,nan
4622,1,4,5,0,0,1,0,219,0,0,0,1,0,0,1,nan,nan,nan,nan,nan,nan,nan
4623,1,4,4,0,0,1,0,219,0,0,0,0,0,0,1,nan,nan,29.69945472676227,nan,nan,nan,nan
4624,1,5,4,0,0,0,0,219,0,0,0,0,0,0,0,29.349602582750776,nan,nan,nan,nan,25.064980064423253,nan
4625,1,5,4,0,0,0,0,219,0,0,0,0,0,0,0,nan,nan,nan,nan,nan,nan,nan
4626,1,5,4,0,0,0,0,219,0,0,0,0,0,0,0,nan,nan,nan,nan,nan,nan,nan
4627,1,5,4,0,0,0,0,219,0,0,0,0,0,0,0,nan,nan,nan,nan,nan,nan,nan
4628,1,5,4,0,0,0,0,219,0,0,0,0,0,0,0,nan,nan,nan,nan,nan,nan,nan
4629,1,5,4,0,0,0,0,219,0,0,0,0,0,0,0,nan,nan,nan,nan,nan,nan,nan
4630,1,5,4,0,0,0,0,219,0,0,0,0,0,0,0,nan,nan,nan,nan,nan,nan,nan
4631,1,5,4,0,0,0,0,219,0,0,0,0,0,0,0,nan,nan,nan,nan,nan,nan,nan
4632,1,5,4,0,0,0,0,219,0,0,0,0,0,0,0,nan,nan,nan,nan,nan,nan,nan
4633,1,5,4,0,0,1,0,220,0,0,0,0,1,0,1,nan,nan,nan,nan,16.396894735182286,nan,20.47927126353352
4634,1,5,4,0,0,1,0,220,0,0,0,0,1,0,1,nan,nan,nan,nan,nan,nan,nan
4635,1,5,4,0,0,1,0,220,0,0,0,0,1,0,1,nan,nan,nan,nan,nan,nan,nan
4636,1,5,4,0,0,1,0,220,0,0,0,0,1,0,1,nan,nan,nan,nan,nan,nan,nan
4637,1,5,3,1,0,1,0,220,0,0,0,0,1,0,1,nan,nan,13.848928600279578,nan,nan,nan,nan
4638,1,5,3,1,0,1,0,220,0,0,0,0,1,0,1,nan,nan,nan,nan,nan,nan,nan
4639,1,5,3,1,0,1,0,220,0,0,0,0,1,0,1,nan,nan,nan,nan,nan,nan,nan
4640,1,5,3,1,0,1,0,220,0,0,0,0,1,0,1,nan,nan,nan,nan,nan,nan,nan
4641,1,5,3,1,0,1,0,220,0,0,0,0,1,0,1,nan,nan,nan,nan,nan,nan,nan
4642,1,5,3,1,0,1,0,220,0,0,0,0,1,0,1,nan,nan,nan,nan,nan,nan,nan
4643,1,5,3,1,0,1,0,220,0,0,0,0,1,0,1,nan,nan,nan,nan,nan,nan,nan
4644,1,4,4,1,0,1,0,220,0,0,0,0,1,0,1,nan,22.08539977257169,nan,nan,nan,nan,nan
4645,1,4,4,1,0,1,0,220,0,0,0,0,1,0,1,nan,nan,nan,nan,nan,nan,nan
4646,1,4,4,1,0,1,0,220,0,0,0,0,1,0,1,nan,nan,nan,nan,nan,nan,nan
4647,1,4,4,1,0,1,0,220,0,0,0,0,1,0,1,nan,nan,nan,nan,nan,nan,nan
4648,1,4,4,1,0,1,0,220,0,0,0,0,1,0,1,nan,nan,nan,nan,nan,nan,nan
4649,1,4,3,2,0,1,0,220,0,0,0,0,1,0,1,nan,nan,12.62684617265404,nan,nan,nan,nan
4650,1,4,3,2,0,1,0,220,0,0,0,0,1,0,1,nan,nan,nan,nan,nan,nan,nan
4651,1,4,3,2,0,1,0,220,0,0,0,0,1,0,1,nan,nan,nan,nan,nan,nan,nan
4652,1,5,3,2,0,1,0,220,0,0,0,0,1,0,1,27.333627415026967,nan,nan,nan,nan,nan,nan
4653,1,5,3,2,0,0,0,220,0,0,0,0,1,0,0,nan,nan,nan,nan,nan,29.271313829176506,nan
4654,1,5,3,1,0,0,0,220,0,0,0,0,0,0,0,nan,nan,nan,32.6002172713288,nan,nan,nan
4655,1,5,3,1,0,0,0,220,0,0,0,0,0,0,0,nan,nan,nan,nan,nan,nan,nan
4656,1,5,3,1,0,0,0,220,0,0,0,0,0,0,0,nan,nan,nan,nan,nan,nan,nan
4657,1,5,3,1,0,0,0,220,0,0,0,0,0,0,0,nan,nan,nan,nan,nan,nan,nan
4658,1,5,3,1,0,0,0,220,0,0,0,0,0,0,0,nan,nan,nan,nan,nan,nan,nan
4659,1,5,3,1,0,0,0,220,0,0,0,0,0,0,0,nan,nan,nan,nan,nan,nan,nan
4660,1,5,3,1,0,0,0,220,0,0,0,0,0,0,0,nan,nan,nan,nan,nan,nan,nan
4661,1,4,4,1,0,0,0,220,0,0,0,0,0,0,0,nan,17.322841547186727,nan,nan,nan,nan,nan
4662,1,5,4,1,0,0,0,220,0,0,0,0,0,0,0,10.711765210144222,nan,nan,nan,nan,nan,nan
4663,1,5,4,1,0,0,0,220,0,0,0,0,0,0,0,nan,nan,nan,nan,nan,nan,nan
4664,1,5,4,1,0,0,0,220,0,0,0,0,0,0,0,nan,nan,nan,nan,nan,nan,nan
4665,1,5,4,1,0,0,0,220,0,0,0,0,0,0,0,nan,nan,nan,nan,nan,nan,nan
4666,1,5,4,1,0,0,0,220,0,0,0,0,0,0,0,nan,nan,nan,nan,nan,nan,nan
4667,1,5,4,1,0,0,0,220,0,0,0,0,0,0,0,nan,nan,nan,nan,nan,nan,nan
4668,1,5,4,1,0,0,0,220,0,0,0,0,0,0,0,nan,nan,nan,nan,nan,nan,nan
4669,1,5,4,1,0,0,0,221,0,0,0,0,0,0,1,nan,nan,nan,nan,nan,nan,36.10369283615273
4670,1,5,4,1,0,0,0,221,0,0,0,0,0,0,1,nan,nan,nan,nan,nan,nan,nan
4671,1,5,4,1,0,1,0,221,0,0,0,0,1,0,1,nan,nan,nan,nan,37.41907437754617,nan,nan
4672,1,5,4,1,0,1,0,221,0,0,0,0,1,0,1,nan,nan,nan,nan,nan,nan,nan
4673,1,4,5,1,0,1,0,221,0,0,0,0,1,0,1,nan,12.62313474164057,nan,nan,nan,nan,nan
4674,1,4,5,1,0,1,0,221,0,0,0,0,1,0,1,nan,nan,nan,nan,nan,nan,nan
4675,1,4,4,2,0,1,0,221,0,0,0,0,1,0,1,nan,nan,25.135435332728775,nan,nan,nan,nan
4676,1,4,4,1,0,1,0,221,0,0,0,0,0,0,1,nan,nan,nan,22.29768963551851,nan,nan,nan
4677,1,4,4,1,0,1,0,221,0,0,0,0,0,0,1,nan,nan,nan,nan,nan,nan,nan
4678,1,4,4,1,0,1,0,221,0,0,0,0,0,0,1,nan,nan,nan,nan,nan,nan,nan
4679,1,4,4,1,0,1,0,221,0,0,0,0,0,0,1,nan,nan,nan,nan,nan,nan,nan
4680,1,4,4,1,0,1,0,221,0,0,0,0,0,0,1,nan,nan,nan,nan,nan,nan,nan
4681,1,4,4,1,0,0,0,221,0,0,0,0,0,0,0,nan,nan,nan,nan,nan,27.47824566734198,nan
4682,1,4,4,1,0,0,0,221,0,0,0,0,0,0,0,nan,nan,nan,nan,nan,nan,nan
4683,1,4,4,1,0,0,0,221,0,0,0,0,0,0,0,nan,nan,nan,nan,nan,nan,nan
4684,1,5,4,1,0,0,0,221,0,0,0,0,0,0,0,21.84191504903447,nan,nan,nan,nan,nan,nan
4685,1,5,4,1,0,0,0,221,0,0,0,0,0,0,0,nan,nan,nan,nan,nan,nan,nan
4686,1,5,4,1,0,0,0,221,0,0,0,0,0,0,0,nan,nan,nan,nan,nan,nan,nan
4687,1,5,4,1,0,0,0,221,0,0,0,0,0,0,0,nan,nan,nan,nan,nan,nan,nan
4688,1,4,5,1,0,0,0,221,0,0,0,0,0,0,0,nan,14.197140905866036,nan,nan,nan,nan,nan
4689,1,4,5,1,0,1,0,221,0,0,0,0,1,0,0,nan,nan,nan,nan,18.082588155103622,nan,nan
4690,1,4,5,1,0,1,0,221,0,0,0,0,1,0,0,nan,nan,nan,nan,nan,nan,nan
4691,1,4,4,2,0,1,0,221,0,0,0,0,1,0,0,nan,nan,16.944850334774856,nan,nan,nan,nan
4692,1,4,4,2,0,1,0,221,0,0,0,0,1,0,0,nan,nan,nan,nan,nan,nan,nan
4693,1,4,4,2,0,1,0,221,0,0,0,0,1,0,0,nan,nan,nan,nan,nan,nan,nan
4694,1,4,4,2,0,1,0,221,0,0,0,0,1,0,0,nan,nan,nan,nan,nan,nan,nan
4695,1,5,4,2,0,0,1,221,0,0,0,0,1,0,0,10.65107159488889,nan,nan,nan,nan,14.531446403975679,nan
4696,1,5,4,2,0,0,0,222,0,0,0,0,1,0,0,nan,nan,nan,nan,nan,nan,26.71645687104774
4697,1,5,4,2,0,0,0,222,0,0,0,0,1,0,0,nan,nan,nan,nan,nan,nan,nan
4698,1,5,4,1,0,0,0,222,0,0,0,0,0,0,0,nan,nan,nan,22.082217566688087,nan,nan,nan
4699,1,5,4,1,0,0,0,222,0,0,0,0,0,0,0,nan,nan,nan,nan,nan,nan,nan
4700,1,5,4,1,0,0,0,222,0,0,0,0,0,0,0,nan,nan,nan,nan,nan,nan,nan
4701,1,5,4,1,0,0,0,222,0,0,0,0,0,0,0,nan,nan,nan,nan,nan,nan,nan
4702,1,5,4,1,0,0,0,222,0,0,0,0,0,0,0,nan,nan,nan,nan,nan,nan,nan
4703,1,5,4,1,0,0,0,222,0,0,0,0,0,0,0,nan,nan,nan,nan,nan,nan,nan
4704,1,5,3,2,0,0,0,222,0,0,0,0,0,0,0,nan,nan,12.376496717713053,nan,nan,nan,nan
4705,1,5,3,2,0,0,0,222,0,0,0,0,0,0,0,nan,nan,nan,nan,nan,nan,nan
4706,1,5,3,2,0,0,0,222,2,0,0,0,0,0,0,10.925297209887503,nan,nan,nan,nan,nan,nan
4707,1,5,3,2,0,0,0,223,2,0,0,0,0,0,1,nan,nan,nan,nan,nan,nan,10.852009005319815
4708,1,5,3,2,0,0,0,223,2,0,0,0,0,0,1,nan,nan,nan,nan,nan,nan,nan
4709,1,5,3,2,0,0,0,223,2,0,0,0,0,0,1,nan,nan,nan,nan,nan,nan,nan
4710,1,5,3,2,0,0,0,223,2,0,0,0,0,0,1,nan,nan,nan,nan,nan,nan,nan
4711,1,5,3,2,0,0,0,223,2,0,0,0,0,0,1,nan,nan,nan,nan,nan,nan,nan
4712,1,5,3,1,1,0,0,223,2,0,0,0,0,0,1,nan,nan,nan,14.444908641521579,nan,nan,nan
4713,1,5,3,1,1,0,0,223,2,0,0,0,0,0,1,nan,nan,nan,nan,nan,nan,nan
4714,1,5,3,1,1,0,0,223,2,0,0,0,0,0,1,nan,nan,nan,nan,nan,nan,nan
4715,1,5,4,1,1,0,0,223,0,0,0,0,0,0,1,nan,27.687043323066973,nan,nan,nan,nan,nan
4716,1,5,4,1,0,1,0,223,0,0,0,0,0,0,1,nan,nan,nan,nan,27.849306281752433,nan,nan
4717,1,5,4,1,0,1,0,223,0,0,0,0,0,0,1,nan,nan,nan,nan,nan,nan,nan
4718,1,5,4,1,0,1,0,223,0,0,0,0,0,0,1,nan,nan,nan,nan,nan,nan,nan
4719,1,5,4,1,0,1,0,223,0,0,0,0,0,0,1,nan,nan,nan,nan,nan,nan,nan
4720,1,5,4,1,0,1,0,223,0,0,0,0,0,0,1,nan,nan,nan,nan,nan,nan,nan
4721,1,5,4,1,0,0,0,223,0,0,0,0,0,0,0,nan,nan,nan,nan,nan,25.738577673294458,nan
4722,1,5,4,1,0,0,0,223,0,0,0,0,0,0,0,nan,nan,nan,nan,nan,nan,nan
4723,1,5,3,2,0,0,0,223,0,0,0,0,0,0,0,nan,nan,19.570816480739268,nan,nan,nan,nan
4724,1,5,3,1,1,0,0,223,0,0,0,0,0,0,0,nan,nan,nan,11.585854112310699,nan,nan,nan
4725,1,5,3,1,1,0,0,223,0,0,0,0,0,0,0,nan,nan,nan,nan,nan,nan,nan
4726,1,5,3,1,1,0,0,223,0,0,0,0,0,0,0,nan,nan,nan,nan,nan,nan,nan
4727,1,5,3,1,1,0,0,223,0,0,0,0,0,0,0,nan,nan,nan,nan,nan,nan,nan
4728,1,5,3,1,0,1,0,223,0,0,0,0,0,0,0,nan,nan,nan,nan,11.99335393632009,nan,nan
4729,1,5,3,1,0,1,0,223,0,0,0,0,0,0,0,nan,nan,nan,nan,nan,nan,nan
4730,1,4,4,1,0,1,0,223,0,0,0,0,0,0,0,nan,14.768888565782618,nan,nan,nan,nan,nan
4731,1,4,4,1,0,1,0,223,0,0,0,0,0,0,0,nan,nan,nan,nan,nan,nan,nan
4732,1,4,4,1,0,1,0,223,0,0,0,0,0,0,0,nan,nan,nan,nan,nan,nan,nan
4733,1,5,4,1,0,1,0,223,0,0,0,0,0,0,0,27.423194907358265,nan,nan,nan,nan,nan,nan
4734,1,5,4,1,0,1,0,223,0,0,0,0,0,0,0,nan,nan,nan,nan,nan,nan,nan
4735,1,5,4,1,0,1,0,223,0,0,0,0,0,0,0,nan,nan,nan,nan,nan,nan,nan
4736,1,5,4,1,0,1,0,223,0,0,0,0,0,0,0,nan,nan,nan,nan,nan,nan,nan
4737,1,5,4,1,0,1,0,223,0,0,0,0,0,0,0,nan,nan,nan,nan,nan,nan,nan
4738,1,5,4,1,0,1,0,223,0,0,0,0,0,0,0,nan,nan,nan,nan,nan,nan,nan
4739,1,5,4,1,0,1,0,224,0,0,0,0,0,0,1,nan,nan,nan,nan,nan,nan,32.00794563087493
4740,1,5,4,1,0,1,0,224,0,0,0,0,0,0,1,nan,nan,nan,nan,nan,nan,nan
4741,1,5,4,1,0,1,0,224,0,0,0,0,0,0,1,nan,nan,nan,nan,nan,nan,nan
4742,1,5,4,1,0,1,0,224,0,0,0,0,0,0,1,nan,nan,nan,nan,nan,nan,nan
4743,1,5,4,1,0,1,0,224,0,0,0,0,0,0,1,nan,nan,nan,nan,nan,nan,nan
4744,1,5,4,1,0,1,0,224,0,0,0,0,0,0,1,nan,nan,nan,nan,nan,nan,nan
4745,1,5,4,1,0,1,0,224,0,0,0,0,0,0,1,nan,nan,nan,nan,nan,nan,nan
4746,1,4,5,0,1,1,0,224,0,0,0,0,0,0,1,nan,15.581292643262714,nan,22.203989753482347,nan,nan,nan
4747,1,4,5,0,1,1,0,224,0,0,0,0,0,0,1,nan,nan,nan,nan,nan,nan,nan
4748,1,5,5,0,1,1,0,224,0,0,0,0,0,0,1,15.25927252298061,nan,nan,nan,nan,nan,nan
4749,1,5,5,0,1,1,0,224,0,0,0,0,0,0,1,nan,nan,nan,nan,nan,nan,nan
4750,1,5,4,1,1,1,0,224,0,0,0,0,0,0,1,nan,nan,26.348492829479255,nan,nan,nan,nan
4751,1,5,4,1,1,1,0,224,0,0,0,0,0,0,1,nan,nan,nan,nan,nan,nan,nan
4752,1,5,4,1,0,2,0,224,0,0,0,0,0,0,1,nan,nan,nan,nan,23.532100564276334,nan,nan
4753,1,5,4,1,0,2,0,224,0,0,0,0,0,0,1,nan,nan,nan,nan,nan,nan,nan
4754,1,5,4,1,0,2,0,224,0,0,0,0,0,0,1,nan,nan,nan,nan,nan,nan,nan
4755,1,5,4,1,0,2,0,224,0,0,0,0,0,0,1,nan,nan,nan,nan,nan,nan,nan
4756,1,5,4,1,0,2,0,224,0,0,0,0,0,0,1,nan,nan,nan,nan,nan,nan,nan
4757,1,5,4,1,0,2,0,224,0,0,0,0,0,0,1,nan,nan,nan,nan,nan,nan,nan
4758,1,5,4,1,0,2,0,224,0,0,0,0,0,0,1,nan,nan,nan,nan,nan,nan,nan
4759,1,5,4,1,0,2,0,224,0,0,0,0,0,0,1,nan,nan,nan,nan,nan,nan,nan
4760,1,5,4,0,1,1,0,224,2,0,0,0,0,0,0,11.375344014399161,nan,nan,13.72261679319854,nan,39.29857578332303,nan
4761,1,5,4,0,1,1,0,224,2,0,0,0,0,0,0,nan,nan,nan,nan,nan,nan,nan
4762,1,5,4,0,1,1,0,224,2,0,0,0,0,0,0,nan,nan,nan,nan,nan,nan,nan
4763,1,5,4,0,1,1,0,224,2,0,0,0,0,0,0,nan,nan,nan,nan,nan,nan,nan
4764,1,5,4,0,1,1,0,224,2,0,0,0,0,0,0,nan,nan,nan,nan,nan,nan,nan
4765,1,5,4,0,1,1,0,224,2,0,0,0,0,0,0,nan,nan,nan,nan,nan,nan,nan
4766,1,5,4,0,1,1,0,224,2,0,0,0,0,0,0,nan,nan,nan,nan,nan,nan,nan
4767,1,5,4,0,1,1,0,224,2,0,0,0,0,0,0,nan,nan,nan,nan,nan,nan,nan
4768,1,5,4,0,1,1,0,224,2,0,0,0,0,0,0,nan,nan,nan,nan,nan,nan,nan
4769,1,5,5,0,1,1,0,224,0,0,0,0,0,0,0,nan,23.229472672417614,nan,nan,nan,nan,nan
4770,1,5,5,0,1,1,0,224,0,0,0,0,0,0,0,nan,nan,nan,nan,nan,nan,nan
4771,1,5,5,0,1,1,0,224,0,0,0,0,0,0,0,nan,nan,nan,nan,nan,nan,nan
4772,1,5,4,1,1,1,0,224,0,0,0,0,0,0,0,nan,nan,22.56635693681892,nan,nan,nan,nan
4773,1,5,4,1,1,1,0,224,0,0,0,0,0,0,0,nan,nan,nan,nan,nan,nan,nan
4774,1,5,4,1,0,2,0,224,0,0,0,0,0,0,0,nan,nan,nan,nan,22.33377581267996,nan,nan
4775,1,5,4,1,0,2,0,224,0,0,0,0,0,0,0,nan,nan,nan,nan,nan,nan,nan
4776,1,5,4,1,0,2,0,224,0,0,0,0,0,0,0,nan,nan,nan,nan,nan,nan,nan
4777,1,5,4,1,0,2,0,224,0,0,0,0,0,0,0,nan,nan,nan,nan,nan,nan,nan
4778,1,5,4,1,0,2,0,224,0,0,0,0,0,0,0,nan,nan,nan,nan,nan,nan,nan
4779,1,5,4,1,0,2,0,224,0,0,0,0,0,0,0,nan,nan,nan,nan,nan,nan,nan
4780,1,5,4,1,0,2,0,224,0,0,0,0,0,0,0,nan,nan,nan,nan,nan,nan,nan
4781,1,5,4,0,1,1,1,224,0,0,0,0,0,0,0,nan,nan,nan,20.72113310932582,nan,20.217790806926132,nan
4782,1,5,4,0,1,1,1,224,0,0,0,0,0,0,0,nan,nan,nan,nan,nan,nan,nan
4783,1,5,4,0,1,1,1,224,0,0,0,0,0,0,0,nan,nan,nan,nan,nan,nan,nan
4784,1,5,4,0,1,1,1,224,0,0,0,0,0,0,0,nan,nan,nan,nan,nan,nan,nan
4785,1,5,4,0,1,1,0,225,0,0,0,0,0,0,0,nan,nan,nan,nan,nan,nan,46.38187170392939
4786,1,5,4,0,1,1,0,225,0,0,0,0,0,0,0,nan,nan,nan,nan,nan,nan,nan
4787,1,5,4,0,1,1,0,225,0,0,0,0,0,0,0,nan,nan,nan,nan,nan,nan,nan
4788,1,5,4,0,1,1,0,225,0,0,0,0,0,0,0,nan,nan,nan,nan,nan,nan,nan
4789,1,4,5,0,1,1,0,225,0,0,0,0,0,0,0,nan,20.25521514371212,nan,nan,nan,nan,nan
4790,1,5,5,0,1,1,0,225,0,0,0,0,0,0,0,30.506329873627692,nan,nan,nan,nan,nan,nan
4791,1,5,5,0,1,1,0,225,0,0,0,0,0,0,0,nan,nan,nan,nan,nan,nan,nan
4792,1,5,4,1,1,1,0,225,0,0,0,0,0,0,0,nan,nan,19.72715997424075,nan,nan,nan,nan
4793,1,5,4,1,1,1,0,225,0,0,0,0,0,0,0,nan,nan,nan,nan,nan,nan,nan
4794,1,5,4,0,2,1,0,225,0,0,0,0,0,0,0,nan,nan,nan,13.367746919774618,nan,nan,nan
4795,1,5,4,0,1,2,0,225,0,0,0,0,0,0,0,nan,nan,nan,nan,21.01922968240524,nan,nan
4796,1,5,4,0,1,2,0,225,0,0,0,0,0,0,0,nan,nan,nan,nan,nan,nan,nan
4797,1,5,4,0,1,2,0,225,0,0,0,0,0,0,0,nan,nan,nan,nan,nan,nan,nan
4798,1,5,4,0,1,2,0,225,0,0,0,0,0,0,0,nan,nan,nan,nan,nan,nan,nan
4799,1,5,4,0,1,2,0,225,0,0,0,0,0,0,0,nan,nan,nan,nan,nan,nan,nan
4800,1,5,4,0,1,2,0,225,0,0,0,0,0,0,0,nan,nan,nan,nan,nan,nan,nan
4801,1,5,4,0,1,1,1,225,0,0,0,0,0,0,0,nan,nan,nan,nan,nan,20.705763243669026,nan
4802,1,5,4,0,1,1,1,225,0,0,0,0,0,0,0,nan,nan,nan,nan,nan,nan,nan
4803,1,5,4,0,1,1,1,225,0,0,0,0,0,0,0,nan,nan,nan,nan,nan,nan,nan
4804,1,5,4,0,1,1,1,225,0,0,0,0,0,0,0,nan,nan,nan,nan,nan,nan,nan
4805,1,5,4,0,1,1,1,225,2,0,0,0,0,0,0,15.217945254500592,nan,nan,nan,nan,nan,nan
4806,1,5,4,0,2,1,1,225,2,0,0,1,0,0,0,nan,nan,nan,12.26589892087577,nan,nan,nan
4807,1,5,4,0,2,1,1,225,2,0,0,1,0,0,0,nan,nan,nan,nan,nan,nan,nan
4808,1,5,3,0,2,1,1,225,2,0,0,0,0,0,0,nan,nan,15.923484189715964,nan,nan,nan,nan
4809,1,5,3,0,1,2,1,225,2,0,0,0,0,0,0,nan,nan,nan,nan,13.48438578081732,nan,nan
4810,1,5,3,0,1,2,1,225,2,0,0,0,0,0,0,nan,nan,nan,nan,nan,nan,nan
4811,1,5,3,0,1,2,1,225,2,0,0,0,0,0,0,nan,nan,nan,nan,nan,nan,nan
4812,1,5,3,0,1,2,1,225,2,0,0,0,0,0,0,nan,nan,nan,nan,nan,nan,nan
4813,1,5,3,0,1,2,1,225,2,0,0,0,0,0,0,nan,nan,nan,nan,nan,nan,nan
4814,1,5,3,0,1,2,1,225,2,0,0,0,0,0,0,nan,nan,nan,nan,nan,nan,nan
4815,1,5,3,0,1,2,1,225,2,0,0,0,0,0,0,nan,nan,nan,nan,nan,nan,nan
4816,1,5,4,0,1,2,1,225,0,0,0,0,0,0,0,nan,27.14490124934491,nan,nan,nan,nan,nan
4817,1,5,4,0,1,2,0,226,0,0,0,0,0,0,0,nan,nan,nan,nan,nan,nan,32.08870788589775
4818,1,5,4,0,1,2,0,226,0,0,0,0,0,0,0,nan,nan,nan,nan,nan,nan,nan
4819,1,5,4,0,1,2,0,226,0,0,0,0,0,0,0,nan,nan,nan,nan,nan,nan,nan
4820,1,5,4,0,1,2,0,226,0,0,0,0,0,0,0,nan,nan,nan,nan,nan,nan,nan
4821,1,5,4,0,1,1,1,226,0,0,0,0,0,0,0,nan,nan,nan,nan,nan,20.14953749717006,nan
4822,1,5,4,0,1,1,1,226,0,0,0,0,0,0,0,nan,nan,nan,nan,nan,nan,nan
4823,1,5,4,0,1,1,1,226,0,0,0,0,0,0,0,nan,nan,nan,nan,nan,nan,nan
4824,1,5,4,0,1,1,1,226,0,0,0,0,0,0,0,nan,nan,nan,nan,nan,nan,nan
4825,1,5,4,0,2,1,1,226,0,0,0,1,0,0,0,nan,nan,nan,18.554272036908515,nan,nan,nan
4826,1,5,4,0,2,1,1,226,0,0,0,1,0,0,0,nan,nan,nan,nan,nan,nan,nan
4827,1,5,4,0,2,1,1,226,0,0,0,1,0,0,0,nan,nan,nan,nan,nan,nan,nan
4828,1,5,4,0,2,1,1,226,0,0,0,1,0,0,0,nan,nan,nan,nan,nan,nan,nan
4829,1,5,4,0,1,2,1,226,0,0,0,1,0,0,0,nan,nan,nan,nan,20.604007654707857,nan,nan
4830,1,5,4,0,1,2,1,226,0,0,0,1,0,0,0,nan,nan,nan,nan,nan,nan,nan
4831,1,5,3,0,1,2,1,226,0,0,0,0,0,0,0,nan,nan,23.2899441462514,nan,nan,nan,nan
4832,1,5,3,0,1,2,1,226,0,0,0,0,0,0,0,nan,nan,nan,nan,nan,nan,nan
4833,1,5,3,0,1,2,1,226,0,0,0,0,0,0,0,nan,nan,nan,nan,nan,nan,nan
4834,1,5,3,0,1,2,1,226,0,0,0,0,0,0,0,nan,nan,nan,nan,nan,nan,nan
4835,1,5,3,0,1,2,1,226,2,0,0,0,0,0,0,29.96376693888942,nan,nan,nan,nan,nan,nan
4836,1,5,3,0,1,2,1,226,2,0,0,0,0,0,0,nan,nan,nan,nan,nan,nan,nan
4837,1,5,3,0,1,2,1,226,2,0,0,0,0,0,0,nan,nan,nan,nan,nan,nan,nan
4838,1,5,3,0,1,1,2,226,2,0,0,0,0,0,0,nan,nan,nan,nan,nan,16.5986441355808,nan
4839,1,5,3,0,1,1,2,226,2,0,0,0,0,0,0,nan,nan,nan,nan,nan,nan,nan
4840,1,5,3,0,1,1,2,226,2,0,0,0,0,0,0,nan,nan,nan,nan,nan,nan,nan
4841,1,5,3,0,1,1,2,226,2,0,0,0,0,0,0,nan,nan,nan,nan,nan,nan,nan
4842,1,5,3,0,1,1,2,226,2,0,0,0,0,0,0,nan,nan,nan,nan,nan,nan,nan
4843,1,5,3,0,1,1,2,226,2,0,0,0,0,0,0,nan,nan,nan,nan,nan,nan,nan
4844,1,5,4,0,1,1,1,227,0,0,0,0,0,0,0,nan,28.105179032249907,nan,nan,nan,nan,27.005862417960998
4845,1,5,3,1,1,1,1,227,0,0,0,0,0,0,0,nan,nan,14.208548999544291,nan,nan,nan,nan
4846,1,5,3,1,1,1,1,227,0,0,0,0,0,0,0,nan,nan,nan,nan,nan,nan,nan
4847,1,5,3,1,1,1,1,227,0,0,0,0,0,0,0,nan,nan,nan,nan,nan,nan,nan
4848,1,5,3,1,1,1,1,227,0,0,0,0,0,0,0,nan,nan,nan,nan,nan,nan,nan
4849,1,5,3,1,0,2,1,227,0,0,0,0,0,0,0,nan,nan,nan,nan,19.69555506359302,nan,nan
4850,1,5,3,1,0,2,1,227,0,0,0,0,0,0,0,nan,nan,nan,nan,nan,nan,nan
4851,1,5,3,1,0,2,1,227,0,0,0,0,0,0,0,nan,nan,nan,nan,nan,nan,nan
4852,1,5,3,1,0,2,1,227,0,0,0,0,0,0,0,nan,nan,nan,nan,nan,nan,nan
4853,1,5,3,1,0,2,1,227,0,0,0,0,0,0,0,nan,nan,nan,nan,nan,nan,nan
4854,1,5,3,1,0,2,1,227,0,0,0,0,0,0,0,nan,nan,nan,nan,nan,nan,nan
4855,1,5,3,1,0,1,2,227,0,0,0,0,0,0,0,nan,nan,nan,nan,nan,17.183064774239938,nan
4856,1,5,3,0,1,1,2,227,0,0,0,0,0,0,0,nan,nan,nan,30.75686411831066,nan,nan,nan
4857,1,5,3,0,1,1,2,227,0,0,0,0,0,0,0,nan,nan,nan,nan,nan,nan,nan
4858,1,5,3,0,1,1,2,227,0,0,0,0,0,0,0,nan,nan,nan,nan,nan,nan,nan
4859,1,5,3,0,1,1,2,227,0,0,0,0,0,0,0,nan,nan,nan,nan,nan,nan,nan
4860,1,5,3,0,1,1,2,227,0,0,0,0,0,0,0,nan,nan,nan,nan,nan,nan,nan
4861,1,5,3,0,1,1,2,227,2,0,0,0,0,0,0,25.186619976360817,nan,nan,nan,nan,nan,nan
4862,1,5,4,0,1,1,2,227,0,0,0,0,0,0,0,nan,17.71598655746402,nan,nan,nan,nan,nan
4863,1,5,4,0,1,1,1,228,0,0,0,0,0,0,0,nan,nan,nan,nan,nan,nan,18.753446740392064
4864,1,5,4,0,1,1,1,228,0,0,0,0,0,0,0,nan,nan,nan,nan,nan,nan,nan
4865,1,5,4,0,1,1,1,228,0,0,0,0,0,0,0,nan,nan,nan,nan,nan,nan,nan
4866,1,5,4,0,1,1,1,228,0,0,0,0,0,0,0,nan,nan,nan,nan,nan,nan,nan
4867,1,5,4,0,1,1,1,228,0,0,0,0,0,0,0,nan,nan,nan,nan,nan,nan,nan
4868,1,5,4,0,0,1,2,228,0,0,0,0,0,0,0,nan,nan,nan,nan,18.775747478321136,12.771198759383878,nan
4869,1,5,4,0,1,1,2,228,0,0,0,1,0,0,0,nan,nan,nan,12.978540618401894,nan,nan,nan
4870,1,5,4,0,1,1,2,228,0,0,0,1,0,0,0,nan,nan,nan,nan,nan,nan,nan
4871,1,5,4,0,1,1,2,228,0,0,0,1,0,0,0,nan,nan,nan,nan,nan,nan,nan
4872,1,5,4,0,1,1,2,228,0,0,0,1,0,0,0,nan,nan,nan,nan,nan,nan,nan
4873,1,5,3,0,1,1,2,228,2,0,0,0,0,0,0,12.493229272178723,nan,27.0629636000167,nan,nan,nan,nan
4874,1,5,3,0,1,1,2,228,2,0,0,0,0,0,0,nan,nan,nan,nan,nan,nan,nan
4875,1,5,3,0,1,1,2,228,2,0,0,0,0,0,0,nan,nan,nan,nan,nan,nan,nan
4876,1,5,3,0,1,1,2,228,2,0,0,0,0,0,0,nan,nan,nan,nan,nan,nan,nan
4877,1,5,3,0,1,1,1,229,2,0,0,0,0,0,0,nan,nan,nan,nan,nan,nan,13.661652600106208
4878,1,5,3,0,0,2,1,229,2,0,0,0,0,0,0,nan,nan,nan,nan,10.429918229323448,nan,nan
4879,1,5,3,0,0,2,1,229,2,0,0,0,0,0,0,nan,nan,nan,nan,nan,nan,nan
4880,1,5,3,0,0,2,1,229,2,0,0,0,0,0,0,nan,nan,nan,nan,nan,nan,nan
4881,1,5,3,0,0,2,1,229,2,0,0,0,0,0,0,nan,nan,nan,nan,nan,nan,nan
4882,1,5,3,0,0,2,1,229,2,0,0,0,0,0,0,nan,nan,nan,nan,nan,nan,nan
4883,1,5,3,0,0,2,1,229,2,0,0,0,0,0,0,nan,nan,nan,nan,nan,nan,nan
4884,1,5,3,0,0,1,2,229,2,0,0,0,0,0,0,nan,nan,nan,nan,nan,16.29921574193395,nan
4885,1,5,3,0,0,1,2,229,2,0,0,0,0,0,0,nan,nan,nan,nan,nan,nan,nan
4886,1,5,3,0,0,1,2,229,2,0,0,0,0,0,0,nan,nan,nan,nan,nan,nan,nan
4887,1,5,3,0,0,1,2,229,2,0,0,0,0,0,0,nan,nan,nan,nan,nan,nan,nan
4888,1,5,4,0,0,1,2,229,0,0,0,0,0,0,0,nan,25.54970891983521,nan,nan,nan,nan,nan
4889,1,5,3,1,0,1,2,229,0,0,0,0,0,0,0,nan,nan,16.566370330623613,nan,nan,nan,nan
4890,1,5,3,0,1,1,2,229,0,0,0,0,0,0,0,nan,nan,nan,21.37164818495785,nan,nan,nan
4891,1,5,3,0,1,1,2,229,0,0,0,0,0,0,0,nan,nan,nan,nan,nan,nan,nan
4892,1,5,3,0,1,1,2,229,0,0,0,0,0,0,0,nan,nan,nan,nan,nan,nan,nan
4893,1,5,3,0,1,1,2,229,0,0,0,0,0,0,0,nan,nan,nan,nan,nan,nan,nan
4894,1,5,3,0,1,1,2,229,0,0,0,0,0,0,0,nan,nan,nan,nan,nan,nan,nan
4895,1,5,3,0,1,1,2,229,0,0,0,0,0,0,0,nan,nan,nan,nan,nan,nan,nan
4896,1,5,3,0,1,1,1,230,0,0,0,0,0,0,0,nan,nan,nan,nan,nan,nan,19.475643768414557
4897,1,5,3,0,1,0,2,230,0,0,0,0,0,0,0,nan,nan,nan,nan,nan,12.323512950707482,nan
4898,1,5,3,0,1,0,2,230,0,0,0,0,0,0,0,nan,nan,nan,nan,nan,nan,nan
4899,1,5,3,0,1,0,2,230,0,0,0,0,0,0,0,nan,nan,nan,nan,nan,nan,nan
4900,1,5,3,0,1,0,2,230,0,0,0,0,0,0,0,nan,nan,nan,nan,nan,nan,nan
4901,1,5,3,0,1,0,2,230,0,0,0,0,0,0,0,nan,nan,nan,nan,nan,nan,nan
4902,1,5,3,0,0,1,2,230,0,0,0,0,0,0,0,nan,nan,nan,nan,23.237657966154075,nan,nan
4903,1,5,3,0,1,1,2,230,0,0,0,1,0,0,0,nan,nan,nan,12.946254137473261,nan,nan,nan
4904,1,5,3,0,1,1,2,230,0,0,0,1,0,0,0,nan,nan,nan,nan,nan,nan,nan
4905,1,5,3,0,1,1,2,230,0,0,0,1,0,0,0,nan,nan,nan,nan,nan,nan,nan
4906,1,5,4,0,1,1,2,230,0,0,0,1,0,0,0,33.15108503855936,17.83431278305943,nan,nan,nan,nan,nan
4907,1,5,4,0,1,1,2,230,0,0,0,1,0,0,0,nan,nan,nan,nan,nan,nan,nan
4908,1,5,4,0,1,1,2,230,0,0,0,1,0,0,0,nan,nan,nan,nan,nan,nan,nan
4909,1,5,4,0,1,1,1,231,0,0,0,1,0,0,0,nan,nan,nan,nan,nan,nan,13.014601951454097
4910,1,5,4,0,1,1,1,231,0,0,0,1,0,0,0,nan,nan,nan,nan,nan,nan,nan
4911,1,5,4,0,1,1,1,231,0,0,0,1,0,0,0,nan,nan,nan,nan,nan,nan,nan
4912,1,5,3,0,1,1,1,231,0,0,0,0,0,0,0,nan,nan,22.938927823021913,nan,nan,nan,nan
4913,1,5,3,0,1,1,1,231,0,0,0,0,0,0,0,nan,nan,nan,nan,nan,nan,nan
4914,1,5,3,0,1,1,1,231,0,0,0,0,0,0,0,nan,nan,nan,nan,nan,nan,nan
4915,1,5,3,0,1,1,1,231,0,0,0,0,0,0,0,nan,nan,nan,nan,nan,nan,nan
4916,1,5,3,0,1,0,2,231,0,0,0,0,0,0,0,nan,nan,nan,nan,nan,19.48788921500909,nan
4917,1,5,3,0,1,0,2,231,0,0,0,0,0,0,0,nan,nan,nan,nan,nan,nan,nan
4918,1,5,3,0,1,0,2,231,2,0,0,0,0,0,0,11.343336421038657,nan,nan,nan,nan,nan,nan
4919,1,5,3,0,0,1,2,231,2,0,0,0,0,0,0,nan,nan,nan,nan,17.76855206856908,nan,nan
4920,1,5,3,0,0,1,2,231,2,0,0,0,0,0,0,nan,nan,nan,nan,nan,nan,nan
4921,1,5,3,0,0,1,2,231,2,0,0,0,0,0,0,nan,nan,nan,nan,nan,nan,nan
4922,1,5,3,0,0,1,2,231,2,0,0,0,0,0,0,nan,nan,nan,nan,nan,nan,nan
4923,1,5,3,0,0,1,2,231,2,0,0,0,0,0,0,nan,nan,nan,nan,nan,nan,nan
4924,1,5,3,0,0,1,2,231,2,0,0,0,0,0,0,nan,nan,nan,nan,nan,nan,nan
4925,1,5,3,0,0,1,2,231,2,0,0,0,0,0,0,nan,nan,nan,nan,nan,nan,nan
4926,1,5,3,0,0,1,2,231,2,0,0,0,0,0,0,nan,nan,nan,nan,nan,nan,nan
4927,1,5,4,0,0,1,2,231,0,0,0,0,0,0,0,nan,21.777542365140107,nan,nan,nan,nan,nan
4928,1,5,4,0,0,1,1,232,0,0,0,0,0,0,0,nan,nan,nan,nan,nan,nan,18.544383579585883
4929,1,5,4,0,0,1,1,232,0,0,0,0,0,0,0,nan,nan,nan,nan,nan,nan,nan
4930,1,5,4,0,0,0,2,232,0,0,0,0,0,0,0,nan,nan,nan,nan,nan,13.495434226283578,nan
4931,1,5,4,0,0,0,2,232,0,0,0,0,0,0,0,nan,nan,nan,nan,nan,nan,nan
4932,1,5,4,0,0,0,2,232,0,0,0,0,0,0,0,nan,nan,nan,nan,nan,nan,nan
4933,1,5,4,0,0,0,2,232,0,0,0,0,0,0,0,nan,nan,nan,nan,nan,nan,nan
4934,1,5,4,0,0,0,2,232,0,0,0,0,0,0,0,nan,nan,nan,nan,nan,nan,nan
4935,1,5,4,0,0,0,2,232,0,0,0,0,0,0,0,nan,nan,nan,nan,nan,nan,nan
4936,1,5,4,0,0,1,2,232,0,0,0,0,1,0,0,nan,nan,nan,nan,16.532795212877318,nan,nan
4937,1,5,4,0,0,1,2,232,0,0,0,0,1,0,0,nan,nan,nan,nan,nan,nan,nan
4938,1,5,4,0,0,1,2,232,0,0,0,0,1,0,0,nan,nan,nan,nan,nan,nan,nan
4939,1,5,4,0,0,1,2,232,0,0,0,0,1,0,0,nan,nan,nan,nan,nan,nan,nan
4940,1,5,4,0,0,1,2,232,0,0,0,0,1,0,0,nan,nan,nan,nan,nan,nan,nan
4941,1,5,3,1,0,1,2,232,0,0,0,0,1,0,0,nan,nan,28.849775572943145,nan,nan,nan,nan
4942,1,5,3,1,0,1,2,232,0,0,0,0,1,0,0,nan,nan,nan,nan,nan,nan,nan
4943,1,5,3,0,0,1,2,232,0,0,0,0,0,0,0,nan,nan,nan,39.69618151598752,nan,nan,nan
4944,1,5,3,0,0,1,2,232,0,0,0,0,0,0,0,nan,nan,nan,nan,nan,nan,nan
4945,1,5,3,0,0,1,2,232,0,0,0,0,0,0,0,nan,nan,nan,nan,nan,nan,nan
4946,1,5,3,0,0,1,2,232,0,0,0,0,0,0,0,nan,nan,nan,nan,nan,nan,nan
4947,1,5,3,0,0,1,2,232,0,0,0,0,0,0,0,nan,nan,nan,nan,nan,nan,nan
4948,1,5,3,0,0,1,2,232,0,0,0,0,0,0,0,nan,nan,nan,nan,nan,nan,nan
4949,1,4,4,0,0,1,2,232,0,0,0,0,0,0,0,nan,21.639452303630605,nan,nan,nan,nan,nan
4950,1,5,4,0,0,1,2,232,0,0,0,0,0,0,0,32.75841675049378,nan,nan,nan,nan,nan,nan
4951,1,5,4,0,0,1,1,233,0,0,0,0,0,0,0,nan,nan,nan,nan,nan,nan,23.080290112242437
4952,1,5,4,0,0,1,1,233,0,0,0,0,0,0,0,nan,nan,nan,nan,nan,nan,nan
4953,1,5,4,0,0,1,1,233,0,0,0,0,0,0,0,nan,nan,nan,nan,nan,nan,nan
4954,1,5,4,0,1,1,1,233,0,0,0,1,0,0,0,nan,nan,nan,11.134837000379775,nan,nan,nan
4955,1,5,4,0,0,1,2,233,0,0,0,1,0,0,0,nan,nan,nan,nan,19.19210613170071,25.73991956566624,nan
4956,1,5,4,0,0,1,2,233,0,0,0,1,0,0,0,nan,nan,nan,nan,nan,nan,nan
4957,1,5,4,0,0,1,2,233,0,0,0,1,0,0,0,nan,nan,nan,nan,nan,nan,nan
4958,1,5,4,0,0,1,2,233,0,0,0,1,0,0,0,nan,nan,nan,nan,nan,nan,nan
4959,1,5,4,0,0,1,2,233,0,0,0,1,0,0,0,nan,nan,nan,nan,nan,nan,nan
4960,1,5,4,0,0,1,2,233,0,0,0,1,0,0,0,nan,nan,nan,nan,nan,nan,nan
4961,1,5,4,0,0,1,2,233,0,0,0,1,0,0,0,nan,nan,nan,nan,nan,nan,nan
4962,1,5,4,0,0,1,2,233,0,0,0,1,0,0,0,nan,nan,nan,nan,nan,nan,nan
4963,1,5,4,0,0,1,2,233,0,0,0,1,0,0,0,nan,nan,nan,nan,nan,nan,nan
4964,1,5,4,0,0,1,2,233,0,0,0,1,0,0,0,nan,nan,nan,nan,nan,nan,nan
4965,1,5,3,0,0,1,2,233,0,0,0,0,0,0,0,nan,nan,24.413515496744367,nan,nan,nan,nan
4966,1,5,3,0,0,1,2,233,2,0,0,0,0,0,0,15.653525738692224,nan,nan,nan,nan,nan,nan
4967,1,5,3,0,0,1,2,233,2,0,0,0,0,0,0,nan,nan,nan,nan,nan,nan,nan
4968,1,5,3,0,0,1,2,233,2,0,0,0,0,0,0,nan,nan,nan,nan,nan,nan,nan
4969,1,5,3,0,0,1,2,233,2,0,0,0,0,0,0,nan,nan,nan,nan,nan,nan,nan
4970,1,5,3,0,0,1,2,233,2,0,0,0,0,0,0,nan,nan,nan,nan,nan,nan,nan
4971,1,5,4,0,0,1,2,233,0,0,0,0,0,0,0,nan,22.009685894752693,nan,nan,nan,nan,nan
4972,1,5,4,0,0,1,2,233,0,0,0,0,0,0,0,nan,nan,nan,nan,nan,nan,nan
4973,1,5,4,0,0,1,2,233,0,0,0,0,0,0,0,nan,nan,nan,nan,nan,nan,nan
4974,1,5,4,0,0,1,2,233,0,0,0,0,0,0,0,nan,nan,nan,nan,nan,nan,nan
4975,1,5,4,0,0,1,2,233,0,0,0,0,0,0,0,nan,nan,nan,nan,nan,nan,nan
4976,1,5,4,0,0,2,2,233,0,0,0,0,1,0,0,nan,nan,nan,nan,21.31284383010825,nan,nan
4977,1,5,4,0,0,2,2,233,0,0,0,0,1,0,0,nan,nan,nan,nan,nan,nan,nan
4978,1,5,4,0,0,2,2,233,0,0,0,0,1,0,0,nan,nan,nan,nan,nan,nan,nan
4979,1,5,3,0,0,2,1,234,0,0,0,0,0,0,0,nan,nan,13.816562267382324,24.765852949071814,nan,nan,27.524164716078303
4980,1,5,3,0,0,2,1,234,0,0,0,0,0,0,0,nan,nan,nan,nan,nan,nan,nan
4981,1,5,3,0,0,2,1,234,0,0,0,0,0,0,0,nan,nan,nan,nan,nan,nan,nan
4982,1,5,3,0,0,2,1,234,2,0,0,0,0,0,0,16.004985415357623,nan,nan,nan,nan,nan,nan
4983,1,5,3,0,0,2,1,234,2,0,0,0,0,0,0,nan,nan,nan,nan,nan,nan,nan
4984,1,5,3,0,0,2,1,234,2,0,0,0,0,0,0,nan,nan,nan,nan,nan,nan,nan
4985,1,5,3,0,0,1,2,234,2,0,0,0,0,0,0,nan,nan,nan,nan,nan,29.74722051333356,nan
4986,1,5,3,0,0,1,2,234,2,0,0,0,0,0,0,nan,nan,nan,nan,nan,nan,nan
4987,1,5,3,0,0,1,2,234,2,0,0,0,0,0,0,nan,nan,nan,nan,nan,nan,nan
4988,1,5,3,0,0,1,2,234,2,0,0,0,0,0,0,nan,nan,nan,nan,nan,nan,nan
4989,1,5,3,0,0,1,2,234,2,0,0,0,0,0,0,nan,nan,nan,nan,nan,nan,nan
4990,1,5,3,0,1,1,2,234,2,0,0,1,0,0,0,nan,nan,nan,11.244518925444027,nan,nan,nan
4991,1,5,3,0,1,1,2,234,2,0,0,1,0,0,0,nan,nan,nan,nan,nan,nan,nan
4992,1,5,3,0,1,1,2,234,2,0,0,1,0,0,0,nan,nan,nan,nan,nan,nan,nan
4993,1,5,3,0,1,1,2,234,2,0,0,1,0,0,0,nan,nan,nan,nan,nan,nan,nan
4994,1,5,4,0,1,1,2,234,0,0,0,1,0,0,0,nan,23.471429691994672,nan,nan,nan,nan,nan
4995,1,5,4,0,1,1,2,234,0,0,0,1,0,0,0,nan,nan,nan,nan,nan,nan,nan
4996,1,5,4,0,1,1,2,234,0,0,0,1,0,0,0,nan,nan,nan,nan,nan,nan,nan
4997,1,5,4,0,1,1,2,234,0,0,0,1,0,0,0,nan,nan,nan,nan,nan,nan,nan
4998,1,5,4,0,1,1,2,234,0,0,0,1,0,0,0,nan,nan,nan,nan,nan,nan,nan
4999,1,5,4,0,1,1,2,234,0,0,0,1,0,0,0,nan,nan,nan,nan,nan,nan,nan
5000,1,5,4,0,1,1,1,235,0,0,0,1,0,0,0,nan,nan,nan,nan,nan,nan,21.45679967964952
5001,1,5,4,0,1,1,1,235,0,0,0,1,0,0,0,nan,nan,nan,nan,nan,nan,nan
5002,1,5,4,0,1,1,1,235,0,0,0,1,0,0,0,nan,nan,nan,nan,nan,nan,nan
5003,1,5,3,0,1,0,2,235,0,0,0,0,0,0,0,nan,nan,24.04419085106747,nan,nan,17.554308842598402,nan
5004,1,5,3,0,0,1,2,235,0,0,0,0,0,0,0,nan,nan,nan,nan,27.308427512533854,nan,nan
5005,1,5,3,0,0,1,2,235,0,0,0,0,0,0,0,nan,nan,nan,nan,nan,nan,nan
5006,1,5,3,0,0,1,2,235,0,0,0,0,0,0,0,nan,nan,nan,nan,nan,nan,nan
5007,1,5,3,0,0,1,2,235,0,0,0,0,0,0,0,nan,nan,nan,nan,nan,nan,nan
5008,1,5,3,0,0,1,2,235,0,0,0,0,0,0,0,nan,nan,nan,nan,nan,nan,nan
5009,1,5,3,0,0,1,2,235,0,0,0,0,0,0,0,nan,nan,nan,nan,nan,nan,nan
5010,1,5,3,0,0,1,2,235,0,0,0,0,0,0,0,nan,nan,nan,nan,nan,nan,nan
5011,1,5,3,0,0,1,2,235,0,0,0,0,0,0,0,nan,nan,nan,nan,nan,nan,nan
5012,1,5,3,0,0,1,2,235,0,0,0,0,0,0,0,nan,nan,nan,nan,nan,nan,nan
5013,1,5,3,0,0,1,2,235,0,0,0,0,0,0,0,nan,nan,nan,nan,nan,nan,nan
5014,1,5,3,0,0,1,2,235,0,0,0,0,0,0,0,nan,nan,nan,nan,nan,nan,nan
5015,1,5,3,0,0,1,2,235,0,0,0,0,0,0,0,nan,nan,nan,nan,nan,nan,nan
5016,1,5,3,0,0,1,2,235,0,0,0,0,0,0,0,nan,nan,nan,nan,nan,nan,nan
5017,1,5,3,0,0,1,2,235,2,0,0,0,0,0,0,35.010450511415,nan,nan,nan,nan,nan,nan
5018,1,5,3,0,0,1,2,235,2,0,0,0,0,0,0,nan,nan,nan,nan,nan,nan,nan
5019,1,5,3,0,0,0,3,235,2,0,0,0,0,0,0,nan,nan,nan,nan,nan,16.79033786003947,nan
5020,1,5,3,0,1,0,3,235,2,0,0,1,0,0,0,nan,nan,nan,30.218195420160555,nan,nan,nan
5021,1,5,4,0,1,0,3,235,0,0,0,1,0,0,0,nan,26.390711311971245,nan,nan,nan,nan,nan
5022,1,5,4,0,0,1,3,235,0,0,0,1,0,0,0,nan,nan,nan,nan,17.97879098710746,nan,nan
5023,1,5,4,0,0,1,3,235,0,0,0,1,0,0,0,nan,nan,nan,nan,nan,nan,nan
5024,1,5,4,0,0,1,2,236,0,0,0,1,0,0,0,nan,nan,nan,nan,nan,nan,23.738688302673836
5025,1,5,4,0,0,1,2,236,0,0,0,1,0,0,0,nan,nan,nan,nan,nan,nan,nan
5026,1,5,3,0,0,1,2,236,0,0,0,0,0,0,0,nan,nan,22.786630813565353,nan,nan,nan,nan
5027,1,5,3,0,0,1,2,236,0,0,0,0,0,0,0,nan,nan,nan,nan,nan,nan,nan
5028,1,5,3,0,0,1,2,236,0,0,0,0,0,0,0,nan,nan,nan,nan,nan,nan,nan
5029,1,5,3,0,0,1,2,236,0,0,0,0,0,0,0,nan,nan,nan,nan,nan,nan,nan
5030,1,5,3,0,0,1,2,236,0,0,0,0,0,0,0,nan,nan,nan,nan,nan,nan,nan
5031,1,5,3,0,0,0,3,236,0,0,0,0,0,0,0,nan,nan,nan,nan,nan,11.247044710496994,nan
5032,1,5,3,0,0,0,3,236,0,0,0,0,0,0,0,nan,nan,nan,nan,nan,nan,nan
5033,1,5,3,0,0,0,3,236,0,0,0,0,0,0,0,nan,nan,nan,nan,nan,nan,nan
5034,1,5,3,0,0,0,3,236,0,0,0,0,0,0,0,nan,nan,nan,nan,nan,nan,nan
5035,1,5,3,0,1,0,3,236,0,0,0,1,0,0,0,nan,nan,nan,14.666061001326852,nan,nan,nan
5036,1,5,3,0,0,1,3,236,2,0,0,1,0,0,0,19.307094185004644,nan,nan,nan,14.338683964213487,nan,nan
5037,1,5,4,0,0,1,3,236,0,0,0,1,0,0,0,nan,16.619303225175827,nan,nan,nan,nan,nan
5038,1,5,4,0,0,1,3,236,0,0,0,1,0,0,0,nan,nan,nan,nan,nan,nan,nan
5039,1,5,4,0,0,1,3,236,0,0,0,1,0,0,0,nan,nan,nan,nan,nan,nan,nan
5040,1,5,4,0,0,1,2,237,0,0,0,1,0,0,0,nan,nan,nan,nan,nan,nan,16.073453763126054
5041,1,5,4,0,0,1,2,237,0,0,0,1,0,0,0,nan,nan,nan,nan,nan,nan,nan
5042,1,5,3,0,0,1,2,237,0,0,0,0,0,0,0,nan,nan,16.300900897440442,nan,nan,nan,nan
5043,1,5,3,0,0,1,2,237,0,0,0,0,0,0,0,nan,nan,nan,nan,nan,nan,nan
5044,1,5,3,0,0,1,2,237,0,0,0,0,0,0,0,nan,nan,nan,nan,nan,nan,nan
5045,1,5,3,0,0,1,2,237,0,0,0,0,0,0,0,nan,nan,nan,nan,nan,nan,nan
5046,1,5,3,0,0,1,2,237,0,0,0,0,0,0,0,nan,nan,nan,nan,nan,nan,nan
5047,1,5,3,0,0,1,2,237,0,0,0,0,0,0,0,nan,nan,nan,nan,nan,nan,nan
5048,1,5,3,0,0,1,2,237,0,0,0,0,0,0,0,nan,nan,nan,nan,nan,nan,nan
5049,1,5,3,0,0,1,2,237,0,0,0,0,0,0,0,nan,nan,nan,nan,nan,nan,nan
5050,1,5,3,0,0,1,2,237,0,0,0,0,0,0,0,nan,nan,nan,nan,nan,nan,nan
5051,1,5,3,0,0,1,2,237,0,0,0,0,0,0,0,nan,nan,nan,nan,nan,nan,nan
5052,1,5,3,0,0,1,2,237,0,0,0,0,0,0,0,nan,nan,nan,nan,nan,nan,nan
5053,1,5,4,0,0,1,2,237,0,0,0,0,0,0,0,16.16773052912231,15.111456730849568,nan,nan,nan,nan,nan
5054,1,5,4,0,1,0,2,238,0,0,0,1,0,0,0,nan,nan,nan,19.59715280440014,nan,23.155056716705985,14.115353470233458
5055,1,5,4,0,1,0,2,238,0,0,0,1,0,0,0,nan,nan,nan,nan,nan,nan,nan
5056,1,5,4,0,1,0,2,238,0,0,0,1,0,0,0,nan,nan,nan,nan,nan,nan,nan
5057,1,5,4,0,1,0,2,238,0,0,0,1,0,0,0,nan,nan,nan,nan,nan,nan,nan
5058,1,5,4,0,1,0,2,238,0,0,0,1,0,0,0,nan,nan,nan,nan,nan,nan,nan
5059,1,5,4,0,1,0,2,238,0,0,0,1,0,0,0,nan,nan,nan,nan,nan,nan,nan
5060,1,5,4,0,1,0,2,238,0,0,0,1,0,0,0,nan,nan,nan,nan,nan,nan,nan
5061,1,5,4,0,1,0,2,238,0,0,0,1,0,0,0,nan,nan,nan,nan,nan,nan,nan
5062,1,5,4,0,1,0,2,238,0,0,0,1,0,0,0,nan,nan,nan,nan,nan,nan,nan
5063,1,5,4,0,1,0,2,238,0,0,0,1,0,0,0,nan,nan,nan,nan,nan,nan,nan
5064,1,5,4,0,1,0,2,238,0,0,0,1,0,0,0,nan,nan,nan,nan,nan,nan,nan
5065,1,5,4,0,0,1,2,238,0,0,0,1,0,0,0,nan,nan,nan,nan,29.19861818114623,nan,nan
5066,1,5,4,0,0,1,2,238,2,0,0,1,0,0,0,13.799594292240727,nan,nan,nan,nan,nan,nan
5067,1,5,4,0,0,1,2,238,2,0,0,1,0,0,0,nan,nan,nan,nan,nan,nan,nan
5068,1,5,4,0,0,0,3,238,2,0,0,1,0,0,0,nan,nan,nan,nan,nan,14.30988750054712,nan
5069,1,5,4,0,0,0,3,238,2,0,0,1,0,0,0,nan,nan,nan,nan,nan,nan,nan
5070,1,5,4,0,0,0,3,238,2,0,0,1,0,0,0,nan,nan,nan,nan,nan,nan,nan
5071,1,5,4,0,0,0,3,238,2,0,0,1,0,0,0,nan,nan,nan,nan,nan,nan,nan
5072,1,5,4,0,0,0,3,238,2,0,0,1,0,0,0,nan,nan,nan,nan,nan,nan,nan
5073,1,5,4,0,0,0,3,238,2,0,0,1,0,0,0,nan,nan,nan,nan,nan,nan,nan
5074,1,5,3,0,0,0,3,238,2,0,0,0,0,0,0,nan,nan,31.482595894586666,nan,nan,nan,nan
5075,1,5,3,0,0,0,3,238,2,0,0,0,0,0,0,nan,nan,nan,nan,nan,nan,nan
5076,1,5,3,0,0,0,3,238,2,0,0,0,0,0,0,nan,nan,nan,nan,nan,nan,nan
5077,1,5,3,0,0,0,3,238,2,0,0,0,0,0,0,nan,nan,nan,nan,nan,nan,nan
5078,1,5,3,0,0,1,3,238,2,0,0,0,1,0,0,nan,nan,nan,nan,13.137080187357242,nan,nan
5079,1,5,3,0,0,1,3,238,2,0,0,0,1,0,0,nan,nan,nan,nan,nan,nan,nan
5080,1,5,4,0,0,1,3,238,0,0,0,0,1,0,0,nan,27.762026322592646,nan,nan,nan,nan,nan
5081,1,5,4,0,0,1,3,238,0,0,0,0,1,0,0,nan,nan,nan,nan,nan,nan,nan
5082,1,5,4,0,0,1,3,238,0,0,0,0,1,0,0,nan,nan,nan,nan,nan,nan,nan
5083,1,5,4,0,0,1,3,238,0,0,0,0,1,0,0,nan,nan,nan,nan,nan,nan,nan
5084,1,5,4,0,0,1,3,238,0,0,0,0,1,0,0,nan,nan,nan,nan,nan,nan,nan
5085,1,5,4,0,0,1,3,238,0,0,0,0,1,0,0,nan,nan,nan,nan,nan,nan,nan
5086,1,5,4,0,0,1,3,238,0,0,0,0,1,0,0,nan,nan,nan,nan,nan,nan,nan
5087,1,5,4,0,0,1,2,239,0,0,0,0,1,0,0,nan,nan,nan,nan,nan,nan,32.72775319169796
5088,1,5,4,0,0,1,2,239,0,0,0,0,1,0,0,nan,nan,nan,nan,nan,nan,nan
5089,1,5,4,0,0,0,3,239,0,0,0,0,1,0,0,nan,nan,nan,nan,nan,20.44297178510169,nan
5090,1,5,4,0,0,0,3,239,0,0,0,0,1,0,0,nan,nan,nan,nan,nan,nan,nan
5091,1,5,4,0,0,0,3,239,2,0,0,0,1,0,0,24.829405970340304,nan,nan,nan,nan,nan,nan
5092,1,5,4,0,0,0,3,239,2,0,0,1,0,0,0,nan,nan,nan,37.56655279325787,nan,nan,nan
5093,1,5,4,0,0,0,3,239,2,0,0,1,0,0,0,nan,nan,nan,nan,nan,nan,nan
5094,1,5,4,0,0,0,3,239,2,0,0,1,0,0,0,nan,nan,nan,nan,nan,nan,nan
5095,1,5,4,0,0,0,3,239,2,0,0,1,0,0,0,nan,nan,nan,nan,nan,nan,nan
5096,1,5,3,0,0,0,3,239,2,0,0,0,0,0,0,nan,nan,22.45436418166082,nan,nan,nan,nan
5097,1,5,3,0,0,0,3,239,2,0,0,0,0,0,0,nan,nan,nan,nan,nan,nan,nan
5098,1,5,3,0,0,0,3,239,2,0,0,0,0,0,0,nan,nan,nan,nan,nan,nan,nan
5099,1,5,3,0,0,0,3,239,2,0,0,0,0,0,0,nan,nan,nan,nan,nan,nan,nan
5100,1,5,3,0,0,0,3,239,2,0,0,0,0,0,0,nan,nan,nan,nan,nan,nan,nan
5101,1,5,3,0,0,0,3,239,2,0,0,0,0,0,0,nan,nan,nan,nan,nan,nan,nan
5102,1,5,3,0,0,0,3,239,2,0,0,0,0,0,0,nan,nan,nan,nan,nan,nan,nan
5103,1,5,3,0,0,0,3,239,2,0,0,0,0,0,0,nan,nan,nan,nan,nan,nan,nan
5104,1,5,3,0,0,0,3,239,2,0,0,0,0,0,0,nan,nan,nan,nan,nan,nan,nan
5105,1,5,3,0,0,0,4,239,2,0,0,0,0,1,0,nan,nan,nan,nan,nan,16.512523909183074,nan
5106,1,5,3,0,0,0,4,239,2,0,0,0,0,1,0,nan,nan,nan,nan,nan,nan,nan
5107,1,5,4,0,0,0,4,239,0,0,0,0,0,1,0,nan,26.490541665044475,nan,nan,nan,nan,nan
5108,1,5,4,0,0,0,4,239,0,0,0,0,0,1,0,nan,nan,nan,nan,nan,nan,nan
5109,1,5,4,0,0,0,4,239,0,0,0,0,0,1,0,nan,nan,nan,nan,nan,nan,nan
5110,1,5,3,1,0,0,4,239,0,0,0,0,0,1,0,nan,nan,14.216113533258067,nan,nan,nan,nan
5111,1,5,3,1,0,0,4,239,0,0,0,0,0,1,0,nan,nan,nan,nan,nan,nan,nan
5112,1,5,3,0,1,0,4,239,0,0,0,0,0,1,0,nan,nan,nan,19.867292862503746,nan,nan,nan
5113,1,5,3,0,1,0,4,239,0,0,0,0,0,1,0,nan,nan,nan,nan,nan,nan,nan
5114,1,5,3,0,1,0,4,239,0,0,0,0,0,1,0,nan,nan,nan,nan,nan,nan,nan
5115,1,5,3,0,1,0,3,240,0,0,0,0,0,1,0,nan,nan,nan,nan,nan,nan,28.24841870376622
5116,1,5,3,0,1,0,3,240,0,0,0,0,0,1,0,nan,nan,nan,nan,nan,nan,nan
5117,1,5,3,0,1,0,3,240,0,0,0,0,0,1,0,nan,nan,nan,nan,nan,nan,nan
5118,1,5,3,0,1,0,3,240,0,0,0,0,0,1,0,nan,nan,nan,nan,nan,nan,nan
5119,1,4,4,0,1,0,3,240,0,0,0,0,0,1,0,nan,11.818438236131442,nan,nan,nan,nan,nan
5120,1,4,4,0,1,0,3,240,0,0,0,0,0,1,0,nan,nan,nan,nan,nan,nan,nan
5121,1,4,4,0,1,0,3,240,0,0,0,0,0,1,0,nan,nan,nan,nan,nan,nan,nan
5122,1,4,4,0,1,0,3,240,0,0,0,0,0,1,0,nan,nan,nan,nan,nan,nan,nan
5123,1,4,3,1,1,0,3,240,0,0,0,0,0,1,0,nan,nan,12.212404744618652,nan,nan,nan,nan
5124,1,5,3,1,0,0,3,240,0,0,0,0,0,0,0,32.59159086721775,nan,nan,nan,45.68264928250028,nan,nan
5125,1,5,3,1,0,0,3,240,0,0,0,0,0,0,0,nan,nan,nan,nan,nan,nan,nan
5126,1,5,3,1,0,0,3,240,0,0,0,0,0,0,0,nan,nan,nan,nan,nan,nan,nan
5127,1,5,3,1,0,0,3,240,0,0,0,0,0,0,0,nan,nan,nan,nan,nan,nan,nan
5128,1,5,3,1,0,0,3,240,0,0,0,0,0,0,0,nan,nan,nan,nan,nan,nan,nan
5129,1,5,3,0,1,0,3,240,0,0,0,0,0,0,0,nan,nan,nan,17.116920095944806,nan,nan,nan
5130,1,5,3,0,1,0,3,240,0,0,0,0,0,0,0,nan,nan,nan,nan,nan,nan,nan
5131,1,5,3,0,1,0,3,240,0,0,0,0,0,0,0,nan,nan,nan,nan,nan,nan,nan
5132,1,5,3,0,1,0,3,240,0,0,0,0,0,0,0,nan,nan,nan,nan,nan,nan,nan
5133,1,5,3,0,1,0,3,240,0,0,0,0,0,0,0,nan,nan,nan,nan,nan,nan,nan
5134,1,4,4,0,1,0,3,240,0,0,0,0,0,0,0,nan,15.62014741846724,nan,nan,nan,nan,nan
5135,1,4,4,0,1,0,3,240,0,0,0,0,0,0,0,nan,nan,nan,nan,nan,nan,nan
5136,1,4,4,0,1,0,3,240,0,0,0,0,0,0,0,nan,nan,nan,nan,nan,nan,nan
5137,1,4,4,0,1,0,3,240,0,0,0,0,0,0,0,nan,nan,nan,nan,nan,nan,nan
5138,1,4,4,0,1,0,3,240,0,0,0,0,0,0,0,nan,nan,nan,nan,nan,nan,nan
5139,1,4,4,0,0,1,3,240,0,0,0,0,0,0,0,nan,nan,nan,nan,14.653433055786081,nan,nan
5140,1,4,4,0,0,0,4,240,0,0,0,0,0,0,0,nan,nan,nan,nan,nan,35.07566123232846,nan
5141,1,4,4,0,0,0,4,240,0,0,0,0,0,0,0,nan,nan,nan,nan,nan,nan,nan
5142,1,4,4,0,0,0,4,240,0,0,0,0,0,0,0,nan,nan,nan,nan,nan,nan,nan
5143,1,4,4,0,0,0,4,240,0,0,0,0,0,0,0,nan,nan,nan,nan,nan,nan,nan
5144,1,4,4,0,0,0,3,241,0,0,0,0,0,0,0,nan,nan,nan,nan,nan,nan,28.988764076932057
5145,1,4,3,1,0,0,3,241,0,0,0,0,0,0,0,nan,nan,22.28687038937278,nan,nan,nan,nan
5146,1,4,3,1,0,0,3,241,0,0,0,0,0,0,0,nan,nan,nan,nan,nan,nan,nan
5147,1,5,3,1,0,0,3,241,0,0,0,0,0,0,0,23.391630446018098,nan,nan,nan,nan,nan,nan
5148,1,4,4,1,0,0,3,241,0,0,0,0,0,0,0,nan,13.890814826943824,nan,nan,nan,nan,nan
5149,1,4,4,1,0,0,3,241,0,0,0,0,0,0,0,nan,nan,nan,nan,nan,nan,nan
5150,1,4,4,1,0,0,3,241,0,0,0,0,0,0,0,nan,nan,nan,nan,nan,nan,nan
5151,1,4,4,1,0,0,3,241,0,0,0,0,0,0,0,nan,nan,nan,nan,nan,nan,nan
5152,1,4,4,1,0,0,3,241,0,0,0,0,0,0,0,nan,nan,nan,nan,nan,nan,nan
5153,1,4,4,1,0,0,3,241,0,0,0,0,0,0,0,nan,nan,nan,nan,nan,nan,nan
5154,1,4,4,1,0,1,3,241,0,0,0,0,1,0,0,nan,nan,nan,nan,15.515795856212208,nan,nan
5155,1,4,4,0,0,1,3,241,0,0,0,0,0,0,0,nan,nan,nan,26.61331660447013,nan,nan,nan
5156,1,4,4,0,0,0,4,241,0,0,0,0,0,0,0,nan,nan,nan,nan,nan,15.981844051950247,nan
5157,1,4,4,0,0,0,4,241,0,0,0,0,0,0,0,nan,nan,nan,nan,nan,nan,nan
5158,1,4,4,0,0,0,4,241,0,0,0,0,0,0,0,nan,nan,nan,nan,nan,nan,nan
5159,1,4,4,0,0,0,3,242,0,0,0,0,0,0,0,nan,nan,nan,nan,nan,nan,15.09915874278613
5160,1,4,4,0,0,0,3,242,0,0,0,0,0,0,0,nan,nan,nan,nan,nan,nan,nan
5161,1,4,4,0,0,0,3,242,0,0,0,0,0,0,0,nan,nan,nan,nan,nan,nan,nan
5162,1,5,4,0,0,0,3,242,0,0,0,0,0,0,0,14.439000005263551,nan,nan,nan,nan,nan,nan
5163,1,5,4,0,0,0,3,242,0,0,0,0,0,0,0,nan,nan,nan,nan,nan,nan,nan
5164,1,5,4,0,0,0,3,242,0,0,0,0,0,0,0,nan,nan,nan,nan,nan,nan,nan
5165,1,5,4,0,0,0,3,242,0,0,0,0,0,0,0,nan,nan,nan,nan,nan,nan,nan
5166,1,5,4,0,0,1,3,242,0,0,0,0,1,0,0,nan,nan,nan,nan,12.065836648629556,nan,nan
5167,1,5,4,0,0,1,3,242,0,0,0,0,1,0,0,nan,nan,nan,nan,nan,nan,nan
5168,1,5,4,0,0,1,3,242,0,0,0,1,0,0,0,nan,nan,nan,12.983573167674876,nan,nan,nan
5169,1,5,4,0,0,1,3,242,0,0,0,1,0,0,0,nan,nan,nan,nan,nan,nan,nan
5170,1,5,4,0,0,1,3,242,0,0,0,1,0,0,0,nan,nan,nan,nan,nan,nan,nan
5171,1,4,5,0,0,1,2,243,0,0,0,1,0,0,0,nan,22.52787712718873,nan,nan,nan,nan,11.910525885759853
5172,1,4,5,0,0,0,3,243,0,0,0,1,0,0,0,nan,nan,nan,nan,nan,15.784167341866123,nan
5173,1,4,5,0,0,0,3,243,0,0,0,1,0,0,0,nan,nan,nan,nan,nan,nan,nan
5174,1,4,5,0,0,0,3,243,0,0,0,1,0,0,0,nan,nan,nan,nan,nan,nan,nan
5175,1,4,5,0,0,0,3,243,0,0,0,1,0,0,0,nan,nan,nan,nan,nan,nan,nan
5176,1,5,5,0,0,0,3,243,0,0,0,1,0,0,0,14.269321324432894,nan,nan,nan,nan,nan,nan
5177,1,5,5,0,0,0,3,243,0,0,0,1,0,0,0,nan,nan,nan,nan,nan,nan,nan
5178,1,5,5,0,0,0,3,243,0,0,0,1,0,0,0,nan,nan,nan,nan,nan,nan,nan
5179,1,5,5,0,0,0,3,243,0,0,0,1,0,0,0,nan,nan,nan,nan,nan,nan,nan
5180,1,5,5,0,0,0,3,243,0,0,0,1,0,0,0,nan,nan,nan,nan,nan,nan,nan
5181,1,5,5,0,0,0,3,243,0,0,0,1,0,0,0,nan,nan,nan,nan,nan,nan,nan
5182,1,5,5,0,0,0,3,243,0,0,0,1,0,0,0,nan,nan,nan,nan,nan,nan,nan
5183,1,5,5,0,0,0,3,243,0,2,0,1,0,0,0,nan,11.82803700392924,nan,nan,nan,nan,nan
5184,1,5,5,0,0,1,3,243,0,2,0,1,1,0,0,nan,nan,nan,nan,18.1483154799389,nan,nan
5185,1,5,5,0,0,1,3,243,0,0,0,0,1,0,0,9.021416894111098,nan,40.1954347102037,nan,nan,nan,nan
5186,1,5,5,0,0,1,3,243,0,0,0,0,1,0,0,nan,nan,nan,nan,nan,nan,nan
5187,1,5,5,0,0,1,3,243,0,0,0,0,1,0,0,nan,nan,nan,nan,nan,nan,nan
5188,1,5,5,0,0,1,3,243,0,0,0,0,1,0,0,nan,nan,nan,nan,nan,nan,nan
5189,1,5,5,0,0,1,3,243,0,0,0,0,1,0,0,nan,nan,nan,nan,nan,nan,nan
5190,1,5,5,0,0,1,3,243,0,0,0,0,1,0,0,nan,nan,nan,nan,nan,nan,nan
5191,1,5,5,0,0,1,3,243,0,0,0,0,1,0,0,nan,nan,nan,nan,nan,nan,nan
5192,1,5,5,0,0,0,4,243,0,0,0,0,1,0,0,nan,nan,nan,nan,nan,20.459229759173468,nan
5193,1,5,5,0,0,0,4,243,0,0,0,0,1,0,0,nan,nan,nan,nan,nan,nan,nan
5194,1,5,5,0,0,0,4,243,0,0,0,0,1,0,0,nan,nan,nan,nan,nan,nan,nan
5195,1,5,5,0,0,0,4,243,0,0,0,0,1,0,0,nan,nan,nan,nan,nan,nan,nan
5196,1,5,5,0,0,0,4,243,0,2,0,0,1,0,0,nan,13.007298543124307,nan,nan,nan,nan,nan
5197,1,5,5,0,0,0,4,243,0,2,0,0,1,0,0,nan,nan,nan,nan,nan,nan,nan
5198,1,5,5,0,0,0,4,243,0,2,0,0,1,0,0,nan,nan,nan,nan,nan,nan,nan
5199,1,5,5,0,0,0,4,243,2,2,0,0,1,0,0,14.211293020699486,nan,nan,nan,nan,nan,nan
5200,1,5,5,1,0,0,4,243,0,0,0,0,1,0,0,nan,nan,15.09313431247665,nan,nan,nan,nan
5201,1,5,5,1,0,0,4,243,0,0,0,0,1,0,0,nan,nan,nan,nan,nan,nan,nan
5202,1,5,5,1,0,0,4,243,0,0,0,0,1,0,0,nan,nan,nan,nan,nan,nan,nan
5203,1,5,5,1,0,0,4,243,0,0,0,0,1,0,0,nan,nan,nan,nan,nan,nan,nan
5204,1,5,5,1,0,0,4,243,0,0,0,0,1,0,0,nan,nan,nan,nan,nan,nan,nan
5205,1,5,5,1,0,0,4,243,0,0,0,0,1,0,0,nan,nan,nan,nan,nan,nan,nan
5206,1,5,5,1,0,0,4,243,0,0,0,0,1,0,0,nan,nan,nan,nan,nan,nan,nan
5207,1,5,5,1,0,0,5,243,0,0,0,0,1,1,0,nan,nan,nan,nan,nan,14.74048699155719,nan
5208,1,5,5,1,0,0,4,244,0,0,0,0,1,1,0,nan,nan,nan,nan,nan,nan,37.10632041880217
5209,1,5,5,1,0,0,4,244,0,0,0,0,1,1,0,nan,nan,nan,nan,nan,nan,nan
5210,1,5,5,1,0,0,4,244,0,2,0,0,1,1,0,nan,14.143707127646849,nan,nan,nan,nan,nan
5211,1,5,5,1,0,0,4,244,0,2,0,0,1,1,0,nan,nan,nan,nan,nan,nan,nan
5212,1,5,5,1,0,0,4,244,0,2,0,0,1,1,0,nan,nan,nan,nan,nan,nan,nan
5213,1,4,5,2,0,0,4,244,0,0,0,0,1,1,0,nan,nan,13.18792404260057,nan,nan,nan,nan
5214,1,4,5,1,0,0,4,244,0,0,0,0,0,1,0,nan,nan,nan,45.501121035214055,nan,nan,nan
5215,1,4,5,1,0,0,4,244,0,0,0,0,0,1,0,nan,nan,nan,nan,nan,nan,nan
5216,1,4,5,1,0,0,4,244,0,0,0,0,0,1,0,nan,nan,nan,nan,nan,nan,nan
5217,1,4,5,1,0,0,4,244,0,0,0,0,0,1,0,nan,nan,nan,nan,nan,nan,nan
5218,1,4,5,1,0,0,4,244,0,0,0,0,0,1,0,nan,nan,nan,nan,nan,nan,nan
5219,1,5,5,1,0,0,4,244,0,0,0,0,0,1,0,19.539398328643983,nan,nan,nan,nan,nan,nan
5220,1,5,5,1,0,0,4,244,0,0,0,0,0,1,0,nan,nan,nan,nan,nan,nan,nan
5221,1,5,5,1,0,0,4,244,0,0,0,0,0,1,0,nan,nan,nan,nan,nan,nan,nan
5222,1,5,5,1,0,0,4,244,0,0,0,0,0,1,0,nan,nan,nan,nan,nan,nan,nan
5223,1,5,5,1,0,0,4,244,0,0,0,0,0,1,0,nan,nan,nan,nan,nan,nan,nan
5224,1,5,5,1,0,0,4,244,0,0,0,0,0,1,0,nan,nan,nan,nan,nan,nan,nan
5225,1,5,5,1,0,0,4,244,0,0,0,0,0,1,0,nan,nan,nan,nan,nan,nan,nan
5226,1,5,5,1,0,0,3,245,0,0,0,0,0,1,0,nan,nan,nan,nan,nan,nan,17.6344313544505
5227,1,5,5,1,0,0,3,245,0,0,0,0,0,1,0,nan,nan,nan,nan,nan,nan,nan
5228,1,5,5,1,0,0,3,245,0,0,0,0,1,0,0,nan,nan,nan,nan,43.15850356828378,nan,nan
5229,1,5,5,1,0,0,3,245,0,2,0,0,1,0,0,nan,19.32030154797303,nan,nan,nan,nan,nan
5230,1,5,5,1,0,0,3,245,0,2,0,0,1,0,0,nan,nan,nan,nan,nan,nan,nan
5231,1,5,5,1,0,0,3,245,0,2,0,0,1,0,0,nan,nan,nan,nan,nan,nan,nan
5232,1,5,5,1,0,0,3,245,0,2,0,0,1,0,0,nan,nan,nan,nan,nan,nan,nan
5233,1,5,5,1,0,0,3,245,0,2,0,0,1,0,0,nan,nan,nan,nan,nan,nan,nan
5234,1,5,5,0,0,0,3,245,0,2,0,0,0,0,0,nan,nan,nan,20.56848959481249,nan,nan,nan
5235,1,5,5,0,0,0,3,245,0,2,0,0,0,0,0,nan,nan,nan,nan,nan,nan,nan
5236,1,5,5,0,0,0,3,245,0,2,0,0,0,0,0,nan,nan,nan,nan,nan,nan,nan
5237,1,5,5,0,0,0,3,245,0,2,0,0,0,0,0,nan,nan,nan,nan,nan,nan,nan
5238,1,5,5,0,0,0,3,245,0,2,0,0,0,0,0,nan,nan,nan,nan,nan,nan,nan
5239,1,5,5,0,0,0,3,245,0,2,0,0,0,0,0,nan,nan,nan,nan,nan,nan,nan
5240,1,5,5,0,0,0,3,245,0,2,0,0,0,0,0,nan,nan,nan,nan,nan,nan,nan
5241,1,4,5,1,0,0,4,245,0,0,0,0,0,1,0,nan,nan,27.429746577091464,nan,nan,33.92225752818922,nan
5242,1,4,5,1,0,0,4,245,0,0,0,0,0,1,0,nan,nan,nan,nan,nan,nan,nan
5243,1,4,5,1,0,0,4,245,0,0,0,0,0,1,0,nan,nan,nan,nan,nan,nan,nan
5244,1,4,5,1,0,0,4,245,0,0,0,0,0,1,0,nan,nan,nan,nan,nan,nan,nan
5245,1,5,5,1,0,0,4,245,0,0,0,0,0,1,0,25.887638566769056,nan,nan,nan,nan,nan,nan
5246,1,5,5,1,0,0,3,246,0,0,0,0,0,1,0,nan,nan,nan,nan,nan,nan,20.78942737419402
5247,1,5,5,1,0,0,3,246,0,0,0,0,0,1,0,nan,nan,nan,nan,nan,nan,nan
5248,1,5,5,1,0,0,3,246,0,0,0,0,0,1,0,nan,nan,nan,nan,nan,nan,nan
5249,1,5,5,1,0,0,3,246,0,0,0,0,1,0,0,nan,nan,nan,nan,21.314155917814787,nan,nan
5250,1,5,5,1,0,0,3,246,0,0,0,0,1,0,0,nan,nan,nan,nan,nan,nan,nan
5251,1,5,5,0,0,0,3,246,0,0,0,0,0,0,0,nan,nan,nan,17.01516124126192,nan,nan,nan
5252,1,5,5,0,0,0,3,246,0,0,0,0,0,0,0,nan,nan,nan,nan,nan,nan,nan
5253,1,5,5,0,0,0,3,246,0,2,0,0,0,0,0,nan,24.01003747569939,nan,nan,nan,nan,nan
5254,1,5,5,0,0,0,3,246,0,2,0,0,0,0,0,nan,nan,nan,nan,nan,nan,nan
5255,1,5,5,0,0,0,3,246,0,2,0,0,0,0,0,nan,nan,nan,nan,nan,nan,nan
5256,1,5,5,0,0,0,3,246,0,2,0,0,0,0,0,nan,nan,nan,nan,nan,nan,nan
5257,1,5,5,0,0,0,2,247,0,2,0,0,0,0,0,nan,nan,nan,nan,nan,nan,10.500926589402297
5258,1,5,5,0,0,0,2,247,0,2,0,0,0,0,0,nan,nan,nan,nan,nan,nan,nan
5259,1,5,5,0,0,0,2,247,0,2,0,0,0,0,0,nan,nan,nan,nan,nan,nan,nan
5260,1,5,5,0,0,0,2,247,0,2,0,0,0,0,0,nan,nan,nan,nan,nan,nan,nan
5261,1,5,5,0,0,0,2,247,0,2,0,0,0,0,0,nan,nan,nan,nan,nan,nan,nan
5262,1,5,5,0,0,0,2,247,0,2,0,0,0,0,0,nan,nan,nan,nan,nan,nan,nan
5263,1,4,5,1,0,0,2,247,0,0,0,0,0,0,0,nan,nan,21.68002632797652,nan,nan,nan,nan
5264,1,4,5,1,0,0,2,247,0,0,0,0,0,0,0,nan,nan,nan,nan,nan,nan,nan
5265,1,4,5,1,0,0,3,247,0,0,0,0,1,0,0,nan,nan,nan,nan,15.763470032168698,24.20640815071056,nan
5266,1,5,5,0,0,0,3,247,0,0,0,0,0,0,0,21.123615953092667,nan,nan,14.44662656176024,nan,nan,nan
5267,1,5,5,0,0,0,3,247,0,0,0,0,0,0,0,nan,nan,nan,nan,nan,nan,nan
5268,1,5,5,0,0,0,3,247,0,0,0,0,0,0,0,nan,nan,nan,nan,nan,nan,nan
5269,1,5,5,0,0,0,3,247,0,0,0,0,0,0,0,nan,nan,nan,nan,nan,nan,nan
5270,1,5,5,0,0,0,3,247,0,0,0,0,0,0,0,nan,nan,nan,nan,nan,nan,nan
5271,1,5,5,0,0,0,3,247,0,0,0,0,0,0,0,nan,nan,nan,nan,nan,nan,nan
5272,1,5,5,0,0,0,3,247,0,0,0,0,0,0,0,nan,nan,nan,nan,nan,nan,nan
5273,1,5,5,0,0,0,3,247,0,0,0,0,0,0,0,nan,nan,nan,nan,nan,nan,nan
5274,1,5,5,0,0,0,3,247,0,0,0,0,0,0,0,nan,nan,nan,nan,nan,nan,nan
5275,1,5,5,0,0,0,3,247,0,0,0,0,0,0,0,nan,nan,nan,nan,nan,nan,nan
5276,1,5,5,0,0,0,3,247,0,0,0,0,0,0,0,nan,nan,nan,nan,nan,nan,nan
5277,1,5,5,0,0,0,3,247,0,2,0,0,0,0,0,nan,24.30190303841573,nan,nan,nan,nan,nan
5278,1,5,5,0,0,1,2,248,0,2,0,0,1,0,0,nan,nan,nan,nan,13.81521197150414,nan,21.275203429487192
5279,1,5,5,0,0,1,2,248,0,2,0,0,1,0,0,nan,nan,nan,nan,nan,nan,nan
5280,1,5,5,0,0,1,2,248,0,2,0,0,1,0,0,nan,nan,nan,nan,nan,nan,nan
5281,1,5,5,0,0,1,2,248,0,2,0,0,1,0,0,nan,nan,nan,nan,nan,nan,nan
5282,1,5,5,0,0,1,2,248,0,2,0,0,1,0,0,nan,nan,nan,nan,nan,nan,nan
5283,1,5,5,0,0,0,3,248,0,2,0,0,1,0,0,nan,nan,nan,nan,nan,17.493800943884708,nan
5284,1,5,5,0,0,0,3,248,0,2,0,1,0,0,0,nan,nan,nan,17.987642805708674,nan,nan,nan
5285,1,5,5,0,0,0,3,248,0,2,0,1,0,0,0,nan,nan,nan,nan,nan,nan,nan
5286,1,5,5,0,0,0,3,248,2,2,0,1,0,0,0,20.52586943067854,nan,nan,nan,nan,nan,nan
5287,1,5,5,0,0,0,3,248,2,2,0,1,0,0,0,nan,nan,nan,nan,nan,nan,nan
5288,1,5,5,0,0,0,3,248,2,2,0,1,0,0,0,nan,nan,nan,nan,nan,nan,nan
5289,1,5,5,0,0,0,3,248,2,2,0,1,0,0,0,nan,nan,nan,nan,nan,nan,nan
5290,1,5,5,0,0,0,3,248,2,2,0,1,0,0,0,nan,nan,nan,nan,nan,nan,nan
5291,1,5,5,0,0,0,3,248,2,2,0,1,0,0,0,nan,nan,nan,nan,nan,nan,nan
5292,1,5,5,0,0,0,3,248,2,2,0,1,0,0,0,nan,nan,nan,nan,nan,nan,nan
5293,1,5,5,0,0,0,4,248,0,0,0,0,0,1,0,nan,nan,30.355769058128317,nan,nan,9.911910304511366,nan
5294,1,5,5,0,0,0,4,248,0,0,0,0,0,1,0,nan,nan,nan,nan,nan,nan,nan
5295,1,5,5,0,0,0,3,249,0,0,0,0,0,1,0,nan,nan,nan,nan,nan,nan,16.957001819640027
5296,1,5,5,0,0,0,3,249,0,0,0,0,0,1,0,nan,nan,nan,nan,nan,nan,nan
5297,1,5,5,0,0,0,3,249,0,0,0,0,0,1,0,nan,nan,nan,nan,nan,nan,nan
5298,1,5,5,0,0,0,3,249,0,0,0,0,0,1,0,nan,nan,nan,nan,nan,nan,nan
5299,1,5,5,0,0,0,3,249,0,0,0,0,0,1,0,nan,nan,nan,nan,nan,nan,nan
5300,1,5,5,0,0,0,3,249,0,0,0,0,0,1,0,nan,nan,nan,nan,nan,nan,nan
5301,1,5,5,0,0,0,3,249,0,0,0,0,0,1,0,nan,nan,nan,nan,nan,nan,nan
5302,1,5,5,0,0,0,3,249,0,0,0,0,0,1,0,nan,nan,nan,nan,nan,nan,nan
5303,1,5,5,0,0,0,3,249,0,0,0,0,0,1,0,nan,nan,nan,nan,nan,nan,nan
5304,1,5,5,0,0,0,3,249,0,0,0,0,0,1,0,nan,nan,nan,nan,nan,nan,nan
5305,1,5,5,0,0,0,3,249,0,0,0,0,0,1,0,nan,nan,nan,nan,nan,nan,nan
5306,1,5,5,0,0,0,2,250,0,0,0,0,0,1,0,nan,nan,nan,nan,nan,nan,10.647424419918025
5307,1,5,5,0,0,0,2,250,0,0,0,0,0,1,0,nan,nan,nan,nan,nan,nan,nan
5308,1,5,4,1,0,0,2,250,0,0,0,0,0,1,0,nan,nan,14.714499201146282,nan,nan,nan,nan
5309,1,5,4,1,0,0,2,250,2,0,0,0,0,1,0,22.650960072729504,nan,nan,nan,nan,nan,nan
5310,1,5,4,1,0,0,2,250,2,0,0,0,0,1,0,nan,nan,nan,nan,nan,nan,nan
5311,1,5,4,1,0,0,2,250,2,0,0,0,0,1,0,nan,nan,nan,nan,nan,nan,nan
5312,1,5,4,1,0,0,2,250,2,0,0,0,0,1,0,nan,nan,nan,nan,nan,nan,nan
5313,1,5,4,1,0,0,2,250,2,0,0,0,1,0,0,nan,nan,nan,nan,34.73805421751058,nan,nan
5314,1,5,4,1,0,0,2,250,2,0,0,0,1,0,0,nan,nan,nan,nan,nan,nan,nan
5315,1,5,4,1,0,0,2,250,2,0,0,0,1,0,0,nan,nan,nan,nan,nan,nan,nan
5316,1,5,4,1,0,0,2,250,2,0,0,0,1,0,0,nan,nan,nan,nan,nan,nan,nan
5317,1,5,4,1,0,0,2,250,2,0,0,0,1,0,0,nan,nan,nan,nan,nan,nan,nan
5318,1,5,4,1,0,0,2,250,2,0,0,0,1,0,0,nan,nan,nan,nan,nan,nan,nan
5319,1,5,4,1,0,0,2,250,2,0,0,0,1,0,0,nan,nan,nan,nan,nan,nan,nan
5320,1,5,4,0,0,0,2,250,2,0,0,0,0,0,0,nan,nan,nan,35.716219091533276,nan,nan,nan
5321,1,5,4,0,0,0,1,251,2,0,0,0,0,0,0,nan,nan,nan,nan,nan,nan,14.735893919209047
5322,1,5,4,0,0,0,1,251,2,0,0,0,0,0,0,nan,nan,nan,nan,nan,nan,nan
5323,1,5,4,0,0,0,1,251,2,0,0,0,0,0,0,nan,nan,nan,nan,nan,nan,nan
5324,1,5,4,0,0,0,1,251,2,0,0,0,0,0,0,nan,nan,nan,nan,nan,nan,nan
5325,1,5,5,0,0,0,1,251,0,0,0,0,0,0,0,nan,47.99752578244443,nan,nan,nan,nan,nan
5326,1,5,5,0,0,0,1,251,0,0,0,0,0,0,0,nan,nan,nan,nan,nan,nan,nan
5327,1,5,5,0,0,0,1,251,0,0,0,0,0,0,0,nan,nan,nan,nan,nan,nan,nan
5328,1,5,5,0,0,0,1,251,0,0,0,0,0,0,0,nan,nan,nan,nan,nan,nan,nan
5329,1,5,4,1,0,0,1,251,0,0,0,0,0,0,0,nan,nan,21.214196822303165,nan,nan,nan,nan
5330,1,5,4,1,0,0,1,251,0,0,0,0,0,0,0,nan,nan,nan,nan,nan,nan,nan
5331,1,5,4,1,0,0,1,251,0,0,0,0,0,0,0,nan,nan,nan,nan,nan,nan,nan
5332,1,5,4,1,0,0,1,251,0,0,0,0,0,0,0,nan,nan,nan,nan,nan,nan,nan
5333,1,5,4,1,0,0,1,251,0,0,0,0,0,0,0,nan,nan,nan,nan,nan,nan,nan
5334,1,5,4,1,0,0,1,251,0,0,0,0,0,0,0,nan,nan,nan,nan,nan,nan,nan
5335,1,5,4,1,0,0,1,251,0,0,0,0,0,0,0,nan,nan,nan,nan,nan,nan,nan
5336,1,5,4,1,0,0,1,251,0,0,0,0,0,0,0,nan,nan,nan,nan,nan,nan,nan
5337,1,5,4,1,0,0,1,252,0,0,0,0,0,1,0,nan,nan,nan,nan,nan,44.56066110166921,16.84824887234754
5338,1,5,4,1,0,0,1,252,0,0,0,0,1,0,0,nan,nan,nan,nan,24.74002995079536,nan,nan
5339,1,5,4,1,0,0,1,252,0,0,0,0,1,0,0,nan,nan,nan,nan,nan,nan,nan
5340,1,5,4,1,0,0,1,252,0,0,0,0,1,0,0,nan,nan,nan,nan,nan,nan,nan
5341,1,4,5,0,0,0,1,252,0,0,0,0,0,0,0,nan,15.948985393480143,nan,21.09628466486265,nan,nan,nan
5342,1,4,5,0,0,0,1,252,0,0,0,0,0,0,0,nan,nan,nan,nan,nan,nan,nan
5343,1,4,5,0,0,0,1,252,0,0,0,0,0,0,0,nan,nan,nan,nan,nan,nan,nan
5344,1,4,5,0,0,0,1,252,0,0,0,0,0,0,0,nan,nan,nan,nan,nan,nan,nan
5345,1,4,5,0,0,0,1,252,0,0,0,0,0,0,0,nan,nan,nan,nan,nan,nan,nan
5346,1,4,5,0,0,0,1,252,0,0,0,0,0,0,0,nan,nan,nan,nan,nan,nan,nan
5347,1,4,5,0,0,0,1,252,0,0,0,0,0,0,0,nan,nan,nan,nan,nan,nan,nan
5348,1,4,5,0,0,0,1,252,0,0,0,0,0,0,0,nan,nan,nan,nan,nan,nan,nan
5349,1,4,4,1,0,0,2,252,0,0,0,0,0,1,0,nan,nan,19.79532937345084,nan,nan,12.295106591208423,nan
5350,1,4,4,1,0,0,1,253,0,0,0,0,0,1,0,nan,nan,nan,nan,nan,nan,12.418434794850327
5351,1,4,4,1,0,0,1,253,0,0,0,0,0,1,0,nan,nan,nan,nan,nan,nan,nan
5352,1,4,4,1,0,0,1,253,0,0,0,0,0,1,0,nan,nan,nan,nan,nan,nan,nan
5353,1,4,4,1,0,0,1,253,0,0,0,0,0,1,0,nan,nan,nan,nan,nan,nan,nan
5354,1,5,4,1,0,0,1,253,0,0,0,0,0,1,0,44.835125584726484,nan,nan,nan,nan,nan,nan
5355,1,4,5,1,0,0,1,253,0,0,0,0,0,1,0,nan,13.348364717769073,nan,nan,nan,nan,nan
5356,1,4,5,1,0,0,1,253,0,0,0,0,0,1,0,nan,nan,nan,nan,nan,nan,nan
5357,1,4,5,1,0,0,1,253,0,0,0,0,0,1,0,nan,nan,nan,nan,nan,nan,nan
5358,1,4,5,1,0,0,1,253,0,0,0,0,0,1,0,nan,nan,nan,nan,nan,nan,nan
5359,1,4,5,1,0,0,1,253,0,0,0,0,0,1,0,nan,nan,nan,nan,nan,nan,nan
5360,1,4,5,0,1,0,1,253,0,0,0,0,0,1,0,nan,nan,nan,19.587699926376445,nan,nan,nan
5361,1,4,5,0,1,0,0,254,0,0,0,0,0,1,0,nan,nan,nan,nan,nan,nan,11.654585920117825
5362,1,4,5,0,1,0,0,254,0,0,0,0,0,1,0,nan,nan,nan,nan,nan,nan,nan
5363,1,4,5,0,1,0,0,254,0,0,0,0,0,1,0,nan,nan,nan,nan,nan,nan,nan
5364,1,4,4,1,1,0,0,254,0,0,0,0,0,1,0,nan,nan,15.75815292590596,nan,nan,nan,nan
5365,1,4,4,1,1,0,0,254,0,0,0,0,0,1,0,nan,nan,nan,nan,nan,nan,nan
5366,1,4,4,1,1,0,0,254,0,0,0,0,0,1,0,nan,nan,nan,nan,nan,nan,nan
5367,1,5,4,1,1,0,0,254,0,0,0,0,0,1,0,13.385026174635641,nan,nan,nan,nan,nan,nan
5368,1,5,4,1,1,0,0,254,0,0,0,0,0,1,0,nan,nan,nan,nan,nan,nan,nan
5369,1,5,4,1,1,0,0,254,0,0,0,0,0,1,0,nan,nan,nan,nan,nan,nan,nan
5370,1,5,4,1,1,0,0,254,0,0,0,0,0,1,0,nan,nan,nan,nan,nan,nan,nan
5371,1,5,4,1,0,0,0,254,0,0,0,0,0,0,0,nan,nan,nan,nan,33.402333493379956,nan,nan
5372,1,5,4,1,0,0,0,254,0,0,0,0,0,0,0,nan,nan,nan,nan,nan,nan,nan
5373,1,5,4,1,0,0,0,254,0,0,0,0,0,0,0,nan,nan,nan,nan,nan,nan,nan
5374,1,5,4,1,0,0,0,254,0,0,0,0,0,0,0,nan,nan,nan,nan,nan,nan,nan
5375,1,5,4,1,0,0,0,254,0,0,0,0,0,0,0,nan,nan,nan,nan,nan,nan,nan
5376,1,5,4,1,0,0,0,254,0,0,0,0,0,0,0,nan,nan,nan,nan,nan,nan,nan
5377,1,4,5,1,0,0,0,254,0,0,0,0,0,0,0,nan,22.352048424091663,nan,nan,nan,nan,nan
5378,1,4,5,1,0,0,0,254,0,0,0,0,0,0,0,nan,nan,nan,nan,nan,nan,nan
5379,1,4,5,0,1,0,0,254,0,0,0,0,0,0,0,nan,nan,nan,18.913375885615096,nan,nan,nan
5380,1,4,5,0,1,0,0,254,0,0,0,0,0,0,0,nan,nan,nan,nan,nan,nan,nan
5381,1,4,5,0,1,0,0,255,0,0,0,0,0,1,0,nan,nan,nan,nan,nan,31.260940246723294,19.174234152394092
5382,1,4,5,0,1,0,0,255,0,0,0,0,0,1,0,nan,nan,nan,nan,nan,nan,nan
5383,1,4,5,0,1,0,0,255,0,0,0,0,0,1,0,nan,nan,nan,nan,nan,nan,nan
5384,1,4,5,0,1,0,0,255,0,0,0,0,0,1,0,nan,nan,nan,nan,nan,nan,nan
5385,1,4,5,0,1,0,0,255,0,0,0,0,0,1,0,nan,nan,nan,nan,nan,nan,nan
5386,1,4,5,0,1,0,0,255,0,0,0,0,0,1,0,nan,nan,nan,nan,nan,nan,nan
5387,1,4,5,0,1,0,0,255,0,0,0,0,0,1,0,nan,nan,nan,nan,nan,nan,nan
5388,1,4,5,0,1,0,0,255,0,0,0,0,0,1,0,nan,nan,nan,nan,nan,nan,nan
5389,1,4,5,0,0,0,0,255,0,0,0,0,0,0,0,nan,nan,nan,nan,17.83599325233172,nan,nan
5390,1,4,5,0,0,0,0,255,0,0,0,0,0,0,0,nan,nan,nan,nan,nan,nan,nan
5391,1,4,5,0,0,0,0,255,0,0,0,0,0,0,0,nan,nan,nan,nan,nan,nan,nan
5392,1,4,5,0,0,0,0,255,0,0,0,0,0,0,0,nan,nan,nan,nan,nan,nan,nan
5393,1,4,5,0,0,0,0,255,0,0,0,0,0,0,0,nan,nan,nan,nan,nan,nan,nan
5394,1,4,5,0,0,0,0,255,0,0,0,0,0,0,0,nan,nan,nan,nan,nan,nan,nan
5395,1,5,5,0,0,0,0,255,0,0,0,0,0,0,0,27.891544810861888,nan,nan,nan,nan,nan,nan
5396,1,5,5,0,0,0,0,255,0,0,0,0,0,0,0,nan,nan,nan,nan,nan,nan,nan
5397,1,5,5,0,0,0,0,255,0,0,0,0,0,0,0,nan,nan,nan,nan,nan,nan,nan
5398,1,5,5,0,0,0,0,255,0,0,0,0,0,0,0,nan,nan,nan,nan,nan,nan,nan
5399,1,5,5,0,0,0,0,255,0,2,0,0,0,0,0,nan,21.940058602412137,nan,nan,nan,nan,nan
5400,1,5,5,0,1,0,0,255,0,2,0,1,0,0,0,nan,nan,nan,21.231894455296242,nan,nan,nan
5401,1,5,5,0,1,0,0,255,0,2,0,1,0,0,0,nan,nan,nan,nan,nan,nan,nan
5402,1,5,5,0,1,0,0,255,0,2,0,1,0,0,0,nan,nan,nan,nan,nan,nan,nan
5403,1,4,5,0,1,0,0,255,0,0,0,0,0,0,0,nan,nan,38.96039705570729,nan,nan,nan,nan
5404,1,4,5,0,1,0,0,255,0,0,0,0,0,0,0,nan,nan,nan,nan,nan,nan,nan
5405,1,4,5,0,1,0,0,255,0,0,0,0,0,0,0,nan,nan,nan,nan,nan,nan,nan
5406,1,4,5,0,1,0,0,255,0,0,0,0,0,0,0,nan,nan,nan,nan,nan,nan,nan
5407,1,4,5,0,1,0,0,255,0,0,0,0,0,0,0,nan,nan,nan,nan,nan,nan,nan
5408,1,5,5,0,0,1,0,255,0,0,0,0,0,0,0,13.11842005658491,nan,nan,nan,18.683346314711343,nan,nan
5409,1,5,5,0,0,1,0,255,0,0,0,0,0,0,0,nan,nan,nan,nan,nan,nan,nan
5410,1,5,5,0,0,1,0,255,0,0,0,0,0,0,0,nan,nan,nan,nan,nan,nan,nan
5411,1,5,5,0,0,1,0,255,0,0,0,0,0,0,0,nan,nan,nan,nan,nan,nan,nan
5412,1,5,5,0,0,1,0,256,0,0,0,0,0,0,1,nan,nan,nan,nan,nan,nan,31.529982702923917
5413,1,5,5,0,0,0,0,256,0,0,0,0,0,0,0,nan,nan,nan,nan,nan,32.08467048398779,nan
5414,1,5,5,0,0,0,0,256,0,0,0,0,0,0,0,nan,nan,nan,nan,nan,nan,nan
5415,1,5,5,0,0,0,0,256,0,0,0,0,0,0,0,nan,nan,nan,nan,nan,nan,nan
5416,1,5,5,0,0,0,0,256,0,0,0,0,0,0,0,nan,nan,nan,nan,nan,nan,nan
5417,1,5,5,0,0,0,0,256,0,0,0,0,0,0,0,nan,nan,nan,nan,nan,nan,nan
5418,1,5,5,0,0,0,0,256,0,0,0,0,0,0,0,nan,nan,nan,nan,nan,nan,nan
5419,1,5,5,0,0,0,0,256,0,0,0,0,0,0,0,nan,nan,nan,nan,nan,nan,nan
5420,1,5,5,0,0,0,0,256,0,2,0,0,0,0,0,nan,21.4076765642767,nan,nan,nan,nan,nan
5421,1,5,5,0,0,0,0,256,0,2,0,0,0,0,0,nan,nan,nan,nan,nan,nan,nan
5422,1,5,5,0,1,0,0,256,0,2,0,1,0,0,0,nan,nan,nan,21.77884054731112,nan,nan,nan
5423,1,5,5,0,1,0,0,257,0,2,0,1,0,0,1,nan,nan,nan,nan,nan,nan,11.08411547115702
5424,1,5,5,0,1,0,0,257,0,2,0,1,0,1,0,nan,nan,nan,nan,nan,11.388189388268074,nan
5425,1,5,5,0,0,0,0,257,0,2,0,1,0,0,0,nan,nan,nan,nan,16.683211719408064,nan,nan
5426,1,5,5,0,0,0,0,257,0,2,0,1,0,0,0,nan,nan,nan,nan,nan,nan,nan
5427,1,5,5,0,0,0,0,257,0,2,0,1,0,0,0,nan,nan,nan,nan,nan,nan,nan
5428,1,5,5,0,0,0,0,257,0,2,0,1,0,0,0,nan,nan,nan,nan,nan,nan,nan
5429,1,5,5,0,0,0,0,257,0,2,0,1,0,0,0,nan,nan,nan,nan,nan,nan,nan
5430,1,5,5,0,0,0,0,257,0,2,0,1,0,0,0,nan,nan,nan,nan,nan,nan,nan
5431,1,5,5,0,0,0,0,257,0,2,0,1,0,0,0,nan,nan,nan,nan,nan,nan,nan
5432,1,5,5,0,0,0,0,257,2,2,0,1,0,0,0,23.84193835611768,nan,nan,nan,nan,nan,nan
5433,1,5,5,0,0,0,0,257,2,2,0,1,0,0,0,nan,nan,nan,nan,nan,nan,nan
5434,1,5,5,0,0,0,0,257,2,2,0,1,0,0,0,nan,nan,nan,nan,nan,nan,nan
5435,1,5,5,0,0,0,0,257,2,2,0,1,0,0,0,nan,nan,nan,nan,nan,nan,nan
5436,1,5,5,0,0,0,0,257,2,2,0,1,0,0,0,nan,nan,nan,nan,nan,nan,nan
5437,1,5,5,0,0,0,0,257,2,2,0,1,0,0,0,nan,nan,nan,nan,nan,nan,nan
5438,1,5,5,0,0,0,0,257,2,2,0,1,0,0,0,nan,nan,nan,nan,nan,nan,nan
5439,1,5,5,0,0,0,0,257,2,2,0,1,0,0,0,nan,nan,nan,nan,nan,nan,nan
5440,1,5,5,0,0,0,0,257,0,0,0,0,0,0,0,nan,nan,36.476486535299955,nan,nan,nan,nan
5441,1,5,5,0,0,0,0,257,0,0,0,0,0,0,0,nan,nan,nan,nan,nan,nan,nan
5442,1,5,5,0,0,0,0,258,0,0,0,0,0,0,1,nan,nan,nan,nan,nan,nan,18.56394823638675
5443,1,5,5,0,0,0,0,258,0,0,0,0,0,0,1,nan,nan,nan,nan,nan,nan,nan
5444,1,5,5,0,0,0,0,258,0,0,0,0,0,0,1,nan,nan,nan,nan,nan,nan,nan
5445,1,5,5,0,0,0,0,258,0,0,0,0,0,1,0,nan,nan,nan,nan,nan,20.399637705038913,nan
5446,1,5,5,0,0,0,0,258,0,0,0,0,0,1,0,nan,nan,nan,nan,nan,nan,nan
5447,1,5,5,0,0,0,0,258,0,0,0,0,1,0,0,nan,nan,nan,nan,22.77854203424522,nan,nan
5448,1,5,5,0,0,0,0,258,0,0,0,0,1,0,0,nan,nan,nan,nan,nan,nan,nan
5449,1,5,5,0,0,0,0,258,0,0,0,0,1,0,0,nan,nan,nan,nan,nan,nan,nan
5450,1,5,5,0,0,0,0,258,0,0,0,0,1,0,0,nan,nan,nan,nan,nan,nan,nan
5451,1,5,5,0,0,0,0,258,0,0,0,0,1,0,0,nan,nan,nan,nan,nan,nan,nan
5452,1,5,5,0,0,0,0,258,0,0,0,0,1,0,0,nan,nan,nan,nan,nan,nan,nan
5453,1,5,5,0,0,0,0,258,0,0,0,0,1,0,0,nan,nan,nan,nan,nan,nan,nan
5454,1,5,5,0,0,0,0,258,0,0,0,0,1,0,0,nan,nan,nan,nan,nan,nan,nan
5455,1,5,5,0,0,0,0,258,0,0,0,0,1,0,0,nan,nan,nan,nan,nan,nan,nan
5456,1,5,5,0,0,0,0,258,0,0,0,0,1,0,0,nan,nan,nan,nan,nan,nan,nan
5457,1,5,5,0,0,0,0,258,2,0,0,0,1,0,0,25.44118899348996,nan,nan,nan,nan,nan,nan
5458,1,5,5,0,0,0,0,258,2,0,0,0,1,0,0,nan,nan,nan,nan,nan,nan,nan
5459,1,5,5,0,0,0,0,258,2,0,0,0,1,0,0,nan,nan,nan,nan,nan,nan,nan
5460,1,5,5,0,0,0,0,258,2,0,0,0,1,0,0,nan,nan,nan,nan,nan,nan,nan
5461,1,5,5,0,0,0,0,258,2,0,0,0,1,0,0,nan,nan,nan,nan,nan,nan,nan
5462,1,5,5,0,0,0,0,258,2,0,0,0,1,0,0,nan,nan,nan,nan,nan,nan,nan
5463,1,5,5,0,0,0,1,258,2,0,0,1,0,1,0,nan,nan,nan,40.87320790765534,nan,17.990355754242046,nan
5464,1,5,5,0,0,0,1,258,2,0,0,1,0,1,0,nan,nan,nan,nan,nan,nan,nan
5465,1,5,5,0,0,0,1,258,2,0,0,1,0,1,0,nan,nan,nan,nan,nan,nan,nan
5466,1,5,5,0,0,0,1,258,2,0,0,1,0,1,0,nan,nan,nan,nan,nan,nan,nan
5467,1,5,5,0,0,0,1,258,2,0,0,1,0,1,0,nan,nan,nan,nan,nan,nan,nan
5468,1,5,5,0,0,0,1,258,2,2,0,1,0,1,0,nan,47.42127553689443,nan,nan,nan,nan,nan
5469,1,5,5,0,0,0,1,258,2,2,0,1,0,1,0,nan,nan,nan,nan,nan,nan,nan
5470,1,5,5,0,0,0,1,258,2,2,0,1,0,1,0,nan,nan,nan,nan,nan,nan,nan
5471,1,5,5,0,0,0,0,259,2,2,0,1,0,1,0,nan,nan,nan,nan,nan,nan,28.755537215572076
5472,1,5,5,0,0,0,0,259,2,2,0,1,0,1,0,nan,nan,nan,nan,nan,nan,nan
5473,1,5,5,0,0,0,0,259,2,2,0,1,0,1,0,nan,nan,nan,nan,nan,nan,nan
5474,1,5,5,0,0,0,0,259,2,2,0,1,0,1,0,nan,nan,nan,nan,nan,nan,nan
5475,1,5,5,0,0,0,0,259,0,0,0,0,1,0,0,nan,nan,35.56484995720166,nan,27.409550359383502,nan,nan
5476,1,5,5,0,0,0,0,259,0,0,0,0,1,0,0,nan,nan,nan,nan,nan,nan,nan
5477,1,5,5,0,0,0,0,259,0,0,0,0,1,0,0,nan,nan,nan,nan,nan,nan,nan
5478,1,5,5,0,0,0,0,259,0,0,0,0,1,0,0,nan,nan,nan,nan,nan,nan,nan
5479,1,5,5,0,0,0,0,259,0,0,0,0,1,0,0,nan,nan,nan,nan,nan,nan,nan
5480,1,5,5,0,0,0,0,259,0,0,0,0,1,0,0,nan,nan,nan,nan,nan,nan,nan
5481,1,5,5,0,0,0,0,259,0,0,0,0,1,0,0,nan,nan,nan,nan,nan,nan,nan
5482,1,5,5,0,0,0,0,259,0,0,0,0,1,0,0,nan,nan,nan,nan,nan,nan,nan
5483,1,5,5,0,0,0,0,259,0,0,0,0,1,0,0,nan,nan,nan,nan,nan,nan,nan
5484,1,5,5,0,0,0,0,259,0,0,0,0,1,0,0,nan,nan,nan,nan,nan,nan,nan
5485,1,5,5,0,0,0,0,260,0,0,0,0,1,0,1,nan,nan,nan,nan,nan,nan,14.460034532408827
5486,1,5,5,0,0,0,0,260,0,0,0,1,0,0,1,nan,nan,nan,23.029775993786643,nan,nan,nan
5487,1,5,5,0,0,0,0,260,0,0,0,1,0,0,1,nan,nan,nan,nan,nan,nan,nan
5488,1,5,5,0,0,0,0,260,0,0,0,1,0,1,0,nan,nan,nan,nan,nan,25.112045457090062,nan
5489,1,5,5,0,0,0,0,260,0,0,0,1,0,1,0,nan,nan,nan,nan,nan,nan,nan
5490,1,5,5,0,0,0,0,260,0,0,0,1,0,1,0,nan,nan,nan,nan,nan,nan,nan
5491,1,5,5,0,0,0,0,260,0,0,0,1,0,1,0,nan,nan,nan,nan,nan,nan,nan
5492,1,5,5,0,0,0,0,260,0,0,0,1,0,1,0,nan,nan,nan,nan,nan,nan,nan
5493,1,5,4,0,0,0,0,260,0,0,0,0,0,1,0,nan,nan,18.151585655128656,nan,nan,nan,nan
5494,1,5,4,0,0,0,0,260,0,0,0,0,0,1,0,nan,nan,nan,nan,nan,nan,nan
5495,1,5,5,0,0,0,0,260,0,0,0,0,0,1,0,37.20154127072419,27.509832940223532,nan,nan,nan,nan,nan
5496,1,5,5,0,0,0,0,260,0,0,0,0,0,1,0,nan,nan,nan,nan,nan,nan,nan
5497,1,5,5,0,0,0,0,260,0,0,0,0,0,1,0,nan,nan,nan,nan,nan,nan,nan
5498,1,5,5,0,0,0,0,260,0,0,0,0,0,1,0,nan,nan,nan,nan,nan,nan,nan
5499,1,5,5,0,0,0,0,260,0,0,0,0,1,0,0,nan,nan,nan,nan,24.207737928090864,nan,nan
5500,1,5,5,0,0,0,0,260,0,0,0,0,1,0,0,nan,nan,nan,nan,nan,nan,nan
5501,1,5,5,0,0,0,0,260,0,0,0,0,1,0,0,nan,nan,nan,nan,nan,nan,nan
5502,1,5,5,0,0,0,0,260,0,0,0,0,1,0,0,nan,nan,nan,nan,nan,nan,nan
5503,1,5,5,0,0,0,0,260,2,0,0,0,1,0,0,8.702309770406828,nan,nan,nan,nan,nan,nan
5504,1,5,5,0,0,0,0,260,2,0,0,0,1,0,0,nan,nan,nan,nan,nan,nan,nan
5505,1,5,5,0,0,0,0,261,2,0,0,0,1,0,1,nan,nan,nan,nan,nan,nan,20.022201884182323
5506,1,5,5,0,0,0,0,261,2,0,0,0,1,0,1,nan,nan,nan,nan,nan,nan,nan
5507,1,5,5,0,0,0,0,261,2,2,0,0,1,0,1,nan,11.848555334219782,nan,nan,nan,nan,nan
5508,1,5,5,0,0,0,0,261,2,2,0,1,0,0,1,nan,nan,nan,21.98427472988169,nan,nan,nan
5509,1,5,5,0,0,0,0,261,2,2,0,1,0,0,1,nan,nan,nan,nan,nan,nan,nan
5510,1,5,5,0,0,0,0,261,0,0,0,0,0,0,1,nan,nan,16.3249304155388,nan,nan,nan,nan
5511,1,5,5,0,0,0,0,261,0,0,0,0,0,0,1,nan,nan,nan,nan,nan,nan,nan
5512,1,5,5,0,0,0,0,261,0,0,0,0,0,0,1,nan,nan,nan,nan,nan,nan,nan
5513,1,5,5,0,0,0,0,261,0,0,0,0,0,1,0,nan,nan,nan,nan,nan,25.00005181506822,nan
5514,1,5,5,0,0,0,0,261,0,0,0,0,0,1,0,nan,nan,nan,nan,nan,nan,nan
5515,1,5,5,0,0,0,0,261,0,0,0,0,0,1,0,nan,nan,nan,nan,nan,nan,nan
5516,1,5,5,0,0,0,0,261,0,0,0,0,0,1,0,nan,nan,nan,nan,nan,nan,nan
5517,1,5,5,0,0,0,0,261,0,0,0,0,0,1,0,nan,nan,nan,nan,nan,nan,nan
5518,1,5,5,0,0,0,0,261,0,0,0,0,0,1,0,nan,nan,nan,nan,nan,nan,nan
5519,1,5,5,0,0,0,0,261,0,0,0,0,0,1,0,nan,nan,nan,nan,nan,nan,nan
5520,1,5,5,0,0,0,0,261,0,0,0,0,0,1,0,nan,nan,nan,nan,nan,nan,nan
5521,1,5,5,0,0,0,0,261,2,0,0,0,0,1,0,17.673332874666812,nan,nan,nan,nan,nan,nan
5522,1,5,5,0,0,0,0,261,2,0,0,0,1,0,0,nan,nan,nan,nan,23.505804536479445,nan,nan
5523,1,5,5,0,0,0,0,261,2,0,0,0,1,0,0,nan,nan,nan,nan,nan,nan,nan
5524,1,5,5,0,0,0,0,261,2,0,0,1,0,0,0,nan,nan,nan,15.742373720179785,nan,nan,nan
5525,1,5,5,0,0,0,0,261,2,0,0,1,0,0,0,nan,nan,nan,nan,nan,nan,nan
5526,1,5,5,0,0,0,0,261,2,0,0,1,0,0,0,nan,nan,nan,nan,nan,nan,nan
5527,1,5,5,0,0,0,0,261,2,0,0,1,0,0,0,nan,nan,nan,nan,nan,nan,nan
5528,1,5,5,0,0,0,0,261,2,2,0,1,0,0,0,nan,20.60767608311562,nan,nan,nan,nan,nan
5529,1,5,5,0,0,0,0,261,2,2,0,1,0,0,0,nan,nan,nan,nan,nan,nan,nan
5530,1,5,5,0,0,0,0,261,2,2,0,1,0,0,0,nan,nan,nan,nan,nan,nan,nan
5531,1,5,5,0,0,0,0,261,2,2,0,1,0,0,0,nan,nan,nan,nan,nan,nan,nan
5532,1,5,5,0,0,0,0,261,2,2,0,1,0,0,0,nan,nan,nan,nan,nan,nan,nan
5533,1,5,5,0,0,0,0,261,2,2,0,1,0,0,0,nan,nan,nan,nan,nan,nan,nan
5534,1,5,5,0,0,1,0,262,2,2,0,1,1,0,1,nan,nan,nan,nan,12.006548547155035,nan,28.750624019345196
5535,1,5,5,0,0,1,0,262,0,0,0,0,1,0,1,nan,nan,24.7398394573147,nan,nan,nan,nan
5536,1,5,5,0,0,1,0,262,0,0,0,0,1,0,1,nan,nan,nan,nan,nan,nan,nan
5537,1,5,5,0,0,1,0,262,0,0,0,0,1,0,1,nan,nan,nan,nan,nan,nan,nan
5538,1,5,5,0,0,1,0,262,0,0,0,0,1,0,1,nan,nan,nan,nan,nan,nan,nan
5539,1,5,5,0,0,1,0,262,0,0,0,0,1,0,1,nan,nan,nan,nan,nan,nan,nan
5540,1,5,5,0,0,1,0,262,0,0,0,0,1,0,1,nan,nan,nan,nan,nan,nan,nan
5541,1,5,5,0,0,1,0,262,0,0,0,0,1,0,1,nan,nan,nan,nan,nan,nan,nan
5542,1,5,5,0,0,1,0,262,0,0,0,0,1,0,1,nan,nan,nan,nan,nan,nan,nan
5543,1,5,5,0,0,0,0,262,0,0,0,0,1,0,0,nan,nan,nan,nan,nan,30.264701771559885,nan
5544,1,5,5,0,0,0,0,262,0,0,0,0,1,0,0,nan,nan,nan,nan,nan,nan,nan
5545,1,5,5,0,0,0,0,262,0,0,0,1,0,0,0,nan,nan,nan,21.292894423406324,nan,nan,nan
5546,1,5,5,0,0,0,0,262,0,0,0,1,0,0,0,nan,nan,nan,nan,nan,nan,nan
5547,1,5,5,0,0,0,0,262,0,0,0,1,0,0,0,nan,nan,nan,nan,nan,nan,nan
5548,1,5,5,0,0,0,0,262,2,0,0,1,0,0,0,26.663628341681033,nan,nan,nan,nan,nan,nan
5549,1,5,5,0,0,0,0,262,2,0,0,1,0,0,0,nan,nan,nan,nan,nan,nan,nan
5550,1,5,5,0,0,0,0,262,2,0,0,1,0,0,0,nan,nan,nan,nan,nan,nan,nan
5551,1,5,5,0,0,0,0,262,2,0,0,1,0,0,0,nan,nan,nan,nan,nan,nan,nan
5552,1,5,5,0,0,0,0,262,2,0,0,1,0,0,0,nan,nan,nan,nan,nan,nan,nan
5553,1,5,5,0,0,0,0,262,2,0,0,1,0,0,0,nan,nan,nan,nan,nan,nan,nan
5554,1,5,5,0,0,0,0,262,2,0,0,1,0,0,0,nan,nan,nan,nan,nan,nan,nan
5555,1,5,5,0,0,0,0,262,2,0,0,1,0,0,0,nan,nan,nan,nan,nan,nan,nan
5556,1,5,5,0,0,0,0,262,2,2,0,1,0,0,0,nan,28.40631921459226,nan,nan,nan,nan,nan
5557,1,5,5,0,0,0,0,262,2,2,0,1,0,0,0,nan,nan,nan,nan,nan,nan,nan
5558,1,5,5,0,0,0,0,263,2,2,0,1,0,0,1,nan,nan,nan,nan,nan,nan,24.30793290101792
5559,1,5,5,0,0,0,0,263,2,2,0,1,0,0,1,nan,nan,nan,nan,nan,nan,nan
5560,1,5,5,0,0,0,0,263,2,2,0,1,0,0,1,nan,nan,nan,nan,nan,nan,nan
5561,1,5,5,0,0,0,0,263,0,0,0,0,0,0,1,nan,nan,26.12955637343657,nan,nan,nan,nan
5562,1,5,5,0,0,0,0,263,0,0,0,0,0,0,1,nan,nan,nan,nan,nan,nan,nan
5563,1,5,5,0,0,0,0,263,0,0,0,0,0,0,1,nan,nan,nan,nan,nan,nan,nan
5564,1,5,5,0,0,0,0,263,0,0,0,0,0,0,1,nan,nan,nan,nan,nan,nan,nan
5565,1,5,5,0,0,0,0,263,0,0,0,0,0,0,1,nan,nan,nan,nan,nan,nan,nan
5566,1,5,5,0,0,0,0,263,0,0,0,0,0,0,1,nan,nan,nan,nan,nan,nan,nan
5567,1,5,5,0,0,0,0,263,0,0,0,0,0,0,1,nan,nan,nan,nan,nan,nan,nan
5568,1,5,5,0,0,1,0,263,0,0,0,0,1,0,1,nan,nan,nan,nan,33.26138184311549,nan,nan
5569,1,5,5,0,0,1,0,263,0,0,0,0,1,0,1,nan,nan,nan,nan,nan,nan,nan
5570,1,5,5,0,0,1,0,263,0,0,0,0,1,0,1,nan,nan,nan,nan,nan,nan,nan
5571,1,5,5,0,0,1,0,263,0,0,0,0,1,0,1,nan,nan,nan,nan,nan,nan,nan
5572,1,5,5,0,0,1,0,263,0,0,0,0,1,0,1,nan,nan,nan,nan,nan,nan,nan
5573,1,5,5,0,0,1,0,263,0,0,0,0,1,0,1,nan,nan,nan,nan,nan,nan,nan
5574,1,5,5,0,0,1,0,263,0,0,0,0,1,0,1,nan,nan,nan,nan,nan,nan,nan
5575,1,5,5,0,0,1,0,263,0,0,0,0,1,0,1,nan,nan,nan,nan,nan,nan,nan
5576,1,5,5,0,0,1,0,263,2,0,0,0,1,0,1,28.48649196760107,nan,nan,nan,nan,nan,nan
5577,1,5,5,0,0,1,0,263,2,0,0,1,0,0,1,nan,nan,nan,31.693141676525556,nan,nan,nan
5578,1,5,5,0,0,0,0,263,2,0,0,1,0,0,0,nan,nan,nan,nan,nan,34.992025199776435,nan
5579,1,5,5,0,0,0,0,263,2,2,0,1,0,0,0,nan,22.963240699262315,nan,nan,nan,nan,nan
5580,1,5,5,0,0,0,0,263,2,2,0,1,0,0,0,nan,nan,nan,nan,nan,nan,nan
5581,1,5,5,0,0,0,0,263,2,2,0,1,0,0,0,nan,nan,nan,nan,nan,nan,nan
5582,1,5,5,0,0,0,0,263,2,2,0,1,0,0,0,nan,nan,nan,nan,nan,nan,nan
5583,1,5,5,0,0,0,0,263,2,2,0,1,0,0,0,nan,nan,nan,nan,nan,nan,nan
5584,1,5,5,0,0,0,0,263,2,2,0,1,0,0,0,nan,nan,nan,nan,nan,nan,nan
5585,1,5,5,0,0,0,0,263,2,2,0,1,0,0,0,nan,nan,nan,nan,nan,nan,nan
5586,1,5,5,0,0,0,0,263,2,2,0,1,0,0,0,nan,nan,nan,nan,nan,nan,nan
5587,1,5,5,0,0,0,0,263,2,2,0,1,0,0,0,nan,nan,nan,nan,nan,nan,nan
5588,1,5,5,0,0,0,0,263,2,2,0,1,0,0,0,nan,nan,nan,nan,nan,nan,nan
5589,1,5,5,0,0,0,0,263,0,0,0,0,0,0,0,nan,nan,27.808333462472547,nan,nan,nan,nan
5590,1,5,5,0,0,0,0,263,0,0,0,0,0,0,0,nan,nan,nan,nan,nan,nan,nan
5591,1,5,5,0,0,0,0,263,0,0,0,0,0,0,0,nan,nan,nan,nan,nan,nan,nan
5592,1,5,5,0,0,0,0,263,0,0,0,0,0,0,0,nan,nan,nan,nan,nan,nan,nan
5593,1,5,5,0,0,0,0,263,0,0,0,0,0,0,0,nan,nan,nan,nan,nan,nan,nan
5594,1,5,5,0,0,0,0,263,0,0,0,0,0,0,0,nan,nan,nan,nan,nan,nan,nan
5595,1,5,5,0,0,0,0,263,0,0,0,0,0,0,0,nan,nan,nan,nan,nan,nan,nan
5596,1,5,5,0,0,1,0,263,0,0,0,0,1,0,0,nan,nan,nan,nan,28.21684698842364,nan,nan
5597,1,5,5,0,0,1,0,263,0,0,0,0,1,0,0,nan,nan,nan,nan,nan,nan,nan
5598,1,5,5,0,0,0,1,263,0,0,0,0,1,0,0,nan,nan,nan,nan,nan,19.950501151988647,nan
5599,1,5,5,0,0,0,1,263,0,0,0,0,1,0,0,nan,nan,nan,nan,nan,nan,nan
5600,1,5,5,0,0,0,0,264,0,0,0,1,0,0,0,nan,nan,nan,22.75660623508429,nan,nan,41.88158790972466
5601,1,5,5,0,0,0,0,264,0,0,0,1,0,0,0,nan,nan,nan,nan,nan,nan,nan
5602,1,5,5,0,0,0,0,264,0,0,0,1,0,0,0,nan,nan,nan,nan,nan,nan,nan
5603,1,5,5,0,0,0,0,264,0,2,0,1,0,0,0,nan,23.702046219038493,nan,nan,nan,nan,nan
5604,1,5,5,0,0,0,0,264,0,2,0,1,0,0,0,nan,nan,nan,nan,nan,nan,nan
5605,1,4,5,0,0,0,0,264,0,0,0,0,0,0,0,nan,nan,16.648973904458217,nan,nan,nan,nan
5606,1,4,5,0,0,0,0,264,0,0,0,0,0,0,0,nan,nan,nan,nan,nan,nan,nan
5607,1,4,5,0,0,0,0,264,0,0,0,0,0,0,0,nan,nan,nan,nan,nan,nan,nan
5608,1,4,5,0,0,0,0,264,0,0,0,0,0,0,0,nan,nan,nan,nan,nan,nan,nan
5609,1,4,5,0,0,0,1,264,0,0,0,0,0,1,0,nan,nan,nan,nan,nan,10.67413458853116,nan
5610,1,4,5,0,0,0,1,264,0,0,0,0,0,1,0,nan,nan,nan,nan,nan,nan,nan
5611,1,4,5,0,0,0,1,264,0,0,0,0,0,1,0,nan,nan,nan,nan,nan,nan,nan
5612,1,4,5,0,0,0,1,264,0,0,0,0,0,1,0,nan,nan,nan,nan,nan,nan,nan
5613,1,4,5,0,0,0,1,264,0,0,0,0,0,1,0,nan,nan,nan,nan,nan,nan,nan
5614,1,5,5,0,0,0,1,264,0,0,0,0,0,1,0,38.047324007043244,nan,nan,nan,nan,nan,nan
5615,1,5,5,0,0,0,1,264,0,0,0,0,0,1,0,nan,nan,nan,nan,nan,nan,nan
5616,1,5,5,0,0,0,1,264,0,0,0,0,0,1,0,nan,nan,nan,nan,nan,nan,nan
5617,1,5,5,0,1,0,1,264,0,0,0,1,0,1,0,nan,nan,nan,17.469570900115286,nan,nan,nan
5618,1,5,5,0,1,0,1,264,0,0,0,1,0,1,0,nan,nan,nan,nan,nan,nan,nan
5619,1,5,5,0,1,0,1,264,0,0,0,1,0,1,0,nan,nan,nan,nan,nan,nan,nan
5620,1,5,5,0,0,0,1,264,0,0,0,1,0,0,0,nan,nan,nan,nan,23.612000134316077,nan,nan
5621,1,5,5,0,0,0,1,264,0,0,0,1,0,0,0,nan,nan,nan,nan,nan,nan,nan
5622,1,5,5,0,0,0,1,264,0,0,0,1,0,0,0,nan,nan,nan,nan,nan,nan,nan
5623,1,5,5,0,0,0,1,264,0,0,0,1,0,0,0,nan,nan,nan,nan,nan,nan,nan
5624,1,5,5,0,0,0,1,264,0,0,0,1,0,0,0,nan,nan,nan,nan,nan,nan,nan
5625,1,5,5,0,0,0,1,264,0,0,0,1,0,0,0,nan,nan,nan,nan,nan,nan,nan
5626,1,5,5,0,0,0,1,264,0,0,0,1,0,0,0,nan,nan,nan,nan,nan,nan,nan
5627,1,5,5,0,0,0,1,264,0,0,0,1,0,0,0,nan,nan,nan,nan,nan,nan,nan
5628,1,5,5,0,0,0,1,264,0,0,0,1,0,0,0,nan,nan,nan,nan,nan,nan,nan
5629,1,5,5,0,0,0,1,264,0,0,0,1,0,0,0,nan,nan,nan,nan,nan,nan,nan
5630,1,5,5,0,0,0,1,264,2,0,0,1,0,0,0,15.609632083925135,nan,nan,nan,nan,nan,nan
5631,1,5,4,0,0,0,1,264,2,0,0,0,0,0,0,nan,nan,25.92135169366975,nan,nan,nan,nan
5632,1,5,4,0,0,0,1,264,2,0,0,0,0,0,0,nan,nan,nan,nan,nan,nan,nan
5633,1,5,5,0,0,0,1,264,0,0,0,0,0,0,0,nan,30.46660797259119,nan,nan,nan,nan,nan
5634,1,5,5,0,0,0,1,264,0,0,0,0,0,0,0,nan,nan,nan,nan,nan,nan,nan
5635,1,5,5,0,0,0,1,264,0,0,0,0,0,0,0,nan,nan,nan,nan,nan,nan,nan
5636,1,5,5,0,0,0,2,264,0,0,0,0,0,1,0,nan,nan,nan,nan,nan,26.931276620591234,nan
5637,1,5,5,0,0,0,2,264,0,0,0,0,0,1,0,nan,nan,nan,nan,nan,nan,nan
5638,1,5,5,0,0,0,2,264,0,0,0,0,0,1,0,nan,nan,nan,nan,nan,nan,nan
5639,1,5,5,0,0,0,2,264,0,0,0,0,0,1,0,nan,nan,nan,nan,nan,nan,nan
5640,1,5,5,0,0,0,2,264,0,0,0,0,0,1,0,nan,nan,nan,nan,nan,nan,nan
5641,1,5,5,0,0,0,2,264,0,0,0,0,0,1,0,nan,nan,nan,nan,nan,nan,nan
5642,1,5,5,0,0,0,2,264,0,0,0,0,0,1,0,nan,nan,nan,nan,nan,nan,nan
5643,1,5,5,0,0,0,2,264,0,0,0,0,0,1,0,nan,nan,nan,nan,nan,nan,nan
5644,1,5,5,0,0,0,2,264,0,0,0,0,1,0,0,nan,nan,nan,nan,24.24208585879569,nan,nan
5645,1,5,5,0,0,0,1,265,0,0,0,0,1,0,0,nan,nan,nan,nan,nan,nan,44.56644366180626
5646,1,5,5,0,0,0,1,265,0,0,0,0,1,0,0,nan,nan,nan,nan,nan,nan,nan
5647,1,5,5,0,0,0,1,265,0,0,0,0,1,0,0,nan,nan,nan,nan,nan,nan,nan
5648,1,5,5,0,0,0,1,265,2,0,0,0,1,0,0,18.233063764095277,nan,nan,nan,nan,nan,nan
5649,1,5,5,0,0,0,1,265,2,0,0,1,0,0,0,nan,nan,nan,31.72353094929713,nan,nan,nan
5650,1,5,5,0,0,0,1,265,2,0,0,1,0,0,0,nan,nan,nan,nan,nan,nan,nan
5651,1,5,5,0,0,0,1,265,2,2,0,1,0,0,0,nan,17.770941695688634,nan,nan,nan,nan,nan
5652,1,5,5,0,0,0,1,265,2,2,0,1,0,0,0,nan,nan,nan,nan,nan,nan,nan
5653,1,5,5,0,0,0,1,265,2,2,0,1,0,0,0,nan,nan,nan,nan,nan,nan,nan
5654,1,5,5,0,0,0,1,265,2,2,0,1,0,0,0,nan,nan,nan,nan,nan,nan,nan
5655,1,5,5,0,0,0,1,265,2,2,0,1,0,0,0,nan,nan,nan,nan,nan,nan,nan
5656,1,5,5,0,0,0,1,265,2,2,0,1,0,0,0,nan,nan,nan,nan,nan,nan,nan
5657,1,5,5,0,0,0,1,265,2,2,0,1,0,0,0,nan,nan,nan,nan,nan,nan,nan
5658,1,5,5,0,0,0,1,265,2,2,0,1,0,0,0,nan,nan,nan,nan,nan,nan,nan
5659,1,5,5,0,0,0,2,265,2,2,0,1,0,1,0,nan,nan,nan,nan,nan,23.262339779110334,nan
5660,1,5,5,0,0,0,2,265,2,2,0,1,0,1,0,nan,nan,nan,nan,nan,nan,nan
5661,1,5,5,0,0,0,1,266,2,2,0,1,0,1,0,nan,nan,nan,nan,nan,nan,16.59264563530178
5662,1,5,5,0,0,0,1,266,2,2,0,1,1,0,0,nan,nan,nan,nan,18.40031299634211,nan,nan
5663,1,5,5,0,0,0,1,266,2,2,0,1,1,0,0,nan,nan,nan,nan,nan,nan,nan
5664,1,5,5,0,0,0,1,266,2,2,0,1,1,0,0,nan,nan,nan,nan,nan,nan,nan
5665,1,5,5,0,0,0,1,266,2,2,0,1,1,0,0,nan,nan,nan,nan,nan,nan,nan
5666,1,5,5,0,0,0,1,266,2,2,0,1,1,0,0,nan,nan,nan,nan,nan,nan,nan
5667,1,5,5,0,0,0,1,266,0,0,0,0,1,0,0,nan,nan,35.92843333003384,nan,nan,nan,nan
5668,1,5,5,0,0,0,1,266,0,0,0,0,1,0,0,nan,nan,nan,nan,nan,nan,nan
5669,1,5,5,0,0,0,1,266,0,0,0,0,1,0,0,nan,nan,nan,nan,nan,nan,nan
5670,1,5,5,0,0,0,1,266,0,0,0,0,1,0,0,nan,nan,nan,nan,nan,nan,nan
5671,1,5,5,0,0,0,1,266,0,0,0,0,1,0,0,nan,nan,nan,nan,nan,nan,nan
5672,1,5,5,0,0,0,1,266,0,0,0,0,1,0,0,nan,nan,nan,nan,nan,nan,nan
5673,1,5,5,0,0,0,1,266,0,0,0,0,1,0,0,nan,nan,nan,nan,nan,nan,nan
5674,1,5,5,0,0,0,1,266,0,0,0,0,1,0,0,nan,nan,nan,nan,nan,nan,nan
5675,1,5,5,0,0,0,1,266,0,0,0,0,1,0,0,nan,nan,nan,nan,nan,nan,nan
5676,1,5,5,0,0,0,1,266,0,0,0,0,1,0,0,nan,nan,nan,nan,nan,nan,nan
5677,1,5,5,0,0,0,1,266,0,0,0,0,1,0,0,nan,nan,nan,nan,nan,nan,nan
5678,1,5,5,0,0,0,1,266,0,0,0,0,1,0,0,nan,nan,nan,nan,nan,nan,nan
5679,1,5,5,0,0,0,1,266,0,0,0,0,1,0,0,nan,nan,nan,nan,nan,nan,nan
5680,1,5,5,0,0,0,1,266,0,0,0,0,1,0,0,nan,nan,nan,nan,nan,nan,nan
5681,1,5,5,0,0,0,0,267,0,0,0,0,1,0,0,nan,nan,nan,nan,nan,nan,20.08269988871689
5682,1,5,5,0,0,0,0,267,0,0,0,0,1,0,0,nan,nan,nan,nan,nan,nan,nan
5683,1,5,5,0,0,0,0,267,0,0,0,0,1,0,0,nan,nan,nan,nan,nan,nan,nan
5684,1,5,5,0,0,0,0,267,0,0,0,0,1,0,0,nan,nan,nan,nan,nan,nan,nan
5685,1,5,5,0,0,0,0,267,0,0,0,0,1,0,0,nan,nan,nan,nan,nan,nan,nan
5686,1,5,4,1,0,0,0,267,2,0,0,0,1,0,0,37.906243603985786,nan,18.603269727452243,nan,nan,nan,nan
5687,1,5,4,1,0,0,0,267,2,0,0,0,1,0,0,nan,nan,nan,nan,nan,nan,nan
5688,1,5,4,1,0,0,0,267,2,0,0,0,1,0,0,nan,nan,nan,nan,nan,nan,nan
5689,1,5,5,1,0,0,0,267,0,0,0,0,1,0,0,nan,38.02258498094761,nan,nan,nan,nan,nan
5690,1,5,5,0,0,0,0,267,0,0,0,0,0,0,0,nan,nan,nan,40.96580837515103,nan,nan,nan
5691,1,5,5,0,0,0,0,267,0,0,0,0,0,0,0,nan,nan,nan,nan,nan,nan,nan
5692,1,5,5,0,0,0,0,267,0,0,0,0,0,0,0,nan,nan,nan,nan,nan,nan,nan
5693,1,5,5,0,0,0,0,267,0,0,0,0,0,0,0,nan,nan,nan,nan,nan,nan,nan
5694,1,5,5,0,0,0,0,268,0,0,0,0,0,1,0,nan,nan,nan,nan,nan,34.8565356284289,13.061189460652713
5695,1,5,5,0,0,0,0,268,0,0,0,0,0,1,0,nan,nan,nan,nan,nan,nan,nan
5696,1,5,5,0,0,0,0,268,0,0,0,0,0,1,0,nan,nan,nan,nan,nan,nan,nan
5697,1,5,5,0,0,0,0,268,0,0,0,0,0,1,0,nan,nan,nan,nan,nan,nan,nan
5698,1,5,5,0,0,0,0,268,0,0,0,0,0,1,0,nan,nan,nan,nan,nan,nan,nan
5699,1,5,5,0,0,0,0,268,0,0,0,0,0,1,0,nan,nan,nan,nan,nan,nan,nan
5700,1,5,5,0,0,0,0,268,0,0,0,0,0,1,0,nan,nan,nan,nan,nan,nan,nan
5701,1,5,4,1,0,0,0,268,0,0,0,0,0,1,0,nan,nan,15.2851817206747,nan,nan,nan,nan
5702,1,4,5,1,0,0,0,268,0,0,0,0,1,0,0,nan,13.193801818776592,nan,nan,39.861698455273654,nan,nan
5703,1,4,5,1,0,0,0,268,0,0,0,0,1,0,0,nan,nan,nan,nan,nan,nan,nan
5704,1,4,5,1,0,0,0,268,0,0,0,0,1,0,0,nan,nan,nan,nan,nan,nan,nan
5705,1,4,5,1,0,0,0,268,0,0,0,0,1,0,0,nan,nan,nan,nan,nan,nan,nan
5706,1,5,5,1,0,0,0,268,0,0,0,0,1,0,0,20.44355123934656,nan,nan,nan,nan,nan,nan
5707,1,5,5,1,0,0,0,268,0,0,0,0,1,0,0,nan,nan,nan,nan,nan,nan,nan
5708,1,5,5,0,0,0,0,268,0,0,0,0,0,0,0,nan,nan,nan,18.408215842083337,nan,nan,nan
5709,1,5,5,0,0,0,0,268,0,0,0,0,0,0,0,nan,nan,nan,nan,nan,nan,nan
5710,1,5,5,0,0,0,0,269,0,0,0,0,0,0,1,nan,nan,nan,nan,nan,nan,16.063862723988677
5711,1,5,5,0,0,0,0,269,0,0,0,0,0,0,1,nan,nan,nan,nan,nan,nan,nan
5712,1,5,5,0,0,0,0,269,0,0,0,0,0,0,1,nan,nan,nan,nan,nan,nan,nan
5713,1,5,5,0,0,0,0,269,0,0,0,0,0,0,1,nan,nan,nan,nan,nan,nan,nan
5714,1,5,5,0,0,0,0,269,0,0,0,0,0,0,1,nan,nan,nan,nan,nan,nan,nan
5715,1,5,5,0,0,0,0,269,0,0,0,0,0,0,1,nan,nan,nan,nan,nan,nan,nan
5716,1,5,5,0,0,0,0,269,0,0,0,0,0,0,1,nan,nan,nan,nan,nan,nan,nan
5717,1,5,5,0,0,0,0,269,0,0,0,0,0,0,1,nan,nan,nan,nan,nan,nan,nan
5718,1,5,5,0,0,0,0,269,0,0,0,0,0,0,1,nan,nan,nan,nan,nan,nan,nan
5719,1,5,5,0,0,0,0,269,0,0,0,0,0,0,1,nan,nan,nan,nan,nan,nan,nan
5720,1,5,5,0,1,0,0,269,0,0,0,1,0,0,1,nan,nan,nan,11.820819366221258,nan,nan,nan
5721,1,5,5,0,1,0,0,269,0,0,0,1,0,1,0,nan,nan,nan,nan,nan,26.91384094089335,nan
5722,1,5,5,0,1,0,0,269,0,0,0,1,0,1,0,nan,nan,nan,nan,nan,nan,nan
5723,1,5,5,0,1,0,0,269,0,0,0,1,0,1,0,nan,nan,nan,nan,nan,nan,nan
5724,1,5,4,0,1,0,0,269,0,0,0,0,0,1,0,nan,nan,23.368114063133362,nan,nan,nan,nan
5725,1,5,4,0,1,0,0,269,0,0,0,0,0,1,0,nan,nan,nan,nan,nan,nan,nan
5726,1,5,4,0,1,0,0,269,0,0,0,0,0,1,0,nan,nan,nan,nan,nan,nan,nan
5727,1,5,4,0,1,0,0,269,0,0,0,0,0,1,0,nan,nan,nan,nan,nan,nan,nan
5728,1,5,4,0,1,0,0,269,0,0,0,0,0,1,0,nan,nan,nan,nan,nan,nan,nan
5729,1,4,5,0,1,0,0,269,0,0,0,0,0,1,0,nan,27.153588562064215,nan,nan,nan,nan,nan
5730,1,4,5,0,1,0,0,269,0,0,0,0,0,1,0,nan,nan,nan,nan,nan,nan,nan
5731,1,4,5,0,1,0,0,269,0,0,0,0,0,1,0,nan,nan,nan,nan,nan,nan,nan
5732,1,4,5,0,1,0,0,269,0,0,0,0,0,1,0,nan,nan,nan,nan,nan,nan,nan
5733,1,4,5,0,1,0,0,269,0,0,0,0,0,1,0,nan,nan,nan,nan,nan,nan,nan
5734,1,4,5,0,1,0,0,269,0,0,0,0,0,1,0,nan,nan,nan,nan,nan,nan,nan
5735,1,4,5,0,1,0,0,269,0,0,0,0,0,1,0,nan,nan,nan,nan,nan,nan,nan
5736,1,5,5,0,1,0,0,269,0,0,0,0,0,1,0,29.442919844285825,nan,nan,nan,nan,nan,nan
5737,1,5,5,0,1,0,0,269,0,0,0,0,0,1,0,nan,nan,nan,nan,nan,nan,nan
5738,1,5,5,0,2,0,0,269,0,0,0,1,0,1,0,nan,nan,nan,18.349514204918705,nan,nan,nan
5739,1,5,4,0,1,0,0,269,0,0,0,0,0,0,0,nan,nan,14.720433105996563,nan,36.88279403636989,nan,nan
5740,1,5,4,0,1,0,0,269,0,0,0,0,0,0,0,nan,nan,nan,nan,nan,nan,nan
5741,1,5,4,0,1,0,0,269,0,0,0,0,0,0,0,nan,nan,nan,nan,nan,nan,nan
5742,1,4,5,0,1,0,0,270,0,0,0,0,0,0,1,nan,13.09845174449947,nan,nan,nan,nan,31.717974434743155
5743,1,4,5,0,1,0,0,270,0,0,0,0,0,0,1,nan,nan,nan,nan,nan,nan,nan
5744,1,4,5,0,1,0,0,270,0,0,0,0,0,0,1,nan,nan,nan,nan,nan,nan,nan
5745,1,4,5,0,1,0,0,270,0,0,0,0,0,0,1,nan,nan,nan,nan,nan,nan,nan
5746,1,4,5,0,1,0,0,270,0,0,0,0,0,0,1,nan,nan,nan,nan,nan,nan,nan
5747,1,4,5,0,1,0,0,270,0,0,0,0,0,0,1,nan,nan,nan,nan,nan,nan,nan
5748,1,4,5,0,1,0,0,270,0,0,0,0,0,0,1,nan,nan,nan,nan,nan,nan,nan
5749,1,4,5,0,0,1,0,270,0,0,0,0,0,0,1,nan,nan,nan,nan,9.754415661938765,nan,nan
5750,1,4,5,0,1,1,0,270,0,0,0,1,0,0,1,nan,nan,nan,12.07175555183494,nan,nan,nan
5751,1,5,5,0,1,0,0,270,0,0,0,1,0,0,0,15.422200623318531,nan,nan,nan,nan,30.66539021056542,nan
5752,1,5,5,0,1,0,0,270,0,0,0,1,0,0,0,nan,nan,nan,nan,nan,nan,nan
5753,1,5,5,0,1,0,0,270,0,0,0,1,0,0,0,nan,nan,nan,nan,nan,nan,nan
5754,1,5,5,0,1,0,0,270,0,0,0,1,0,0,0,nan,nan,nan,nan,nan,nan,nan
5755,1,5,5,0,1,0,0,270,0,0,0,1,0,0,0,nan,nan,nan,nan,nan,nan,nan
5756,1,5,5,0,1,0,0,270,0,0,0,1,0,0,0,nan,nan,nan,nan,nan,nan,nan
5757,1,5,5,0,1,0,0,270,0,0,0,1,0,0,0,nan,nan,nan,nan,nan,nan,nan
5758,1,5,5,0,1,0,0,270,0,0,0,1,0,0,0,nan,nan,nan,nan,nan,nan,nan
5759,1,5,5,0,1,0,0,270,0,0,0,1,0,0,0,nan,nan,nan,nan,nan,nan,nan
5760,1,5,5,0,1,0,0,271,0,0,0,1,0,0,1,nan,nan,nan,nan,nan,nan,17.51161804021831
5761,1,5,5,0,1,0,0,271,0,0,0,1,0,0,1,nan,nan,nan,nan,nan,nan,nan
5762,1,5,5,0,1,0,0,271,0,0,0,1,0,0,1,nan,nan,nan,nan,nan,nan,nan
5763,1,5,5,0,1,0,0,271,0,0,0,1,0,0,1,nan,nan,nan,nan,nan,nan,nan
5764,1,5,4,0,1,0,0,271,0,0,0,0,0,0,1,nan,nan,25.074150847954115,nan,nan,nan,nan
5765,1,5,4,0,1,0,0,271,0,0,0,0,0,0,1,nan,nan,nan,nan,nan,nan,nan
5766,1,5,4,0,1,0,0,271,0,0,0,0,0,0,1,nan,nan,nan,nan,nan,nan,nan
5767,1,5,4,0,1,0,0,271,0,0,0,0,0,0,1,nan,nan,nan,nan,nan,nan,nan
5768,1,4,5,0,1,0,0,271,0,0,0,0,0,0,1,nan,25.408844075911475,nan,nan,nan,nan,nan
5769,1,4,5,0,1,0,0,271,0,0,0,0,0,1,0,nan,nan,nan,nan,nan,17.324025455936862,nan
5770,1,5,5,0,1,0,0,271,0,0,0,0,0,1,0,18.37250231535654,nan,nan,nan,nan,nan,nan
5771,1,5,5,0,0,0,0,271,0,0,0,0,0,0,0,nan,nan,nan,nan,21.95374437286864,nan,nan
5772,1,5,5,0,0,0,0,271,0,0,0,0,0,0,0,nan,nan,nan,nan,nan,nan,nan
5773,1,5,5,0,0,0,0,271,0,0,0,0,0,0,0,nan,nan,nan,nan,nan,nan,nan
5774,1,5,5,0,0,0,0,271,0,0,0,0,0,0,0,nan,nan,nan,nan,nan,nan,nan
5775,1,5,5,0,0,0,0,271,0,0,0,0,0,0,0,nan,nan,nan,nan,nan,nan,nan
5776,1,5,5,0,0,0,0,271,0,0,0,0,0,0,0,nan,nan,nan,nan,nan,nan,nan
5777,1,5,5,0,0,0,0,271,0,0,0,0,0,0,0,nan,nan,nan,nan,nan,nan,nan
5778,1,5,5,0,0,0,0,271,0,0,0,0,0,0,0,nan,nan,nan,nan,nan,nan,nan
5779,1,5,5,0,0,0,0,271,0,0,0,0,0,0,0,nan,nan,nan,nan,nan,nan,nan
5780,1,5,5,0,0,0,0,271,0,0,0,0,0,0,0,nan,nan,nan,nan,nan,nan,nan
5781,1,5,5,0,0,1,0,271,0,0,0,0,1,0,0,nan,nan,nan,nan,10.26510703283384,nan,nan
5782,1,5,5,0,0,1,0,272,0,0,0,0,1,0,1,nan,nan,nan,nan,nan,nan,22.869633957403494
5783,1,5,5,0,0,1,0,272,0,0,0,0,1,0,1,nan,nan,nan,nan,nan,nan,nan
5784,1,5,5,0,0,0,0,272,0,0,0,1,0,0,0,nan,nan,nan,33.121192228922155,nan,15.775566067596628,nan
5785,1,5,5,0,0,0,0,272,2,0,0,1,0,0,0,15.135215289154985,nan,nan,nan,nan,nan,nan
5786,1,5,4,0,0,0,0,272,2,0,0,0,0,0,0,nan,nan,22.110348406161393,nan,nan,nan,nan
5787,1,5,4,0,0,0,0,272,2,0,0,0,0,0,0,nan,nan,nan,nan,nan,nan,nan
5788,1,5,4,0,0,0,0,272,2,0,0,0,0,0,0,nan,nan,nan,nan,nan,nan,nan
5789,1,5,4,0,0,0,0,272,2,0,0,0,0,0,0,nan,nan,nan,nan,nan,nan,nan
5790,1,5,4,0,0,0,0,272,2,0,0,0,0,0,0,nan,nan,nan,nan,nan,nan,nan
5791,1,5,4,0,0,0,0,272,2,0,0,0,0,0,0,nan,nan,nan,nan,nan,nan,nan
5792,1,5,5,0,0,0,0,272,0,0,0,0,0,0,0,nan,24.366437025091727,nan,nan,nan,nan,nan
5793,1,5,5,0,0,0,0,272,0,0,0,0,0,0,0,nan,nan,nan,nan,nan,nan,nan
5794,1,5,5,0,0,0,0,272,0,0,0,0,0,0,0,nan,nan,nan,nan,nan,nan,nan
5795,1,5,5,0,0,0,0,272,0,0,0,0,0,0,0,nan,nan,nan,nan,nan,nan,nan
5796,1,5,5,0,0,0,0,272,0,0,0,0,0,0,0,nan,nan,nan,nan,nan,nan,nan
5797,1,5,5,0,0,0,0,272,0,0,0,0,0,0,0,nan,nan,nan,nan,nan,nan,nan
5798,1,5,5,0,0,0,0,272,0,0,0,0,0,0,0,nan,nan,nan,nan,nan,nan,nan
5799,1,5,5,0,0,1,0,272,0,0,0,1,0,0,0,nan,nan,nan,15.180017971519192,18.153491693300566,nan,nan
5800,1,5,5,0,0,1,0,272,0,0,0,1,0,0,0,nan,nan,nan,nan,nan,nan,nan
5801,1,5,5,0,0,1,0,272,0,0,0,1,0,0,0,nan,nan,nan,nan,nan,nan,nan
5802,1,5,5,0,0,1,0,272,0,0,0,1,0,0,0,nan,nan,nan,nan,nan,nan,nan
5803,1,5,5,0,0,1,0,272,0,0,0,1,0,0,0,nan,nan,nan,nan,nan,nan,nan
5804,1,5,5,0,0,1,0,272,0,0,0,1,0,0,0,nan,nan,nan,nan,nan,nan,nan
5805,1,5,5,0,0,1,0,272,0,0,0,1,0,0,0,nan,nan,nan,nan,nan,nan,nan
5806,1,5,5,0,0,1,0,273,0,0,0,1,0,0,1,nan,nan,nan,nan,nan,nan,23.061499249364715
5807,1,5,5,0,0,0,0,273,0,0,0,1,0,0,0,nan,nan,nan,nan,nan,22.238777360089443,nan
5808,1,5,5,0,0,0,0,273,0,0,0,1,0,0,0,nan,nan,nan,nan,nan,nan,nan
5809,1,5,4,0,0,0,0,273,0,0,0,0,0,0,0,nan,nan,22.67225337565378,nan,nan,nan,nan
5810,1,5,4,0,0,0,0,273,0,0,0,0,0,0,0,nan,nan,nan,nan,nan,nan,nan
5811,1,5,4,0,0,0,0,273,0,0,0,0,0,0,0,nan,nan,nan,nan,nan,nan,nan
5812,1,4,5,0,0,0,0,273,0,0,0,0,0,0,0,nan,20.048681943948395,nan,nan,nan,nan,nan
5813,1,4,5,0,0,0,0,273,0,0,0,0,0,0,0,nan,nan,nan,nan,nan,nan,nan
5814,1,4,5,0,0,0,0,273,0,0,0,0,0,0,0,nan,nan,nan,nan,nan,nan,nan
5815,1,5,5,0,0,0,0,273,0,0,0,0,0,0,0,30.270682017313447,nan,nan,nan,nan,nan,nan
5816,1,5,5,0,0,0,0,273,0,0,0,0,0,0,0,nan,nan,nan,nan,nan,nan,nan
5817,1,5,5,0,0,0,0,273,0,0,0,0,0,0,0,nan,nan,nan,nan,nan,nan,nan
5818,1,5,5,0,0,0,0,273,0,0,0,0,0,0,0,nan,nan,nan,nan,nan,nan,nan
5819,1,5,5,0,0,1,0,273,0,0,0,0,1,0,0,nan,nan,nan,nan,19.94118302269362,nan,nan
5820,1,5,5,0,0,1,0,273,0,0,0,0,1,0,0,nan,nan,nan,nan,nan,nan,nan
5821,1,5,5,0,0,1,0,273,0,0,0,0,1,0,0,nan,nan,nan,nan,nan,nan,nan
5822,1,5,5,0,0,1,0,273,0,0,0,0,1,0,0,nan,nan,nan,nan,nan,nan,nan
5823,1,5,5,0,0,1,0,274,0,0,0,0,1,0,1,nan,nan,nan,nan,nan,nan,17.839566064405517
5824,1,5,5,0,0,1,0,274,0,0,0,0,1,0,1,nan,nan,nan,nan,nan,nan,nan
5825,1,5,5,0,0,0,0,274,0,2,0,0,1,0,0,nan,12.91800527277428,nan,nan,nan,18.375379729690394,nan
5826,1,5,5,0,0,0,0,274,0,2,0,0,1,0,0,nan,nan,nan,nan,nan,nan,nan
5827,1,5,5,0,0,0,0,274,0,2,0,0,1,0,0,nan,nan,nan,nan,nan,nan,nan
5828,1,5,5,0,0,0,0,274,0,2,0,0,1,0,0,nan,nan,nan,nan,nan,nan,nan
5829,1,5,5,0,0,0,0,274,0,2,0,0,1,0,0,nan,nan,nan,nan,nan,nan,nan
5830,1,5,5,0,0,0,0,274,2,2,0,0,1,0,0,14.729381140833539,nan,nan,nan,nan,nan,nan
5831,1,5,5,0,0,0,0,274,2,2,0,0,1,0,0,nan,nan,nan,nan,nan,nan,nan
5832,1,5,5,0,0,0,0,274,2,2,0,0,1,0,0,nan,nan,nan,nan,nan,nan,nan
5833,1,5,5,1,0,0,0,274,0,0,0,0,1,0,0,nan,nan,24.47260474196355,nan,nan,nan,nan
5834,1,5,5,1,0,0,0,274,0,0,0,0,1,0,0,nan,nan,nan,nan,nan,nan,nan
5835,1,5,5,1,0,0,0,274,0,0,0,0,1,0,0,nan,nan,nan,nan,nan,nan,nan
5836,1,5,5,0,0,0,0,274,0,0,0,0,0,0,0,nan,nan,nan,36.96347395557041,nan,nan,nan
5837,1,5,5,0,0,0,0,274,0,0,0,0,0,0,0,nan,nan,nan,nan,nan,nan,nan
5838,1,5,5,0,0,0,0,274,0,0,0,0,0,0,0,nan,nan,nan,nan,nan,nan,nan
5839,1,5,5,0,0,0,1,274,0,0,0,0,0,1,0,nan,nan,nan,nan,nan,13.78746835640959,nan
5840,1,5,5,0,0,0,1,274,0,0,0,0,0,1,0,nan,nan,nan,nan,nan,nan,nan
5841,1,5,5,0,0,0,1,274,0,0,0,0,0,1,0,nan,nan,nan,nan,nan,nan,nan
5842,1,5,5,0,0,0,1,274,0,0,0,0,0,1,0,nan,nan,nan,nan,nan,nan,nan
5843,1,5,5,0,0,0,1,274,0,0,0,0,0,1,0,nan,nan,nan,nan,nan,nan,nan
5844,1,5,5,0,0,0,1,274,0,0,0,0,0,1,0,nan,nan,nan,nan,nan,nan,nan
5845,1,5,5,0,0,0,1,274,0,0,0,0,0,1,0,nan,nan,nan,nan,nan,nan,nan
5846,1,5,5,0,0,0,1,274,0,0,0,0,1,0,0,nan,nan,nan,nan,26.984956119021263,nan,nan
5847,1,5,5,0,0,0,0,275,0,0,0,0,1,0,0,nan,nan,nan,nan,nan,nan,23.351016798577803
5848,1,5,5,0,0,0,0,275,0,0,0,0,1,0,0,nan,nan,nan,nan,nan,nan,nan
5849,1,5,5,0,0,0,0,275,2,0,0,0,1,0,0,18.92508904276383,nan,nan,nan,nan,nan,nan
5850,1,5,5,0,0,0,0,275,2,0,0,1,0,0,0,nan,nan,nan,14.424970628612755,nan,nan,nan
5851,1,5,5,0,0,0,0,275,2,2,0,1,0,0,0,nan,25.496689281742874,nan,nan,nan,nan,nan
5852,1,5,5,0,0,0,0,275,2,2,0,1,0,0,0,nan,nan,nan,nan,nan,nan,nan
5853,1,5,5,0,0,0,0,275,2,2,0,1,0,0,0,nan,nan,nan,nan,nan,nan,nan
5854,1,5,5,0,0,0,0,275,2,2,0,1,0,0,0,nan,nan,nan,nan,nan,nan,nan
5855,1,5,5,0,0,0,0,275,2,2,0,1,0,0,0,nan,nan,nan,nan,nan,nan,nan
5856,1,5,5,0,0,0,0,275,2,2,0,1,0,0,0,nan,nan,nan,nan,nan,nan,nan
5857,1,5,5,0,0,0,0,275,2,2,0,1,0,0,0,nan,nan,nan,nan,nan,nan,nan
5858,1,5,5,0,0,0,0,275,2,2,0,1,0,0,0,nan,nan,nan,nan,nan,nan,nan
5859,1,5,5,0,0,0,0,276,2,2,0,1,0,0,1,nan,nan,nan,nan,nan,nan,12.383104660787467
5860,1,5,5,0,0,0,0,276,2,2,0,1,0,0,1,nan,nan,nan,nan,nan,nan,nan
5861,1,5,5,0,0,0,0,276,0,0,0,0,0,1,0,nan,nan,27.960248604957997,nan,nan,22.056726310810518,nan
5862,1,5,5,0,0,0,0,276,0,0,0,0,0,1,0,nan,nan,nan,nan,nan,nan,nan
5863,1,5,5,0,0,0,0,276,0,0,0,0,0,1,0,nan,nan,nan,nan,nan,nan,nan
5864,1,5,5,0,0,0,0,276,0,0,0,0,0,1,0,nan,nan,nan,nan,nan,nan,nan
5865,1,5,5,0,0,0,0,276,0,0,0,0,0,1,0,nan,nan,nan,nan,nan,nan,nan
5866,1,5,5,0,0,0,0,276,0,0,0,0,0,1,0,nan,nan,nan,nan,nan,nan,nan
5867,1,5,5,0,0,0,0,276,0,0,0,0,0,1,0,nan,nan,nan,nan,nan,nan,nan
5868,1,5,5,0,0,0,0,276,0,0,0,0,0,1,0,nan,nan,nan,nan,nan,nan,nan
5869,1,5,5,0,0,0,0,276,0,0,0,0,0,1,0,nan,nan,nan,nan,nan,nan,nan
5870,1,5,5,0,0,0,0,276,0,0,0,0,0,1,0,nan,nan,nan,nan,nan,nan,nan
5871,1,5,5,0,0,0,0,276,0,0,0,0,0,1,0,nan,nan,nan,nan,nan,nan,nan
5872,1,5,5,0,0,0,0,276,0,0,0,0,0,1,0,nan,nan,nan,nan,nan,nan,nan
5873,1,5,5,0,0,0,0,276,0,0,0,0,0,1,0,nan,nan,nan,nan,nan,nan,nan
5874,1,5,5,0,0,0,0,276,2,0,0,0,1,0,0,25.854455472757763,nan,nan,nan,27.816577536247678,nan,nan
5875,1,5,5,0,0,0,0,276,2,0,0,0,1,0,0,nan,nan,nan,nan,nan,nan,nan
5876,1,5,5,0,0,0,0,276,2,0,0,0,1,0,0,nan,nan,nan,nan,nan,nan,nan
5877,1,5,5,0,0,0,0,276,2,0,0,1,0,0,0,nan,nan,nan,27.346831864272644,nan,nan,nan
5878,1,5,5,0,0,0,0,276,2,0,0,1,0,0,0,nan,nan,nan,nan,nan,nan,nan
5879,1,5,5,0,0,0,0,276,2,0,0,1,0,0,0,nan,nan,nan,nan,nan,nan,nan
5880,1,5,5,0,0,0,0,276,2,0,0,1,0,0,0,nan,nan,nan,nan,nan,nan,nan
5881,1,5,5,0,0,0,0,276,2,0,0,1,0,0,0,nan,nan,nan,nan,nan,nan,nan
5882,1,5,5,0,0,0,0,276,2,0,0,1,0,0,0,nan,nan,nan,nan,nan,nan,nan
5883,1,5,5,0,0,0,0,277,2,0,0,1,0,0,1,nan,nan,nan,nan,nan,nan,24.05526085863312
5884,1,5,5,0,0,0,0,277,2,0,0,1,0,0,1,nan,nan,nan,nan,nan,nan,nan
5885,1,5,4,0,0,0,0,277,2,0,0,0,0,0,1,nan,nan,23.63377145278264,nan,nan,nan,nan
5886,1,5,4,0,0,0,0,277,2,0,0,0,0,0,1,nan,nan,nan,nan,nan,nan,nan
5887,1,5,5,0,0,0,0,277,0,0,0,0,0,0,1,nan,36.0081020178759,nan,nan,nan,nan,nan
5888,1,5,5,0,0,1,0,277,0,0,0,0,1,0,1,nan,nan,nan,nan,13.774553366014516,nan,nan
5889,1,5,5,0,0,1,0,277,0,0,0,0,1,0,1,nan,nan,nan,nan,nan,nan,nan
5890,1,5,5,0,0,1,0,277,0,0,0,0,1,0,1,nan,nan,nan,nan,nan,nan,nan
5891,1,5,5,0,0,1,0,277,0,0,0,0,1,0,1,nan,nan,nan,nan,nan,nan,nan
5892,1,5,5,0,0,1,0,277,0,0,0,0,1,0,1,nan,nan,nan,nan,nan,nan,nan
5893,1,5,5,0,0,1,0,277,0,0,0,0,1,0,1,nan,nan,nan,nan,nan,nan,nan
5894,1,5,5,0,0,1,0,277,0,0,0,0,1,0,1,nan,nan,nan,nan,nan,nan,nan
5895,1,5,5,0,0,1,0,277,0,0,0,0,1,0,1,nan,nan,nan,nan,nan,nan,nan
5896,1,5,5,0,0,1,0,277,0,0,0,0,1,0,1,nan,nan,nan,nan,nan,nan,nan
5897,1,5,5,0,0,1,0,277,0,0,0,0,1,0,1,nan,nan,nan,nan,nan,nan,nan
5898,1,5,5,0,0,1,0,277,0,0,0,0,1,0,1,nan,nan,nan,nan,nan,nan,nan
5899,1,5,5,0,0,1,0,277,0,0,0,0,1,0,1,nan,nan,nan,nan,nan,nan,nan
5900,1,5,4,1,0,1,0,277,0,0,0,0,1,0,1,nan,nan,14.722540783506702,nan,nan,nan,nan
5901,1,5,4,1,0,1,0,277,0,0,0,0,1,0,1,nan,nan,nan,nan,nan,nan,nan
5902,1,5,4,1,0,1,0,277,0,0,0,0,1,0,1,nan,nan,nan,nan,nan,nan,nan
5903,1,5,4,1,0,0,0,277,0,0,0,0,1,0,0,nan,nan,nan,nan,nan,42.22410878576375,nan
5904,1,4,5,1,0,0,0,277,0,0,0,0,1,0,0,nan,17.473870766517393,nan,nan,nan,nan,nan
5905,1,4,5,1,0,0,0,277,0,0,0,0,1,0,0,nan,nan,nan,nan,nan,nan,nan
5906,1,4,5,1,0,0,0,277,0,0,0,0,1,0,0,nan,nan,nan,nan,nan,nan,nan
5907,1,5,5,1,0,0,0,277,0,0,0,0,1,0,0,32.12779339188819,nan,nan,nan,nan,nan,nan
5908,1,5,5,1,0,0,0,277,0,0,0,0,1,0,0,nan,nan,nan,nan,nan,nan,nan
5909,1,5,5,1,0,0,0,277,0,0,0,0,1,0,0,nan,nan,nan,nan,nan,nan,nan
5910,1,5,5,1,0,0,0,277,0,0,0,0,1,0,0,nan,nan,nan,nan,nan,nan,nan
5911,1,5,5,1,0,0,0,277,0,0,0,0,1,0,0,nan,nan,nan,nan,nan,nan,nan
5912,1,5,5,1,0,0,0,277,0,0,0,0,1,0,0,nan,nan,nan,nan,nan,nan,nan
5913,1,5,5,1,0,0,0,277,0,0,0,0,1,0,0,nan,nan,nan,nan,nan,nan,nan
5914,1,5,5,1,0,0,0,277,0,0,0,0,1,0,0,nan,nan,nan,nan,nan,nan,nan
5915,1,5,4,2,0,0,0,277,0,0,0,0,1,0,0,nan,nan,15.497232231511589,nan,nan,nan,nan
5916,1,5,4,2,0,0,0,277,0,0,0,0,1,0,0,nan,nan,nan,nan,nan,nan,nan
5917,1,5,4,1,0,0,0,277,0,0,0,0,0,0,0,nan,nan,nan,39.476343089033435,nan,nan,nan
5918,1,5,4,1,0,0,1,277,0,0,0,0,0,1,0,nan,nan,nan,nan,nan,14.649856428653038,nan
5919,1,5,4,1,0,0,1,277,0,0,0,0,0,1,0,nan,nan,nan,nan,nan,nan,nan
5920,1,4,5,1,0,0,1,277,0,0,0,0,0,1,0,nan,15.663003181054592,nan,nan,nan,nan,nan
5921,1,4,5,1,0,0,1,277,0,0,0,0,0,1,0,nan,nan,nan,nan,nan,nan,nan
5922,1,4,5,1,0,0,1,277,0,0,0,0,0,1,0,nan,nan,nan,nan,nan,nan,nan
5923,1,4,5,1,0,0,1,277,0,0,0,0,0,1,0,nan,nan,nan,nan,nan,nan,nan
5924,1,4,5,1,0,0,1,277,0,0,0,0,0,1,0,nan,nan,nan,nan,nan,nan,nan
5925,1,4,5,1,0,0,1,277,0,0,0,0,0,1,0,nan,nan,nan,nan,nan,nan,nan
5926,1,4,5,1,0,0,1,277,0,0,0,0,0,1,0,nan,nan,nan,nan,nan,nan,nan
5927,1,4,5,1,0,0,1,277,0,0,0,0,0,1,0,nan,nan,nan,nan,nan,nan,nan
5928,1,4,5,1,0,0,0,278,0,0,0,0,0,1,0,nan,nan,nan,nan,nan,nan,44.40770422816604
5929,1,4,5,1,0,0,0,278,0,0,0,0,0,1,0,nan,nan,nan,nan,nan,nan,nan
5930,1,4,5,1,0,0,0,278,0,0,0,0,0,1,0,nan,nan,nan,nan,nan,nan,nan
5931,1,4,5,1,0,0,0,278,0,0,0,0,0,1,0,nan,nan,nan,nan,nan,nan,nan
5932,1,5,5,0,1,0,0,278,0,0,0,0,0,1,0,25.669982242740844,nan,nan,15.096851014686763,nan,nan,nan
5933,1,5,5,0,1,0,0,278,0,0,0,0,0,1,0,nan,nan,nan,nan,nan,nan,nan
5934,1,5,5,0,1,0,0,278,0,0,0,0,0,1,0,nan,nan,nan,nan,nan,nan,nan
5935,1,5,5,0,1,0,0,278,0,0,0,0,0,1,0,nan,nan,nan,nan,nan,nan,nan
5936,1,5,5,0,1,0,0,278,0,0,0,0,0,1,0,nan,nan,nan,nan,nan,nan,nan
5937,1,5,5,0,1,0,0,278,0,0,0,0,0,1,0,nan,nan,nan,nan,nan,nan,nan
5938,1,5,5,0,1,0,0,278,0,0,0,0,0,1,0,nan,nan,nan,nan,nan,nan,nan
5939,1,5,5,0,0,0,0,278,0,0,0,0,0,0,0,nan,nan,nan,nan,51.16108406712465,nan,nan
5940,1,5,5,0,0,0,0,278,0,0,0,0,0,0,0,nan,nan,nan,nan,nan,nan,nan
5941,1,5,5,0,0,0,0,278,0,0,0,0,0,0,0,nan,nan,nan,nan,nan,nan,nan
5942,1,5,5,0,0,0,0,278,0,0,0,0,0,0,0,nan,nan,nan,nan,nan,nan,nan
5943,1,5,5,0,0,0,0,278,2,0,0,0,0,0,0,10.324415617176783,nan,nan,nan,nan,nan,nan
5944,1,5,5,0,0,0,0,278,2,2,0,0,0,0,0,nan,23.864985400959995,nan,nan,nan,nan,nan
5945,1,5,5,0,0,0,0,278,2,2,0,0,0,0,0,nan,nan,nan,nan,nan,nan,nan
5946,1,5,5,1,0,0,0,278,0,0,0,0,0,0,0,nan,nan,30.896663420606274,nan,nan,nan,nan
5947,1,5,5,1,0,0,0,279,0,0,0,0,0,0,1,nan,nan,nan,nan,nan,nan,19.203871566257476
5948,1,5,5,1,0,0,0,279,0,0,0,0,0,0,1,nan,nan,nan,nan,nan,nan,nan
5949,1,5,5,1,0,0,0,279,0,0,0,0,0,0,1,nan,nan,nan,nan,nan,nan,nan
5950,1,5,5,1,0,0,0,279,0,0,0,0,0,0,1,nan,nan,nan,nan,nan,nan,nan
5951,1,5,5,1,0,0,0,279,0,0,0,0,0,0,1,nan,nan,nan,nan,nan,nan,nan
5952,1,5,5,1,0,0,0,279,0,0,0,0,0,0,1,nan,nan,nan,nan,nan,nan,nan
5953,1,5,5,1,0,0,0,279,0,0,0,0,0,0,1,nan,nan,nan,nan,nan,nan,nan
5954,1,5,5,1,0,0,0,279,0,0,0,0,0,0,1,nan,nan,nan,nan,nan,nan,nan
5955,1,5,5,1,0,0,0,279,0,0,0,0,0,0,1,nan,nan,nan,nan,nan,nan,nan
5956,1,5,5,1,0,0,0,279,0,0,0,0,0,0,1,nan,nan,nan,nan,nan,nan,nan
5957,1,5,5,0,1,0,0,279,0,0,0,0,0,0,1,nan,nan,nan,25.007155249983953,nan,nan,nan
5958,1,5,5,0,1,0,0,279,0,0,0,0,0,1,0,nan,nan,nan,nan,nan,40.44314859452243,nan
5959,1,5,5,0,1,0,0,279,0,2,0,0,0,1,0,nan,15.250378838322831,nan,nan,nan,nan,nan
5960,1,5,5,0,1,0,0,279,0,2,0,0,0,1,0,nan,nan,nan,nan,nan,nan,nan
5961,1,5,5,0,1,0,0,279,0,2,0,0,0,1,0,nan,nan,nan,nan,nan,nan,nan
5962,1,5,5,0,1,0,0,279,0,2,0,0,0,1,0,nan,nan,nan,nan,nan,nan,nan
5963,1,5,5,0,1,0,0,279,0,2,0,0,0,1,0,nan,nan,nan,nan,nan,nan,nan
5964,1,4,5,1,1,0,0,279,0,0,0,0,0,1,0,nan,nan,18.060770434019105,nan,nan,nan,nan
5965,1,4,5,1,1,0,0,279,0,0,0,0,0,1,0,nan,nan,nan,nan,nan,nan,nan
5966,1,5,5,1,1,0,0,279,0,0,0,0,0,1,0,23.466902536682937,nan,nan,nan,nan,nan,nan
5967,1,5,5,1,0,0,0,279,0,0,0,0,0,0,0,nan,nan,nan,nan,28.686069957931977,nan,nan
5968,1,5,5,1,0,0,0,279,0,0,0,0,0,0,0,nan,nan,nan,nan,nan,nan,nan
5969,1,5,5,1,0,0,0,279,0,0,0,0,0,0,0,nan,nan,nan,nan,nan,nan,nan
5970,1,5,5,1,0,0,0,279,0,0,0,0,0,0,0,nan,nan,nan,nan,nan,nan,nan
5971,1,5,5,1,0,0,0,279,0,0,0,0,0,0,0,nan,nan,nan,nan,nan,nan,nan
5972,1,5,5,1,0,0,0,279,0,0,0,0,0,0,0,nan,nan,nan,nan,nan,nan,nan
5973,1,5,5,1,0,0,0,279,0,0,0,0,0,0,0,nan,nan,nan,nan,nan,nan,nan
5974,1,5,5,1,0,0,0,279,0,0,0,0,0,0,0,nan,nan,nan,nan,nan,nan,nan
5975,1,5,5,1,0,0,0,279,0,2,0,0,0,0,0,nan,16.09675588159007,nan,nan,nan,nan,nan
5976,1,5,5,1,0,0,0,280,0,2,0,0,0,0,1,nan,nan,nan,nan,nan,nan,29.51915283008384
5977,1,5,5,1,0,0,0,280,0,2,0,0,0,0,1,nan,nan,nan,nan,nan,nan,nan
5978,1,5,5,1,0,0,0,280,0,2,0,0,0,0,1,nan,nan,nan,nan,nan,nan,nan
5979,1,5,5,0,1,0,0,280,0,2,0,0,0,0,1,nan,nan,nan,21.563761849442017,nan,nan,nan
5980,1,5,5,0,1,0,0,280,0,2,0,0,0,0,1,nan,nan,nan,nan,nan,nan,nan
5981,1,5,5,0,1,0,0,280,0,2,0,0,0,0,1,nan,nan,nan,nan,nan,nan,nan
5982,1,5,5,0,0,0,0,280,0,2,0,0,0,0,0,nan,nan,nan,nan,14.996831356159419,23.542157031704846,nan
5983,1,5,5,0,0,0,0,280,0,2,0,0,0,0,0,nan,nan,nan,nan,nan,nan,nan
5984,1,5,5,0,0,0,0,280,0,2,0,0,0,0,0,nan,nan,nan,nan,nan,nan,nan
5985,1,5,5,0,0,0,0,280,0,2,0,0,0,0,0,nan,nan,nan,nan,nan,nan,nan
5986,1,5,5,0,0,0,0,280,0,2,0,0,0,0,0,nan,nan,nan,nan,nan,nan,nan
5987,1,5,5,0,0,0,0,280,2,2,0,0,0,0,0,21.10687537875947,nan,nan,nan,nan,nan,nan
5988,1,5,5,1,0,0,0,280,0,0,0,0,0,0,0,nan,nan,23.505678308934876,nan,nan,nan,nan
5989,1,5,5,1,0,0,0,280,0,0,0,0,0,0,0,nan,nan,nan,nan,nan,nan,nan
5990,1,5,5,1,0,0,0,280,0,0,0,0,0,0,0,nan,nan,nan,nan,nan,nan,nan
5991,1,5,5,1,0,0,0,280,0,0,0,0,0,0,0,nan,nan,nan,nan,nan,nan,nan
5992,1,5,5,1,0,0,0,280,0,0,0,0,0,0,0,nan,nan,nan,nan,nan,nan,nan
5993,1,5,5,1,0,0,0,280,0,0,0,0,0,0,0,nan,nan,nan,nan,nan,nan,nan
5994,1,5,5,1,0,0,0,280,0,0,0,0,0,0,0,nan,nan,nan,nan,nan,nan,nan
5995,1,5,5,1,0,0,0,281,0,0,0,0,0,0,1,nan,nan,nan,nan,nan,nan,18.532533481866267
5996,1,5,5,1,0,1,0,281,0,0,0,0,1,0,1,nan,nan,nan,nan,14.058720633708617,nan,nan
5997,1,5,5,0,0,1,0,281,0,0,0,0,0,0,1,nan,nan,nan,18.31855791041926,nan,nan,nan
5998,1,5,5,0,0,0,0,281,0,0,0,0,0,0,0,nan,nan,nan,nan,nan,16.526724177073447,nan
5999,1,5,5,0,0,0,0,281,0,0,0,0,0,0,0,nan,nan,nan,nan,nan,nan,nan
6000,1,5,5,0,0,0,0,281,0,0,0,0,0,0,0,nan,nan,nan,nan,nan,nan,nan
6001,1,5,5,0,0,0,0,281,0,0,0,0,0,0,0,nan,nan,nan,nan,nan,nan,nan
6002,1,5,5,0,0,0,0,281,0,0,0,0,0,0,0,nan,nan,nan,nan,nan,nan,nan
6003,1,5,5,0,0,0,0,281,0,0,0,0,0,0,0,nan,nan,nan,nan,nan,nan,nan
6004,1,5,5,0,0,0,0,281,2,0,0,0,0,0,0,16.830012709446237,nan,nan,nan,nan,nan,nan
6005,1,5,4,1,0,0,0,281,2,0,0,0,0,0,0,nan,nan,17.15667445332383,nan,nan,nan,nan
6006,1,5,4,1,0,0,0,281,2,0,0,0,0,0,0,nan,nan,nan,nan,nan,nan,nan
6007,1,5,4,1,0,0,0,281,2,0,0,0,0,0,0,nan,nan,nan,nan,nan,nan,nan
6008,1,5,4,1,0,1,0,281,2,0,0,0,1,0,0,nan,nan,nan,nan,11.619137655936356,nan,nan
6009,1,5,4,1,0,0,1,281,2,0,0,0,1,0,0,nan,nan,nan,nan,nan,11.255660307396283,nan
6010,1,5,4,1,0,0,1,281,2,0,0,0,1,0,0,nan,nan,nan,nan,nan,nan,nan
6011,1,5,4,1,0,0,1,281,2,0,0,0,1,0,0,nan,nan,nan,nan,nan,nan,nan
6012,1,5,4,1,0,0,1,281,2,0,0,0,1,0,0,nan,nan,nan,nan,nan,nan,nan
6013,1,5,4,1,0,0,1,281,2,0,0,0,1,0,0,nan,nan,nan,nan,nan,nan,nan
6014,1,5,4,1,0,0,0,282,2,0,0,0,1,0,0,nan,nan,nan,nan,nan,nan,18.73286390386056
6015,1,5,4,1,0,0,0,282,2,0,0,0,1,0,0,nan,nan,nan,nan,nan,nan,nan
6016,1,5,4,1,0,0,0,282,2,0,0,0,1,0,0,nan,nan,nan,nan,nan,nan,nan
6017,1,5,4,1,0,0,0,282,2,0,0,0,1,0,0,nan,nan,nan,nan,nan,nan,nan
6018,1,5,4,0,0,0,0,282,2,0,0,0,0,0,0,nan,nan,nan,21.298402441101643,nan,nan,nan
6019,1,5,4,0,0,0,0,282,2,0,0,0,0,0,0,nan,nan,nan,nan,nan,nan,nan
6020,1,5,5,0,0,0,0,282,0,0,0,0,0,0,0,nan,44.821666086498226,nan,nan,nan,nan,nan
6021,1,5,5,0,0,0,1,282,0,0,0,0,0,1,0,nan,nan,nan,nan,nan,11.215388792244084,nan
6022,1,5,5,0,0,0,1,282,0,0,0,0,0,1,0,nan,nan,nan,nan,nan,nan,nan
6023,1,5,5,0,0,0,1,282,0,0,0,0,0,1,0,nan,nan,nan,nan,nan,nan,nan
6024,1,5,4,1,0,0,1,282,0,0,0,0,0,1,0,nan,nan,18.828919675006546,nan,nan,nan,nan
6025,1,5,4,1,0,0,1,282,0,0,0,0,0,1,0,nan,nan,nan,nan,nan,nan,nan
6026,1,5,4,1,0,0,1,282,0,0,0,0,0,1,0,nan,nan,nan,nan,nan,nan,nan
6027,1,5,4,1,0,0,1,282,0,0,0,0,0,1,0,nan,nan,nan,nan,nan,nan,nan
6028,1,5,4,1,0,0,1,282,0,0,0,0,0,1,0,nan,nan,nan,nan,nan,nan,nan
6029,1,5,4,1,0,0,1,282,0,0,0,0,0,1,0,nan,nan,nan,nan,nan,nan,nan
6030,1,5,4,1,0,0,1,282,0,0,0,0,0,1,0,nan,nan,nan,nan,nan,nan,nan
6031,1,5,4,1,0,0,1,282,0,0,0,0,0,1,0,nan,nan,nan,nan,nan,nan,nan
6032,1,5,4,0,1,0,1,282,0,0,0,0,0,1,0,nan,nan,nan,13.544634751462581,nan,nan,nan
6033,1,5,4,0,0,0,1,282,0,0,0,0,0,0,0,nan,nan,nan,nan,25.184300198433448,nan,nan
6034,1,4,5,0,0,0,1,282,0,0,0,0,0,0,0,nan,13.729664946249613,nan,nan,nan,nan,nan
6035,1,4,5,0,0,0,1,282,0,0,0,0,0,0,0,nan,nan,nan,nan,nan,nan,nan
6036,1,5,5,0,0,0,1,282,0,0,0,0,0,0,0,32.3916421556396,nan,nan,nan,nan,nan,nan
6037,1,5,5,0,0,0,1,282,0,0,0,0,0,0,0,nan,nan,nan,nan,nan,nan,nan
6038,1,5,5,0,0,0,1,282,0,0,0,0,0,0,0,nan,nan,nan,nan,nan,nan,nan
6039,1,5,5,0,0,0,1,282,0,0,0,0,0,0,0,nan,nan,nan,nan,nan,nan,nan
6040,1,5,5,0,0,0,1,282,0,0,0,0,0,0,0,nan,nan,nan,nan,nan,nan,nan
6041,1,5,4,1,0,0,1,282,0,0,0,0,0,0,0,nan,nan,17.5300702937775,nan,nan,nan,nan
6042,1,5,4,1,0,0,1,282,0,0,0,0,0,0,0,nan,nan,nan,nan,nan,nan,nan
6043,1,5,4,1,0,0,1,282,0,0,0,0,0,0,0,nan,nan,nan,nan,nan,nan,nan
6044,1,5,4,1,0,1,1,282,0,0,0,0,1,0,0,nan,nan,nan,nan,10.345000715815331,nan,nan
6045,1,5,4,1,0,1,0,283,0,0,0,0,1,0,0,nan,nan,nan,nan,nan,nan,31.336976072085236
6046,1,5,4,1,0,1,0,283,0,0,0,0,1,0,0,nan,nan,nan,nan,nan,nan,nan
6047,1,5,4,1,0,1,0,283,0,0,0,0,1,0,0,nan,nan,nan,nan,nan,nan,nan
6048,1,5,4,1,0,1,0,283,0,0,0,0,1,0,0,nan,nan,nan,nan,nan,nan,nan
6049,1,4,5,1,0,1,0,283,0,0,0,0,1,0,0,nan,14.958560138945359,nan,nan,nan,nan,nan
6050,1,4,5,1,0,1,0,283,0,0,0,0,1,0,0,nan,nan,nan,nan,nan,nan,nan
6051,1,4,5,1,0,1,0,283,0,0,0,0,1,0,0,nan,nan,nan,nan,nan,nan,nan
6052,1,4,5,1,0,1,0,283,0,0,0,0,1,0,0,nan,nan,nan,nan,nan,nan,nan
6053,1,4,5,1,0,1,0,283,0,0,0,0,1,0,0,nan,nan,nan,nan,nan,nan,nan
6054,1,4,5,1,0,1,0,283,0,0,0,0,1,0,0,nan,nan,nan,nan,nan,nan,nan
6055,1,4,5,1,0,1,0,283,0,0,0,0,1,0,0,nan,nan,nan,nan,nan,nan,nan
6056,1,4,5,1,0,1,0,283,0,0,0,0,1,0,0,nan,nan,nan,nan,nan,nan,nan
6057,1,4,5,0,0,1,0,283,0,0,0,0,0,0,0,nan,nan,nan,25.190479629945912,nan,nan,nan
6058,1,4,5,0,0,1,0,283,0,0,0,0,0,0,0,nan,nan,nan,nan,nan,nan,nan
6059,1,4,5,0,0,1,0,283,0,0,0,0,0,0,0,nan,nan,nan,nan,nan,nan,nan
6060,1,4,5,0,0,1,0,283,0,0,0,0,0,0,0,nan,nan,nan,nan,nan,nan,nan
6061,1,4,5,0,0,1,0,283,0,0,0,0,0,0,0,nan,nan,nan,nan,nan,nan,nan
6062,1,4,5,0,0,1,0,283,0,0,0,0,0,0,0,nan,nan,nan,nan,nan,nan,nan
6063,1,4,5,0,0,1,0,283,0,0,0,0,0,0,0,nan,nan,nan,nan,nan,nan,nan
6064,1,4,5,0,0,1,0,283,0,0,0,0,0,0,0,nan,nan,nan,nan,nan,nan,nan
6065,1,5,5,0,0,1,0,283,0,0,0,0,0,0,0,28.36823028877643,nan,nan,nan,nan,nan,nan
6066,1,5,5,0,0,1,0,283,0,0,0,0,0,0,0,nan,nan,nan,nan,nan,nan,nan
6067,1,5,5,0,0,1,0,283,0,0,0,0,0,0,0,nan,nan,nan,nan,nan,nan,nan
6068,1,5,5,0,0,1,0,283,0,0,0,0,0,0,0,nan,nan,nan,nan,nan,nan,nan
6069,1,5,5,0,0,1,0,283,0,0,0,0,0,0,0,nan,nan,nan,nan,nan,nan,nan
6070,1,5,5,0,0,1,0,283,0,0,0,0,0,0,0,nan,nan,nan,nan,nan,nan,nan
6071,1,5,5,0,0,1,0,283,0,0,0,0,0,0,0,nan,nan,nan,nan,nan,nan,nan
6072,1,5,5,0,0,1,0,283,0,0,0,0,0,0,0,nan,nan,nan,nan,nan,nan,nan
6073,1,5,5,0,0,0,1,283,0,0,0,0,0,0,0,nan,nan,nan,nan,nan,52.86164908635055,nan
6074,1,5,4,1,0,0,0,284,0,0,0,0,0,0,0,nan,nan,32.732309264267315,nan,nan,nan,28.909466120880097
6075,1,5,4,1,0,0,0,284,0,0,0,0,0,0,0,nan,nan,nan,nan,nan,nan,nan
6076,1,5,4,1,0,0,0,284,0,0,0,0,0,0,0,nan,nan,nan,nan,nan,nan,nan
6077,1,5,4,1,0,0,0,284,0,0,0,0,0,0,0,nan,nan,nan,nan,nan,nan,nan
6078,1,5,4,1,0,0,0,284,0,0,0,0,0,0,0,nan,nan,nan,nan,nan,nan,nan
6079,1,4,5,1,0,0,0,284,0,0,0,0,0,0,0,nan,30.52002796735087,nan,nan,nan,nan,nan
6080,1,4,5,1,0,0,0,284,0,0,0,0,0,0,0,nan,nan,nan,nan,nan,nan,nan
6081,1,4,5,1,0,0,0,284,0,0,0,0,0,0,0,nan,nan,nan,nan,nan,nan,nan
6082,1,4,5,1,0,0,0,284,0,0,0,0,0,0,0,nan,nan,nan,nan,nan,nan,nan
6083,1,5,5,1,0,0,0,284,0,0,0,0,0,0,0,18.6231311364445,nan,nan,nan,nan,nan,nan
6084,1,5,5,0,1,0,1,284,0,0,0,0,0,1,0,nan,nan,nan,26.71108189059123,nan,10.649559348690673,nan
6085,1,5,5,0,1,0,1,284,0,0,0,0,0,1,0,nan,nan,nan,nan,nan,nan,nan
6086,1,5,5,0,1,0,1,284,0,0,0,0,0,1,0,nan,nan,nan,nan,nan,nan,nan
6087,1,5,5,0,1,0,1,284,0,0,0,0,0,1,0,nan,nan,nan,nan,nan,nan,nan
6088,1,5,5,0,0,0,1,284,0,0,0,0,0,0,0,nan,nan,nan,nan,44.334781744376414,nan,nan
6089,1,5,5,0,0,0,1,284,0,0,0,0,0,0,0,nan,nan,nan,nan,nan,nan,nan
6090,1,5,5,0,0,0,1,284,0,0,0,0,0,0,0,nan,nan,nan,nan,nan,nan,nan
6091,1,5,5,0,0,0,1,284,0,0,0,0,0,0,0,nan,nan,nan,nan,nan,nan,nan
6092,1,5,5,0,0,0,1,284,2,0,0,0,0,0,0,8.826597888823926,nan,nan,nan,nan,nan,nan
6093,1,5,5,0,0,0,1,284,2,2,0,0,0,0,0,nan,14.228322576961546,nan,nan,nan,nan,nan
6094,1,5,5,0,0,0,1,284,2,2,0,0,0,0,0,nan,nan,nan,nan,nan,nan,nan
6095,1,5,5,0,0,0,1,284,2,2,0,0,0,0,0,nan,nan,nan,nan,nan,nan,nan
6096,1,5,5,0,0,0,1,284,2,2,0,0,0,0,0,nan,nan,nan,nan,nan,nan,nan
6097,1,5,5,0,0,0,0,285,2,2,0,0,0,0,0,nan,nan,nan,nan,nan,nan,23.011122576960588
6098,1,5,5,0,0,0,0,285,2,2,0,0,0,0,0,nan,nan,nan,nan,nan,nan,nan
6099,1,5,5,0,0,0,1,285,2,2,0,0,0,1,0,nan,nan,nan,nan,nan,15.14700417633685,nan
6100,1,5,5,0,0,0,1,285,2,2,0,0,0,1,0,nan,nan,nan,nan,nan,nan,nan
6101,1,5,5,0,0,0,1,285,2,2,0,0,0,1,0,nan,nan,nan,nan,nan,nan,nan
6102,1,5,5,0,0,0,1,285,2,2,0,0,1,0,0,nan,nan,nan,nan,14.09176198093246,nan,nan
6103,1,5,5,0,0,0,1,285,2,2,0,1,0,0,0,nan,nan,nan,19.603353924439944,nan,nan,nan
6104,1,5,5,0,0,0,1,285,2,2,0,1,0,0,0,nan,nan,nan,nan,nan,nan,nan
6105,1,5,5,0,0,0,1,285,2,2,0,1,0,0,0,nan,nan,nan,nan,nan,nan,nan
6106,1,5,5,0,0,0,1,285,2,2,0,1,0,0,0,nan,nan,nan,nan,nan,nan,nan
6107,1,5,5,0,0,0,1,285,2,2,0,1,0,0,0,nan,nan,nan,nan,nan,nan,nan
6108,1,5,5,0,0,0,1,285,2,2,0,1,0,0,0,nan,nan,nan,nan,nan,nan,nan
6109,1,5,5,0,0,0,1,285,2,2,0,1,0,0,0,nan,nan,nan,nan,nan,nan,nan
6110,1,5,5,0,0,0,1,285,2,2,0,1,0,0,0,nan,nan,nan,nan,nan,nan,nan
6111,1,5,5,0,0,0,1,285,2,2,0,1,0,0,0,nan,nan,nan,nan,nan,nan,nan
6112,1,5,5,0,0,0,0,286,2,2,0,1,0,0,0,nan,nan,nan,nan,nan,nan,15.238887694944424
6113,1,5,5,0,0,0,0,286,2,2,0,1,0,0,0,nan,nan,nan,nan,nan,nan,nan
6114,1,5,5,0,0,0,0,286,2,2,0,1,0,0,0,nan,nan,nan,nan,nan,nan,nan
6115,1,5,5,0,0,0,0,286,2,2,0,1,0,0,0,nan,nan,nan,nan,nan,nan,nan
6116,1,5,5,0,0,0,0,286,2,2,0,1,0,0,0,nan,nan,nan,nan,nan,nan,nan
6117,1,5,5,0,0,0,0,286,2,2,0,1,0,0,0,nan,nan,nan,nan,nan,nan,nan
6118,1,5,5,0,0,0,0,286,2,2,0,1,0,0,0,nan,nan,nan,nan,nan,nan,nan
6119,1,5,5,0,0,0,0,286,0,0,0,0,0,0,0,nan,nan,45.043753270218076,nan,nan,nan,nan
6120,1,5,5,0,0,0,0,286,0,0,0,0,0,0,0,nan,nan,nan,nan,nan,nan,nan
6121,1,5,5,0,0,0,0,286,0,0,0,0,0,0,0,nan,nan,nan,nan,nan,nan,nan
6122,1,5,5,0,0,0,0,286,0,0,0,0,0,0,0,nan,nan,nan,nan,nan,nan,nan
6123,1,5,5,0,0,0,0,286,0,0,0,0,0,0,0,nan,nan,nan,nan,nan,nan,nan
6124,1,5,5,0,0,0,0,286,0,0,0,0,0,0,0,nan,nan,nan,nan,nan,nan,nan
6125,1,5,5,0,0,0,0,286,0,0,0,0,0,0,0,nan,nan,nan,nan,nan,nan,nan
6126,1,5,5,0,0,0,0,286,0,0,0,0,0,0,0,nan,nan,nan,nan,nan,nan,nan
6127,1,5,5,0,0,0,0,286,0,0,0,0,0,0,0,nan,nan,nan,nan,nan,nan,nan
6128,1,5,5,0,0,0,0,286,0,0,0,0,0,0,0,nan,nan,nan,nan,nan,nan,nan
6129,1,5,5,0,0,0,0,287,0,0,0,0,0,0,1,nan,nan,nan,nan,nan,nan,17.069409024080414
6130,1,5,5,0,0,0,0,287,0,0,0,0,0,0,1,nan,nan,nan,nan,nan,nan,nan
6131,1,5,5,0,0,1,0,287,0,0,0,0,1,0,1,nan,nan,nan,nan,28.875788281523455,nan,nan
6132,1,5,5,0,0,0,0,287,0,0,0,0,1,0,0,nan,nan,nan,nan,nan,32.90382138185487,nan
6133,1,5,5,0,0,0,0,287,0,0,0,0,1,0,0,nan,nan,nan,nan,nan,nan,nan
6134,1,5,5,0,0,0,0,287,0,0,0,0,1,0,0,nan,nan,nan,nan,nan,nan,nan
6135,1,5,5,0,0,0,0,287,0,0,0,0,1,0,0,nan,nan,nan,nan,nan,nan,nan
6136,1,5,5,0,0,0,0,287,0,2,0,0,1,0,0,nan,42.72514668590793,nan,nan,nan,nan,nan
6137,1,5,5,0,0,0,0,287,0,2,0,1,0,0,0,nan,nan,nan,33.65803280176624,nan,nan,nan
6138,1,5,5,0,0,0,0,287,0,2,0,1,0,0,0,nan,nan,nan,nan,nan,nan,nan
6139,1,5,5,0,0,0,0,287,0,2,0,1,0,0,0,nan,nan,nan,nan,nan,nan,nan
6140,1,5,5,0,0,0,0,287,0,2,0,1,0,0,0,nan,nan,nan,nan,nan,nan,nan
6141,1,5,5,0,0,0,0,287,0,2,0,1,0,0,0,nan,nan,nan,nan,nan,nan,nan
6142,1,5,5,0,0,0,0,287,0,2,0,1,0,0,0,nan,nan,nan,nan,nan,nan,nan
6143,1,5,5,0,0,0,0,287,2,2,0,1,0,0,0,50.9755045207894,nan,nan,nan,nan,nan,nan
6144,1,5,5,0,0,0,0,287,2,2,0,1,0,0,0,nan,nan,nan,nan,nan,nan,nan
6145,1,5,5,0,0,0,0,287,2,2,0,1,0,0,0,nan,nan,nan,nan,nan,nan,nan
6146,1,5,5,0,0,0,0,287,2,2,0,1,0,0,0,nan,nan,nan,nan,nan,nan,nan
6147,1,5,5,0,0,0,1,287,2,2,0,1,0,1,0,nan,nan,nan,nan,nan,14.923396150428744,nan
6148,1,5,5,0,0,0,1,287,2,2,0,1,1,0,0,nan,nan,nan,nan,16.918572627914727,nan,nan
6149,1,5,5,0,0,0,0,288,2,2,0,1,1,0,0,nan,nan,nan,nan,nan,nan,20.169957423772757
6150,1,5,5,0,0,0,0,288,2,2,0,1,1,0,0,nan,nan,nan,nan,nan,nan,nan
6151,1,5,5,0,0,0,0,288,0,0,0,0,1,0,0,nan,nan,32.04503563522849,nan,nan,nan,nan
6152,1,5,5,0,0,0,0,288,0,0,0,0,1,0,0,nan,nan,nan,nan,nan,nan,nan
6153,1,5,5,0,0,0,0,288,0,0,0,0,1,0,0,nan,nan,nan,nan,nan,nan,nan
6154,1,5,5,0,0,0,0,288,0,0,0,0,1,0,0,nan,nan,nan,nan,nan,nan,nan
6155,1,5,5,0,0,0,0,288,0,0,0,0,1,0,0,nan,nan,nan,nan,nan,nan,nan
6156,1,5,5,0,0,0,0,288,0,0,0,0,1,0,0,nan,nan,nan,nan,nan,nan,nan
6157,1,5,5,0,0,0,0,288,0,0,0,0,1,0,0,nan,nan,nan,nan,nan,nan,nan
6158,1,5,5,0,0,0,0,288,0,0,0,0,1,0,0,nan,nan,nan,nan,nan,nan,nan
6159,1,5,5,0,0,0,0,288,0,0,0,0,1,0,0,nan,nan,nan,nan,nan,nan,nan
6160,1,5,5,0,0,0,0,288,0,0,0,0,1,0,0,nan,nan,nan,nan,nan,nan,nan
6161,1,5,5,0,0,0,1,288,0,0,0,0,1,1,0,nan,nan,nan,nan,nan,13.495410275802897,nan
6162,1,5,5,0,0,0,1,288,0,2,0,0,1,1,0,nan,25.52168407311001,nan,nan,nan,nan,nan
6163,1,5,5,0,0,0,1,288,0,2,0,0,1,1,0,nan,nan,nan,nan,nan,nan,nan
6164,1,5,5,0,0,0,1,288,0,2,0,0,1,1,0,nan,nan,nan,nan,nan,nan,nan
6165,1,5,5,0,0,0,1,288,0,2,0,0,1,1,0,nan,nan,nan,nan,nan,nan,nan
6166,1,5,5,0,0,0,1,288,0,2,0,0,1,1,0,nan,nan,nan,nan,nan,nan,nan
6167,1,5,5,0,0,0,1,288,0,2,0,0,1,1,0,nan,nan,nan,nan,nan,nan,nan
6168,1,5,5,0,0,0,1,288,2,2,0,0,1,1,0,24.929229807768024,nan,nan,nan,nan,nan,nan
6169,1,5,5,0,0,0,1,288,2,2,0,0,1,1,0,nan,nan,nan,nan,nan,nan,nan
6170,1,5,5,0,0,0,1,288,2,2,0,1,0,1,0,nan,nan,nan,32.878761872340874,nan,nan,nan
6171,1,5,5,0,0,0,1,288,2,2,0,1,0,1,0,nan,nan,nan,nan,nan,nan,nan
6172,1,5,5,0,0,0,1,288,2,2,0,1,0,1,0,nan,nan,nan,nan,nan,nan,nan
6173,1,5,5,0,0,0,1,288,2,2,0,1,0,1,0,nan,nan,nan,nan,nan,nan,nan
6174,1,5,5,0,0,0,1,288,2,2,0,1,0,1,0,nan,nan,nan,nan,nan,nan,nan
6175,1,5,5,0,0,0,0,289,0,0,0,0,0,1,0,nan,nan,23.727501038963055,nan,nan,nan,25.78051389306529
6176,1,5,5,0,0,0,0,289,0,0,0,0,0,1,0,nan,nan,nan,nan,nan,nan,nan
6177,1,5,5,0,0,0,0,289,0,0,0,0,0,1,0,nan,nan,nan,nan,nan,nan,nan
6178,1,5,5,0,0,0,0,289,0,0,0,0,0,1,0,nan,nan,nan,nan,nan,nan,nan
6179,1,5,5,0,0,0,0,289,0,0,0,0,0,1,0,nan,nan,nan,nan,nan,nan,nan
6180,1,5,5,0,0,0,0,289,0,0,0,0,0,1,0,nan,nan,nan,nan,nan,nan,nan
6181,1,5,5,0,0,0,0,289,0,0,0,0,0,1,0,nan,nan,nan,nan,nan,nan,nan
6182,1,5,5,0,0,0,0,289,0,0,0,0,0,1,0,nan,nan,nan,nan,nan,nan,nan
6183,1,5,5,0,0,0,0,289,0,0,0,0,0,1,0,nan,nan,nan,nan,nan,nan,nan
6184,1,5,5,0,0,0,0,289,0,0,0,0,0,1,0,nan,nan,nan,nan,nan,nan,nan
6185,1,5,5,0,0,0,0,289,0,0,0,0,1,0,0,nan,nan,nan,nan,36.745148240516755,nan,nan
6186,1,5,5,0,0,0,0,289,0,0,0,0,1,0,0,nan,nan,nan,nan,nan,nan,nan
6187,1,5,5,0,0,0,0,289,0,0,0,0,1,0,0,nan,nan,nan,nan,nan,nan,nan
6188,1,5,5,0,0,0,0,289,0,0,0,0,1,0,0,nan,nan,nan,nan,nan,nan,nan
6189,1,5,5,0,0,0,0,289,0,0,0,0,1,0,0,nan,nan,nan,nan,nan,nan,nan
6190,1,5,5,0,0,0,0,289,0,0,0,0,1,0,0,nan,nan,nan,nan,nan,nan,nan
6191,1,5,5,0,0,0,0,289,0,0,0,0,1,0,0,nan,nan,nan,nan,nan,nan,nan
6192,1,5,5,0,0,0,0,289,2,0,0,0,1,0,0,24.30357837590509,nan,nan,nan,nan,nan,nan
6193,1,5,5,0,0,0,0,289,2,0,0,0,1,0,0,nan,nan,nan,nan,nan,nan,nan
6194,1,5,5,0,0,0,0,290,2,2,0,0,1,0,1,nan,32.4169011569993,nan,nan,nan,nan,19.144975160446847
6195,1,5,5,0,0,0,0,290,2,2,0,1,0,0,1,nan,nan,nan,24.803477544490306,nan,nan,nan
6196,1,5,5,0,0,0,0,290,2,2,0,1,0,0,1,nan,nan,nan,nan,nan,nan,nan
6197,1,5,5,0,0,0,0,290,2,2,0,1,0,0,1,nan,nan,nan,nan,nan,nan,nan
6198,1,5,5,0,0,0,0,290,2,2,0,1,0,0,1,nan,nan,nan,nan,nan,nan,nan
6199,1,5,5,0,0,0,0,290,2,2,0,1,0,0,1,nan,nan,nan,nan,nan,nan,nan
6200,1,5,5,0,0,0,0,290,2,2,0,1,0,0,1,nan,nan,nan,nan,nan,nan,nan
6201,1,5,5,0,0,0,0,290,2,2,0,1,0,0,1,nan,nan,nan,nan,nan,nan,nan
6202,1,5,5,0,0,0,0,290,2,2,0,1,0,0,1,nan,nan,nan,nan,nan,nan,nan
6203,1,5,5,0,0,0,0,290,2,2,0,1,0,0,1,nan,nan,nan,nan,nan,nan,nan
6204,1,5,5,0,0,0,0,290,2,2,0,1,0,0,1,nan,nan,nan,nan,nan,nan,nan
6205,1,5,5,0,0,0,0,290,0,0,0,0,0,1,0,nan,nan,29.994963185436973,nan,nan,44.44313386486647,nan
6206,1,5,5,0,0,0,0,290,0,0,0,0,0,1,0,nan,nan,nan,nan,nan,nan,nan
6207,1,5,5,0,0,0,0,290,0,0,0,0,1,0,0,nan,nan,nan,nan,22.209384500881242,nan,nan
6208,1,5,5,0,0,0,0,290,0,0,0,0,1,0,0,nan,nan,nan,nan,nan,nan,nan
6209,1,5,5,0,0,0,0,290,0,0,0,0,1,0,0,nan,nan,nan,nan,nan,nan,nan
6210,1,5,5,0,0,0,0,290,0,0,0,0,1,0,0,nan,nan,nan,nan,nan,nan,nan
6211,1,5,5,0,0,0,0,290,0,0,0,0,1,0,0,nan,nan,nan,nan,nan,nan,nan
6212,1,5,5,0,0,0,0,290,0,0,0,0,1,0,0,nan,nan,nan,nan,nan,nan,nan
6213,1,5,5,0,0,0,0,290,0,0,0,0,1,0,0,nan,nan,nan,nan,nan,nan,nan
6214,1,5,5,0,0,0,0,290,0,0,0,0,1,0,0,nan,nan,nan,nan,nan,nan,nan
6215,1,5,5,0,0,0,0,290,0,0,0,0,1,0,0,nan,nan,nan,nan,nan,nan,nan
6216,1,5,5,0,0,0,0,290,0,0,0,0,1,0,0,nan,nan,nan,nan,nan,nan,nan
6217,1,5,5,0,0,0,0,290,0,0,0,0,1,0,0,nan,nan,nan,nan,nan,nan,nan
6218,1,5,5,0,0,0,0,290,0,0,0,0,1,0,0,nan,nan,nan,nan,nan,nan,nan
6219,1,5,5,0,0,0,0,290,2,0,0,0,1,0,0,26.58002186647991,nan,nan,nan,nan,nan,nan
6220,1,5,5,0,0,0,0,290,2,0,0,0,1,0,0,nan,nan,nan,nan,nan,nan,nan
6221,1,5,5,0,0,0,0,291,2,0,0,0,1,1,0,nan,nan,nan,nan,nan,15.880193319808313,26.445406364362498
6222,1,5,5,0,0,0,0,291,2,0,0,0,1,1,0,nan,nan,nan,nan,nan,nan,nan
6223,1,5,4,1,0,0,0,291,2,0,0,0,1,1,0,nan,nan,17.988533036393164,nan,nan,nan,nan
6224,1,5,4,1,0,0,0,291,2,0,0,0,1,1,0,nan,nan,nan,nan,nan,nan,nan
6225,1,5,4,0,0,0,0,291,2,0,0,0,0,1,0,nan,nan,nan,30.838503429898992,nan,nan,nan
6226,1,5,4,0,0,0,0,291,2,0,0,0,0,1,0,nan,nan,nan,nan,nan,nan,nan
6227,1,5,4,0,0,0,0,291,2,0,0,0,0,1,0,nan,nan,nan,nan,nan,nan,nan
6228,1,5,4,0,0,0,0,291,2,0,0,0,0,1,0,nan,nan,nan,nan,nan,nan,nan
6229,1,5,4,0,0,0,0,291,2,0,0,0,0,1,0,nan,nan,nan,nan,nan,nan,nan
6230,1,5,5,0,0,0,0,291,0,0,0,0,0,1,0,nan,36.1023946147061,nan,nan,nan,nan,nan
6231,1,5,5,0,0,0,0,291,0,0,0,0,0,1,0,nan,nan,nan,nan,nan,nan,nan
6232,1,5,5,0,0,0,0,291,0,0,0,0,0,1,0,nan,nan,nan,nan,nan,nan,nan
6233,1,5,5,0,0,0,0,291,0,0,0,0,0,1,0,nan,nan,nan,nan,nan,nan,nan
6234,1,5,5,0,0,0,0,291,0,0,0,0,0,1,0,nan,nan,nan,nan,nan,nan,nan
6235,1,5,5,0,0,0,0,291,0,0,0,0,0,1,0,nan,nan,nan,nan,nan,nan,nan
6236,1,5,5,0,0,0,0,291,0,0,0,0,0,1,0,nan,nan,nan,nan,nan,nan,nan
6237,1,5,5,0,0,0,0,292,0,0,0,0,0,1,1,nan,nan,nan,nan,nan,nan,15.879981477214642
6238,1,5,5,0,0,0,0,292,0,0,0,0,0,1,1,nan,nan,nan,nan,nan,nan,nan
6239,1,5,5,0,0,0,0,292,0,0,0,0,0,1,1,nan,nan,nan,nan,nan,nan,nan
6240,1,5,5,0,0,0,0,292,0,0,0,0,0,1,1,nan,nan,nan,nan,nan,nan,nan
6241,1,5,5,0,0,0,0,292,0,0,0,0,0,1,1,nan,nan,nan,nan,nan,nan,nan
6242,1,5,5,0,0,0,0,292,0,0,0,0,0,1,1,nan,nan,nan,nan,nan,nan,nan
6243,1,5,5,0,0,0,0,292,0,0,0,0,0,1,1,nan,nan,nan,nan,nan,nan,nan
6244,1,5,5,0,1,0,0,292,0,0,0,1,0,1,1,nan,nan,nan,18.632594605709528,nan,nan,nan
6245,1,5,5,0,1,0,0,292,0,0,0,1,0,1,1,nan,nan,nan,nan,nan,nan,nan
6246,1,5,5,0,1,0,0,292,0,0,0,1,0,1,1,nan,nan,nan,nan,nan,nan,nan
6247,1,5,5,0,1,0,0,292,0,0,0,1,0,1,1,nan,nan,nan,nan,nan,nan,nan
6248,1,5,5,0,0,0,0,292,0,0,0,1,0,0,1,nan,nan,nan,nan,41.48224576474331,nan,nan
6249,1,5,5,0,0,0,0,292,0,0,0,1,0,0,1,nan,nan,nan,nan,nan,nan,nan
6250,1,5,5,0,0,0,0,292,2,0,0,1,0,0,1,30.63722637813953,nan,nan,nan,nan,nan,nan
6251,1,5,5,0,0,0,0,292,2,2,0,1,0,0,1,nan,20.953561825747784,nan,nan,nan,nan,nan
6252,1,5,5,0,0,0,0,292,0,0,0,0,0,0,1,nan,nan,29.761540632577635,nan,nan,nan,nan
6253,1,5,5,0,0,0,0,292,0,0,0,0,0,0,1,nan,nan,nan,nan,nan,nan,nan
6254,1,5,5,0,0,0,0,292,0,0,0,0,0,0,1,nan,nan,nan,nan,nan,nan,nan
6255,1,5,5,0,0,0,0,292,0,0,0,0,0,0,1,nan,nan,nan,nan,nan,nan,nan
6256,1,5,5,0,0,0,0,292,0,0,0,0,0,0,1,nan,nan,nan,nan,nan,nan,nan
6257,1,5,5,0,0,0,0,292,0,0,0,0,0,0,1,nan,nan,nan,nan,nan,nan,nan
6258,1,5,5,0,0,0,0,292,0,0,0,0,0,0,1,nan,nan,nan,nan,nan,nan,nan
6259,1,5,5,0,0,0,0,292,0,0,0,0,0,1,0,nan,nan,nan,nan,nan,38.22266262920857,nan
6260,1,5,5,0,0,0,0,292,0,0,0,0,0,1,0,nan,nan,nan,nan,nan,nan,nan
6261,1,5,5,0,0,0,0,292,0,0,0,0,0,1,0,nan,nan,nan,nan,nan,nan,nan
6262,1,5,5,0,0,0,0,292,0,0,0,0,0,1,0,nan,nan,nan,nan,nan,nan,nan
6263,1,5,5,0,0,0,0,292,0,0,0,0,0,1,0,nan,nan,nan,nan,nan,nan,nan
6264,1,5,5,0,0,0,0,292,0,0,0,0,0,1,0,nan,nan,nan,nan,nan,nan,nan
6265,1,5,5,0,0,0,0,292,0,0,0,0,0,1,0,nan,nan,nan,nan,nan,nan,nan
6266,1,5,4,1,0,0,0,292,0,0,0,0,0,1,0,nan,nan,13.491856780914532,nan,nan,nan,nan
6267,1,5,4,1,0,0,0,292,0,0,0,0,0,1,0,nan,nan,nan,nan,nan,nan,nan
6268,1,5,4,0,1,0,0,292,0,0,0,0,0,1,0,nan,nan,nan,23.67131747280746,nan,nan,nan
6269,1,5,4,0,1,0,0,292,0,0,0,0,0,1,0,nan,nan,nan,nan,nan,nan,nan
6270,1,5,4,0,0,0,0,293,0,0,0,0,0,0,1,nan,nan,nan,nan,21.2594069070592,nan,32.99360462243567
6271,1,5,4,0,0,0,0,293,0,0,0,0,0,0,1,nan,nan,nan,nan,nan,nan,nan
6272,1,5,4,0,0,0,0,293,0,0,0,0,0,0,1,nan,nan,nan,nan,nan,nan,nan
6273,1,5,4,0,0,0,0,293,0,0,0,0,0,0,1,nan,nan,nan,nan,nan,nan,nan
6274,1,5,4,0,0,0,0,293,0,0,0,0,0,0,1,nan,nan,nan,nan,nan,nan,nan
6275,1,5,4,0,0,0,0,293,0,0,0,0,0,0,1,nan,nan,nan,nan,nan,nan,nan
6276,1,5,4,0,0,0,0,293,0,0,0,0,0,0,1,nan,nan,nan,nan,nan,nan,nan
6277,1,5,4,0,0,0,0,293,2,0,0,0,0,0,1,27.11359138962871,nan,nan,nan,nan,nan,nan
6278,1,5,5,0,0,0,0,293,0,0,0,0,0,0,1,nan,27.055523122098748,nan,nan,nan,nan,nan
6279,1,5,5,0,1,0,0,293,0,0,0,1,0,0,1,nan,nan,nan,11.762891156666228,nan,nan,nan
6280,1,5,4,0,1,0,0,293,0,0,0,0,0,0,1,nan,nan,13.893565727962596,nan,nan,nan,nan
6281,1,5,4,0,1,0,0,293,0,0,0,0,0,0,1,nan,nan,nan,nan,nan,nan,nan
6282,1,5,4,0,1,0,0,293,0,0,0,0,0,0,1,nan,nan,nan,nan,nan,nan,nan
6283,1,5,4,0,1,0,0,293,0,0,0,0,0,0,1,nan,nan,nan,nan,nan,nan,nan
6284,1,5,4,0,1,0,0,293,0,0,0,0,0,0,1,nan,nan,nan,nan,nan,nan,nan
6285,1,5,4,0,1,0,0,293,0,0,0,0,0,0,1,nan,nan,nan,nan,nan,nan,nan
6286,1,5,4,0,1,0,0,293,0,0,0,0,0,0,1,nan,nan,nan,nan,nan,nan,nan
6287,1,5,4,0,1,0,0,293,0,0,0,0,0,0,1,nan,nan,nan,nan,nan,nan,nan
6288,1,5,4,0,1,0,0,293,0,0,0,0,0,0,1,nan,nan,nan,nan,nan,nan,nan
6289,1,5,4,0,1,0,0,293,0,0,0,0,0,0,1,nan,nan,nan,nan,nan,nan,nan
6290,1,5,4,0,1,0,0,293,0,0,0,0,0,1,0,nan,nan,nan,nan,nan,30.980603805103783,nan
6291,1,5,4,0,1,0,0,293,0,0,0,0,0,1,0,nan,nan,nan,nan,nan,nan,nan
6292,1,5,4,0,1,0,0,293,2,0,0,0,0,1,0,15.672839554380516,nan,nan,nan,nan,nan,nan
6293,1,5,4,0,0,0,0,293,2,0,0,0,0,0,0,nan,nan,nan,nan,23.987666081839052,nan,nan
6294,1,5,4,0,0,0,0,293,2,0,0,0,0,0,0,nan,nan,nan,nan,nan,nan,nan
6295,1,5,4,0,1,0,0,293,2,0,0,1,0,0,0,nan,nan,nan,15.844165423389313,nan,nan,nan
6296,1,5,4,0,1,0,0,293,2,0,0,1,0,0,0,nan,nan,nan,nan,nan,nan,nan
6297,1,5,4,0,1,0,0,293,2,0,0,1,0,0,0,nan,nan,nan,nan,nan,nan,nan
6298,1,5,4,0,1,0,0,293,2,0,0,1,0,0,0,nan,nan,nan,nan,nan,nan,nan
6299,1,5,3,0,1,0,0,293,2,0,0,0,0,0,0,nan,nan,19.419523966801535,nan,nan,nan,nan
6300,1,5,3,0,1,0,0,293,2,0,0,0,0,0,0,nan,nan,nan,nan,nan,nan,nan
6301,1,5,3,0,1,0,0,293,2,0,0,0,0,0,0,nan,nan,nan,nan,nan,nan,nan
6302,1,5,3,0,1,0,0,293,2,0,0,0,0,0,0,nan,nan,nan,nan,nan,nan,nan
6303,1,5,3,0,1,0,0,293,2,0,0,0,0,0,0,nan,nan,nan,nan,nan,nan,nan
6304,1,5,4,0,1,0,0,293,0,0,0,0,0,0,0,nan,25.84471920598753,nan,nan,nan,nan,nan
6305,1,5,4,0,1,0,1,293,0,0,0,0,0,1,0,nan,nan,nan,nan,nan,15.329168067076353,nan
6306,1,5,4,0,1,0,1,293,0,0,0,0,0,1,0,nan,nan,nan,nan,nan,nan,nan
6307,1,5,4,0,1,0,1,293,0,0,0,0,0,1,0,nan,nan,nan,nan,nan,nan,nan
6308,1,5,4,0,1,0,1,293,0,0,0,0,0,1,0,nan,nan,nan,nan,nan,nan,nan
6309,1,5,4,0,1,0,1,293,0,0,0,0,0,1,0,nan,nan,nan,nan,nan,nan,nan
6310,1,5,4,0,0,0,0,294,0,0,0,0,0,0,0,nan,nan,nan,nan,16.974032457621433,nan,40.33618942211433
6311,1,5,4,0,0,0,0,294,0,0,0,0,0,0,0,nan,nan,nan,nan,nan,nan,nan
6312,1,5,4,0,0,0,0,294,0,0,0,0,0,0,0,nan,nan,nan,nan,nan,nan,nan
6313,1,5,4,0,0,0,0,294,0,0,0,0,0,0,0,nan,nan,nan,nan,nan,nan,nan
6314,1,5,3,1,0,0,0,294,0,0,0,0,0,0,0,nan,nan,14.89952729073957,nan,nan,nan,nan
6315,1,5,3,0,1,0,0,294,2,0,0,0,0,0,0,23.038088458045422,nan,nan,19.52703613396079,nan,nan,nan
6316,1,5,3,0,1,0,0,294,2,0,0,0,0,0,0,nan,nan,nan,nan,nan,nan,nan
6317,1,5,3,0,1,0,0,294,2,0,0,0,0,0,0,nan,nan,nan,nan,nan,nan,nan
6318,1,5,3,0,1,0,0,294,2,0,0,0,0,0,0,nan,nan,nan,nan,nan,nan,nan
6319,1,5,3,0,1,0,0,294,2,0,0,0,0,0,0,nan,nan,nan,nan,nan,nan,nan
6320,1,5,3,0,1,0,0,295,2,0,0,0,0,0,1,nan,nan,nan,nan,nan,nan,10.220148950425937
6321,1,5,3,0,1,0,0,295,2,0,0,0,0,0,1,nan,nan,nan,nan,nan,nan,nan
6322,1,5,3,0,1,0,0,295,2,0,0,0,0,0,1,nan,nan,nan,nan,nan,nan,nan
6323,1,5,3,0,1,0,0,295,2,0,0,0,0,0,1,nan,nan,nan,nan,nan,nan,nan
6324,1,5,3,0,1,0,0,295,2,0,0,0,0,0,1,nan,nan,nan,nan,nan,nan,nan
6325,1,5,3,0,1,0,0,295,2,0,0,0,0,0,1,nan,nan,nan,nan,nan,nan,nan
6326,1,5,4,0,1,0,0,295,0,0,0,0,0,0,1,nan,21.916111677113804,nan,nan,nan,nan,nan
6327,1,5,4,0,1,0,0,295,0,0,0,0,0,0,1,nan,nan,nan,nan,nan,nan,nan
6328,1,5,4,0,0,1,0,295,0,0,0,0,0,0,1,nan,nan,nan,nan,17.788377694996598,nan,nan
6329,1,5,4,0,0,0,0,295,0,0,0,0,0,0,0,nan,nan,nan,nan,nan,23.875629894259873,nan
6330,1,5,4,0,0,0,0,295,0,0,0,0,0,0,0,nan,nan,nan,nan,nan,nan,nan
6331,1,5,3,1,0,0,0,295,0,0,0,0,0,0,0,nan,nan,16.92513436084846,nan,nan,nan,nan
6332,1,5,3,1,0,0,0,295,0,0,0,0,0,0,0,nan,nan,nan,nan,nan,nan,nan
6333,1,5,3,1,0,0,0,295,0,0,0,0,0,0,0,nan,nan,nan,nan,nan,nan,nan
6334,1,5,3,1,0,0,0,295,0,0,0,0,0,0,0,nan,nan,nan,nan,nan,nan,nan
6335,1,5,3,1,0,0,0,295,0,0,0,0,0,0,0,nan,nan,nan,nan,nan,nan,nan
6336,1,5,3,1,0,0,0,295,0,0,0,0,0,0,0,nan,nan,nan,nan,nan,nan,nan
6337,1,5,3,1,0,0,0,295,0,0,0,0,0,0,0,nan,nan,nan,nan,nan,nan,nan
6338,1,5,3,1,0,1,0,295,0,0,0,0,1,0,0,nan,nan,nan,nan,9.478856278017702,nan,nan
6339,1,5,3,1,0,1,0,296,0,0,0,0,1,0,1,nan,nan,nan,nan,nan,nan,19.3613119038464
6340,1,4,4,1,0,1,0,296,0,0,0,0,1,0,1,nan,13.770129306932176,nan,nan,nan,nan,nan
6341,1,5,4,1,0,1,0,296,0,0,0,0,1,0,1,25.30712666787258,nan,nan,nan,nan,nan,nan
6342,1,5,4,1,0,1,0,296,0,0,0,0,1,0,1,nan,nan,nan,nan,nan,nan,nan
6343,1,5,4,0,0,1,0,296,0,0,0,0,0,0,1,nan,nan,nan,27.731401919322707,nan,nan,nan
6344,1,5,4,0,0,1,0,296,0,0,0,0,0,0,1,nan,nan,nan,nan,nan,nan,nan
6345,1,5,4,0,0,1,0,296,0,0,0,0,0,0,1,nan,nan,nan,nan,nan,nan,nan
6346,1,5,4,0,0,1,0,296,0,0,0,0,0,0,1,nan,nan,nan,nan,nan,nan,nan
6347,1,5,4,0,0,1,0,296,0,0,0,0,0,0,1,nan,nan,nan,nan,nan,nan,nan
6348,1,5,4,0,0,1,0,296,0,0,0,0,0,0,1,nan,nan,nan,nan,nan,nan,nan
6349,1,5,3,1,0,0,0,296,0,0,0,0,0,0,0,nan,nan,17.717033297965827,nan,nan,19.63646882782632,nan
6350,1,5,3,1,0,0,0,296,0,0,0,0,0,0,0,nan,nan,nan,nan,nan,nan,nan
6351,1,5,3,1,0,0,0,296,2,0,0,0,0,0,0,10.605095519317729,nan,nan,nan,nan,nan,nan
6352,1,5,3,1,0,0,0,296,2,0,0,0,0,0,0,nan,nan,nan,nan,nan,nan,nan
6353,1,5,3,1,0,0,0,296,2,0,0,0,0,0,0,nan,nan,nan,nan,nan,nan,nan
6354,1,5,3,1,0,0,0,296,2,0,0,0,0,0,0,nan,nan,nan,nan,nan,nan,nan
6355,1,5,3,1,0,0,0,296,2,0,0,0,0,0,0,nan,nan,nan,nan,nan,nan,nan
6356,1,5,4,0,1,0,0,296,0,0,0,0,0,0,0,nan,16.382268663413925,nan,13.516382194136895,nan,nan,nan
6357,1,5,4,0,0,1,0,296,0,0,0,0,0,0,0,nan,nan,nan,nan,19.358040216542577,nan,nan
6358,1,5,4,0,0,1,0,296,0,0,0,0,0,0,0,nan,nan,nan,nan,nan,nan,nan
6359,1,5,4,0,0,1,0,296,0,0,0,0,0,0,0,nan,nan,nan,nan,nan,nan,nan
6360,1,5,4,0,0,1,0,296,0,0,0,0,0,0,0,nan,nan,nan,nan,nan,nan,nan
6361,1,5,4,0,0,1,0,296,0,0,0,0,0,0,0,nan,nan,nan,nan,nan,nan,nan
6362,1,5,4,0,0,1,0,296,0,0,0,0,0,0,0,nan,nan,nan,nan,nan,nan,nan
6363,1,5,4,0,0,1,0,296,0,0,0,0,0,0,0,nan,nan,nan,nan,nan,nan,nan
6364,1,5,4,0,0,1,0,296,0,0,0,0,0,0,0,nan,nan,nan,nan,nan,nan,nan
6365,1,5,3,1,0,1,0,296,0,0,0,0,0,0,0,nan,nan,15.844995878171176,nan,nan,nan,nan
6366,1,5,3,0,1,1,0,296,0,0,0,0,0,0,0,nan,nan,nan,9.786967058022128,nan,nan,nan
6367,1,5,3,0,1,1,0,296,2,0,0,0,0,0,0,15.923359458573032,nan,nan,nan,nan,nan,nan
6368,1,5,3,0,1,1,0,297,2,0,0,0,0,0,1,nan,nan,nan,nan,nan,nan,28.62922334041741
6369,1,5,3,0,1,1,0,297,2,0,0,0,0,0,1,nan,nan,nan,nan,nan,nan,nan
6370,1,5,3,0,1,1,0,297,2,0,0,0,0,0,1,nan,nan,nan,nan,nan,nan,nan
6371,1,5,3,0,1,1,0,297,2,0,0,0,0,0,1,nan,nan,nan,nan,nan,nan,nan
6372,1,5,4,0,1,1,0,297,0,0,0,0,0,0,1,nan,15.779161903292334,nan,nan,nan,nan,nan
6373,1,5,4,0,1,1,0,297,0,0,0,0,0,0,1,nan,nan,nan,nan,nan,nan,nan
6374,1,5,4,0,1,0,0,297,0,0,0,0,0,0,0,nan,nan,nan,nan,nan,25.51129973110619,nan
6375,1,5,4,0,1,0,0,297,0,0,0,0,0,0,0,nan,nan,nan,nan,nan,nan,nan
6376,1,5,4,0,1,0,0,297,0,0,0,0,0,0,0,nan,nan,nan,nan,nan,nan,nan
6377,1,5,4,0,1,0,0,297,0,0,0,0,0,0,0,nan,nan,nan,nan,nan,nan,nan
6378,1,5,4,0,1,0,0,297,0,0,0,0,0,0,0,nan,nan,nan,nan,nan,nan,nan
6379,1,5,3,1,1,0,0,297,0,0,0,0,0,0,0,nan,nan,14.71558343954166,nan,nan,nan,nan
6380,1,5,3,1,1,0,0,297,0,0,0,0,0,0,0,nan,nan,nan,nan,nan,nan,nan
6381,1,5,3,1,1,0,0,297,0,0,0,0,0,0,0,nan,nan,nan,nan,nan,nan,nan
6382,1,5,3,1,1,0,0,297,0,0,0,0,0,0,0,nan,nan,nan,nan,nan,nan,nan
6383,1,5,3,1,1,0,0,297,0,0,0,0,0,0,0,nan,nan,nan,nan,nan,nan,nan
6384,1,5,3,1,1,0,0,297,0,0,0,0,0,0,0,nan,nan,nan,nan,nan,nan,nan
6385,1,5,3,0,1,1,0,297,0,0,0,0,0,0,0,nan,nan,nan,19.003598843821237,27.70290379137259,nan,nan
6386,1,4,4,0,1,1,0,297,0,0,0,0,0,0,0,nan,14.406134050419496,nan,nan,nan,nan,nan
6387,1,4,4,0,1,1,0,297,0,0,0,0,0,0,0,nan,nan,nan,nan,nan,nan,nan
6388,1,4,4,0,1,1,0,297,0,0,0,0,0,0,0,nan,nan,nan,nan,nan,nan,nan
6389,1,4,4,0,1,0,0,298,0,0,0,0,0,0,0,nan,nan,nan,nan,nan,14.200588602489916,20.613312981708077
6390,1,4,4,0,1,0,0,298,0,0,0,0,0,0,0,nan,nan,nan,nan,nan,nan,nan
6391,1,4,4,0,1,0,0,298,0,0,0,0,0,0,0,nan,nan,nan,nan,nan,nan,nan
6392,1,4,4,0,1,0,0,298,0,0,0,0,0,0,0,nan,nan,nan,nan,nan,nan,nan
6393,1,4,4,0,1,0,0,298,0,0,0,0,0,0,0,nan,nan,nan,nan,nan,nan,nan
6394,1,4,4,0,1,0,0,298,0,0,0,0,0,0,0,nan,nan,nan,nan,nan,nan,nan
6395,1,4,4,0,1,0,0,298,0,0,0,0,0,0,0,nan,nan,nan,nan,nan,nan,nan
6396,1,4,4,0,1,0,0,298,0,0,0,0,0,0,0,nan,nan,nan,nan,nan,nan,nan
6397,1,4,4,0,1,0,0,298,0,0,0,0,0,0,0,nan,nan,nan,nan,nan,nan,nan
6398,1,4,4,0,1,0,0,298,0,0,0,0,0,0,0,nan,nan,nan,nan,nan,nan,nan
6399,1,4,4,0,1,0,0,298,0,0,0,0,0,0,0,nan,nan,nan,nan,nan,nan,nan
6400,1,4,4,0,1,0,1,298,0,0,0,0,0,1,0,nan,nan,nan,nan,nan,11.339682082630134,nan
6401,1,4,4,0,1,0,1,298,0,0,0,0,0,1,0,nan,nan,nan,nan,nan,nan,nan
6402,1,4,4,0,1,0,1,298,0,0,0,0,0,1,0,nan,nan,nan,nan,nan,nan,nan
6403,1,4,4,0,1,0,1,298,0,0,0,0,0,1,0,nan,nan,nan,nan,nan,nan,nan
6404,1,5,3,0,2,0,1,298,0,0,0,0,0,1,0,37.18483529668356,nan,24.435456431391685,19.360666936076996,nan,nan,nan
6405,1,5,3,0,2,0,1,298,0,0,0,0,0,1,0,nan,nan,nan,nan,nan,nan,nan
6406,1,5,3,0,2,0,1,298,0,0,0,0,0,1,0,nan,nan,nan,nan,nan,nan,nan
6407,1,5,3,0,2,0,1,298,0,0,0,0,0,1,0,nan,nan,nan,nan,nan,nan,nan
6408,1,5,3,0,2,0,1,298,0,0,0,0,0,1,0,nan,nan,nan,nan,nan,nan,nan
6409,1,5,3,0,2,0,0,299,0,0,0,0,0,1,0,nan,nan,nan,nan,nan,nan,20.771416617429168
6410,1,5,3,0,2,0,0,299,0,0,0,0,0,1,0,nan,nan,nan,nan,nan,nan,nan
6411,1,5,3,0,2,0,0,299,0,0,0,0,0,1,0,nan,nan,nan,nan,nan,nan,nan
6412,1,5,3,0,2,0,0,299,0,0,0,0,0,1,0,nan,nan,nan,nan,nan,nan,nan
6413,1,5,3,0,2,0,0,299,0,0,0,0,0,1,0,nan,nan,nan,nan,nan,nan,nan
6414,1,5,3,0,2,0,0,299,0,0,0,0,0,1,0,nan,nan,nan,nan,nan,nan,nan
6415,1,5,3,0,2,0,0,299,0,0,0,0,0,1,0,nan,nan,nan,nan,nan,nan,nan
6416,1,5,2,0,3,0,0,299,0,0,0,0,0,1,0,nan,nan,12.571992629500528,12.07566004346063,nan,nan,nan
6417,1,5,2,0,3,0,0,299,0,0,0,0,0,1,0,nan,nan,nan,nan,nan,nan,nan
6418,1,5,2,0,3,0,0,299,0,0,0,0,0,1,0,nan,nan,nan,nan,nan,nan,nan
6419,1,5,2,0,2,0,0,299,0,0,0,0,0,0,0,nan,nan,nan,nan,34.24425713564142,nan,nan
6420,1,5,2,0,2,0,0,299,0,0,0,0,0,0,0,nan,nan,nan,nan,nan,nan,nan
6421,1,5,2,0,2,0,0,299,0,0,0,0,0,0,0,nan,nan,nan,nan,nan,nan,nan
6422,1,5,2,0,2,0,0,299,0,0,0,0,0,0,0,nan,nan,nan,nan,nan,nan,nan
6423,1,5,2,0,2,0,0,300,0,0,0,0,0,0,1,nan,nan,nan,nan,nan,nan,13.086062613249851
6424,1,5,2,0,2,0,0,300,2,0,0,0,0,0,1,19.646460292319716,nan,nan,nan,nan,nan,nan
6425,1,5,2,0,2,0,0,300,2,0,0,0,0,0,1,nan,nan,nan,nan,nan,nan,nan
6426,1,5,3,0,2,0,0,300,0,0,0,0,0,0,1,nan,39.35871557326573,nan,nan,nan,nan,nan
6427,1,5,3,0,3,0,0,300,0,0,0,1,0,0,1,nan,nan,nan,11.008222613610997,nan,nan,nan
6428,1,5,3,0,3,0,0,300,0,0,0,1,0,0,1,nan,nan,nan,nan,nan,nan,nan
6429,1,5,3,0,3,0,0,300,0,0,0,1,0,0,1,nan,nan,nan,nan,nan,nan,nan
6430,1,5,3,0,2,1,0,300,0,0,0,1,0,0,1,nan,nan,nan,nan,11.433573215508659,nan,nan
6431,1,5,3,0,2,1,0,300,0,0,0,1,0,0,1,nan,nan,nan,nan,nan,nan,nan
6432,1,5,3,0,2,1,0,300,0,0,0,1,0,0,1,nan,nan,nan,nan,nan,nan,nan
6433,1,5,3,0,2,1,0,300,0,0,0,1,0,0,1,nan,nan,nan,nan,nan,nan,nan
6434,1,5,3,0,2,1,0,300,2,0,0,1,0,0,1,10.339364510574342,nan,nan,nan,nan,nan,nan
6435,1,5,3,0,2,1,0,300,2,0,0,1,0,0,1,nan,nan,nan,nan,nan,nan,nan
6436,1,5,2,0,2,1,0,300,2,0,0,0,0,0,1,nan,nan,19.306479711375687,nan,nan,nan,nan
6437,1,5,2,0,2,1,0,300,2,0,0,0,0,0,1,nan,nan,nan,nan,nan,nan,nan
6438,1,5,2,0,2,1,0,300,2,0,0,0,0,0,1,nan,nan,nan,nan,nan,nan,nan
6439,1,5,2,0,2,1,0,300,2,0,0,0,0,0,1,nan,nan,nan,nan,nan,nan,nan
6440,1,5,2,0,2,1,0,300,2,0,0,0,0,0,1,nan,nan,nan,nan,nan,nan,nan
6441,1,5,2,0,2,1,0,300,2,0,0,0,0,0,1,nan,nan,nan,nan,nan,nan,nan
6442,1,5,2,0,2,1,0,300,2,0,0,0,0,0,1,nan,nan,nan,nan,nan,nan,nan
6443,1,5,2,0,2,1,0,300,2,0,0,0,0,0,1,nan,nan,nan,nan,nan,nan,nan
6444,1,5,2,0,2,1,0,300,2,0,0,0,0,0,1,nan,nan,nan,nan,nan,nan,nan
6445,1,5,2,0,2,1,0,300,2,0,0,0,0,0,1,nan,nan,nan,nan,nan,nan,nan
6446,1,5,2,0,2,1,0,300,2,0,0,0,0,0,1,nan,nan,nan,nan,nan,nan,nan
6447,1,5,2,0,2,0,0,300,2,0,0,0,0,0,0,nan,nan,nan,nan,nan,47.006341270099256,nan
6448,1,5,2,0,2,0,0,300,2,0,0,0,0,0,0,nan,nan,nan,nan,nan,nan,nan
6449,1,5,2,0,2,0,0,300,2,0,0,0,0,0,0,nan,nan,nan,nan,nan,nan,nan
6450,1,5,2,0,2,0,0,300,2,0,0,0,0,0,0,nan,nan,nan,nan,nan,nan,nan
6451,1,5,1,1,2,0,0,300,2,0,0,0,0,0,0,nan,nan,15.312722952595323,nan,nan,nan,nan
6452,1,5,1,1,2,0,0,300,2,0,0,0,0,0,0,nan,nan,nan,nan,nan,nan,nan
6453,1,5,1,1,2,0,0,300,2,0,0,0,0,0,0,nan,nan,nan,nan,nan,nan,nan
6454,1,5,1,1,1,1,0,300,2,0,0,0,0,0,0,nan,nan,nan,nan,23.148547552566924,nan,nan
6455,1,5,1,1,1,1,0,300,2,0,0,0,0,0,0,nan,nan,nan,nan,nan,nan,nan
6456,1,5,1,1,1,1,0,300,2,0,0,0,0,0,0,nan,nan,nan,nan,nan,nan,nan
6457,1,5,1,1,1,1,0,300,2,0,0,0,0,0,0,nan,nan,nan,nan,nan,nan,nan
6458,1,5,1,1,1,1,0,300,2,0,0,0,0,0,0,nan,nan,nan,nan,nan,nan,nan
6459,1,5,2,1,1,1,0,300,0,0,0,0,0,0,0,nan,32.960271885210204,nan,nan,nan,nan,nan
6460,1,5,2,1,1,1,0,300,0,0,0,0,0,0,0,nan,nan,nan,nan,nan,nan,nan
6461,1,5,2,1,1,1,0,300,0,0,0,0,0,0,0,nan,nan,nan,nan,nan,nan,nan
6462,1,5,2,1,1,1,0,300,0,0,0,0,0,0,0,nan,nan,nan,nan,nan,nan,nan
6463,1,5,2,1,1,0,1,300,0,0,0,0,0,0,0,nan,nan,nan,nan,nan,15.576281093360194,nan
6464,1,5,2,1,1,0,1,300,0,0,0,0,0,0,0,nan,nan,nan,nan,nan,nan,nan
6465,1,5,2,0,2,0,1,300,0,0,0,0,0,0,0,nan,nan,nan,37.27882373785633,nan,nan,nan
6466,1,5,2,0,2,0,1,300,0,0,0,0,0,0,0,nan,nan,nan,nan,nan,nan,nan
6467,1,5,2,0,2,0,1,300,0,0,0,0,0,0,0,nan,nan,nan,nan,nan,nan,nan
6468,1,5,2,0,2,0,1,300,0,0,0,0,0,0,0,nan,nan,nan,nan,nan,nan,nan
6469,1,5,2,0,2,0,1,300,0,0,0,0,0,0,0,nan,nan,nan,nan,nan,nan,nan
6470,1,5,2,0,2,0,1,300,0,0,0,0,0,0,0,nan,nan,nan,nan,nan,nan,nan
6471,1,5,2,0,2,0,0,301,0,0,0,0,0,0,0,nan,nan,nan,nan,nan,nan,48.76275547167825
6472,1,5,2,0,2,0,0,301,0,0,0,0,0,0,0,nan,nan,nan,nan,nan,nan,nan
6473,1,5,2,0,3,0,0,301,0,0,0,1,0,0,0,nan,nan,nan,8.71539748230407,nan,nan,nan
6474,1,5,2,0,3,0,0,301,0,0,0,1,0,0,0,nan,nan,nan,nan,nan,nan,nan
6475,1,5,2,0,3,0,0,301,0,0,0,1,0,0,0,nan,nan,nan,nan,nan,nan,nan
6476,1,5,2,0,3,0,0,301,0,0,0,1,0,0,0,nan,nan,nan,nan,nan,nan,nan
6477,1,5,2,0,3,0,0,301,0,0,0,1,0,0,0,nan,nan,nan,nan,nan,nan,nan
6478,1,5,2,0,2,0,1,301,0,0,0,1,0,0,0,nan,nan,nan,nan,23.93407464052052,15.174426590026997,nan
6479,1,5,2,0,2,0,1,301,0,0,0,1,0,0,0,nan,nan,nan,nan,nan,nan,nan
6480,1,5,2,0,2,0,1,301,0,0,0,1,0,0,0,nan,nan,nan,nan,nan,nan,nan
6481,1,5,2,0,2,0,1,301,0,0,0,1,0,0,0,nan,nan,nan,nan,nan,nan,nan
6482,1,5,2,0,2,0,1,301,0,0,0,1,0,0,0,nan,nan,nan,nan,nan,nan,nan
6483,1,4,2,0,2,0,1,301,0,0,0,0,0,0,0,nan,24.38278904764684,32.07165465199523,nan,nan,nan,nan
6484,1,4,2,0,2,0,1,301,0,0,0,0,0,0,0,nan,nan,nan,nan,nan,nan,nan
6485,1,4,2,0,2,0,0,302,0,0,0,0,0,0,0,nan,nan,nan,nan,nan,nan,13.820117721446877
6486,1,5,2,0,2,0,0,302,0,0,0,0,0,0,0,51.51753625967649,nan,nan,nan,nan,nan,nan
6487,1,5,2,0,2,0,0,302,0,0,0,0,0,0,0,nan,nan,nan,nan,nan,nan,nan
6488,1,5,2,0,2,0,0,302,0,0,0,0,0,0,0,nan,nan,nan,nan,nan,nan,nan
6489,1,5,2,0,2,0,0,302,0,0,0,0,0,0,0,nan,nan,nan,nan,nan,nan,nan
6490,1,5,2,0,2,0,0,302,0,0,0,0,0,0,0,nan,nan,nan,nan,nan,nan,nan
6491,1,5,2,0,2,0,0,302,0,0,0,0,0,0,0,nan,nan,nan,nan,nan,nan,nan
6492,1,5,2,0,1,1,0,302,0,0,0,0,0,0,0,nan,nan,nan,nan,14.848166301580022,nan,nan
6493,1,5,2,0,1,1,0,302,0,0,0,0,0,0,0,nan,nan,nan,nan,nan,nan,nan
6494,1,4,3,0,1,1,0,302,0,0,0,0,0,0,0,nan,10.998735873266924,nan,nan,nan,nan,nan
6495,1,4,3,0,1,1,0,302,0,0,0,0,0,0,0,nan,nan,nan,nan,nan,nan,nan
6496,1,4,3,0,2,1,0,302,0,0,0,1,0,0,0,nan,nan,nan,23.01310443521197,nan,nan,nan
6497,1,4,3,0,2,1,0,303,0,0,0,1,0,0,1,nan,nan,nan,nan,nan,nan,11.795872726222115
6498,1,4,3,0,2,1,0,303,0,0,0,1,0,0,1,nan,nan,nan,nan,nan,nan,nan
6499,1,4,3,0,2,0,0,303,0,0,0,1,0,0,0,nan,nan,nan,nan,nan,20.909689729622187,nan
6500,1,4,3,0,2,0,0,303,0,0,0,1,0,0,0,nan,nan,nan,nan,nan,nan,nan
6501,1,4,3,0,2,0,0,303,0,0,0,1,0,0,0,nan,nan,nan,nan,nan,nan,nan
6502,1,4,3,0,2,0,0,303,0,0,0,1,0,0,0,nan,nan,nan,nan,nan,nan,nan
6503,1,4,2,0,2,0,0,303,0,0,0,0,0,0,0,nan,nan,20.282043632671048,nan,nan,nan,nan
6504,1,3,3,0,2,0,0,303,0,0,0,0,0,0,0,nan,10.104181618670736,nan,nan,nan,nan,nan
6505,1,3,3,0,2,0,0,303,0,0,0,0,0,0,0,nan,nan,nan,nan,nan,nan,nan
6506,1,4,3,0,2,0,0,303,0,0,0,0,0,0,0,19.641439256322883,nan,nan,nan,nan,nan,nan
6507,1,4,3,0,2,0,0,303,0,0,0,0,0,0,0,nan,nan,nan,nan,nan,nan,nan
6508,1,4,3,0,2,0,0,303,0,0,0,0,0,0,0,nan,nan,nan,nan,nan,nan,nan
6509,1,4,3,0,2,0,0,303,0,0,0,0,0,0,0,nan,nan,nan,nan,nan,nan,nan
6510,1,4,3,0,1,1,0,304,0,0,0,0,0,0,1,nan,nan,nan,nan,17.26714490600625,nan,12.671303310350595
6511,1,4,3,0,1,1,0,304,0,0,0,0,0,0,1,nan,nan,nan,nan,nan,nan,nan
6512,1,4,3,0,1,1,0,304,0,0,0,0,0,0,1,nan,nan,nan,nan,nan,nan,nan
6513,1,4,3,0,1,1,0,304,0,0,0,0,0,0,1,nan,nan,nan,nan,nan,nan,nan
6514,1,4,3,0,1,1,0,304,0,0,0,0,0,0,1,nan,nan,nan,nan,nan,nan,nan
6515,1,4,3,0,2,1,0,304,0,0,0,1,0,0,1,nan,nan,nan,18.76080442517923,nan,nan,nan
6516,1,4,3,0,2,1,0,304,0,0,0,1,0,0,1,nan,nan,nan,nan,nan,nan,nan
6517,1,4,3,0,2,1,0,304,0,0,0,1,0,0,1,nan,nan,nan,nan,nan,nan,nan
6518,1,4,3,0,2,1,0,304,0,0,0,1,0,0,1,nan,nan,nan,nan,nan,nan,nan
6519,1,4,3,0,2,0,0,304,0,0,0,1,0,0,0,nan,nan,nan,nan,nan,20.23199470702093,nan
6520,1,4,3,0,1,1,0,304,0,0,0,1,0,0,0,nan,nan,nan,nan,10.31568910182341,nan,nan
6521,1,4,3,0,1,1,0,304,0,0,0,1,0,0,0,nan,nan,nan,nan,nan,nan,nan
6522,1,4,3,0,1,1,0,304,0,0,0,1,0,0,0,nan,nan,nan,nan,nan,nan,nan
6523,1,5,3,0,1,1,0,304,0,0,0,1,0,0,0,16.916467386111435,nan,nan,nan,nan,nan,nan
6524,1,5,3,0,1,1,0,304,0,0,0,1,0,0,0,nan,nan,nan,nan,nan,nan,nan
6525,1,5,3,0,1,1,0,304,0,0,0,1,0,0,0,nan,nan,nan,nan,nan,nan,nan
6526,1,5,3,0,1,1,0,304,0,0,0,1,0,0,0,nan,nan,nan,nan,nan,nan,nan
6527,1,5,3,0,1,1,0,304,0,0,0,1,0,0,0,nan,nan,nan,nan,nan,nan,nan
6528,1,5,3,0,1,1,0,304,0,0,0,1,0,0,0,nan,nan,nan,nan,nan,nan,nan
6529,1,5,3,0,1,1,0,304,0,0,0,1,0,0,0,nan,nan,nan,nan,nan,nan,nan
6530,1,5,3,0,1,1,0,304,0,0,0,1,0,0,0,nan,nan,nan,nan,nan,nan,nan
6531,1,5,3,0,1,1,0,304,0,0,0,1,0,0,0,nan,nan,nan,nan,nan,nan,nan
6532,1,5,3,0,1,1,0,304,0,0,0,1,0,0,0,nan,nan,nan,nan,nan,nan,nan
6533,1,5,2,0,1,1,0,304,0,0,0,0,0,0,0,nan,nan,29.51123340435697,nan,nan,nan,nan
6534,1,4,3,0,1,1,0,304,0,0,0,0,0,0,0,nan,30.218426460540286,nan,nan,nan,nan,nan
6535,1,4,3,0,1,1,0,304,0,0,0,0,0,0,0,nan,nan,nan,nan,nan,nan,nan
6536,1,4,3,0,1,1,0,304,0,0,0,0,0,0,0,nan,nan,nan,nan,nan,nan,nan
6537,1,5,3,0,1,1,0,304,0,0,0,0,0,0,0,14.368853982361543,nan,nan,nan,nan,nan,nan
6538,1,5,3,0,0,2,0,304,0,0,0,0,0,0,0,nan,nan,nan,nan,17.550035169822877,nan,nan
6539,1,5,3,0,0,2,0,304,0,0,0,0,0,0,0,nan,nan,nan,nan,nan,nan,nan
6540,1,5,3,0,0,2,0,304,0,0,0,0,0,0,0,nan,nan,nan,nan,nan,nan,nan
6541,1,5,3,0,0,1,1,304,0,0,0,0,0,0,0,nan,nan,nan,nan,nan,22.504544800146505,nan
6542,1,5,3,0,0,1,1,304,0,0,0,0,0,0,0,nan,nan,nan,nan,nan,nan,nan
6543,1,5,3,0,0,1,1,304,0,0,0,0,0,0,0,nan,nan,nan,nan,nan,nan,nan
6544,1,5,3,0,0,1,1,304,0,0,0,0,0,0,0,nan,nan,nan,nan,nan,nan,nan
6545,1,5,3,0,0,1,1,304,0,0,0,0,0,0,0,nan,nan,nan,nan,nan,nan,nan
6546,1,5,3,0,0,1,1,304,0,0,0,0,0,0,0,nan,nan,nan,nan,nan,nan,nan
6547,1,5,3,0,0,1,1,304,0,0,0,0,0,0,0,nan,nan,nan,nan,nan,nan,nan
6548,1,5,3,0,0,1,0,305,0,0,0,0,0,0,0,nan,nan,nan,nan,nan,nan,38.646806795037264
6549,1,5,3,0,0,1,0,305,0,0,0,0,0,0,0,nan,nan,nan,nan,nan,nan,nan
6550,1,5,2,1,0,1,0,305,0,0,0,0,0,0,0,nan,nan,17.559202427454693,nan,nan,nan,nan
6551,1,5,2,1,0,1,0,305,0,0,0,0,0,0,0,nan,nan,nan,nan,nan,nan,nan
6552,1,5,2,1,0,1,0,305,0,0,0,0,0,0,0,nan,nan,nan,nan,nan,nan,nan
6553,1,5,2,1,0,1,0,305,0,0,0,0,0,0,0,nan,nan,nan,nan,nan,nan,nan
6554,1,5,2,1,0,1,0,305,0,0,0,0,0,0,0,nan,nan,nan,nan,nan,nan,nan
6555,1,5,2,1,0,1,0,305,0,0,0,0,0,0,0,nan,nan,nan,nan,nan,nan,nan
6556,1,5,2,1,0,1,0,305,0,0,0,0,0,0,0,nan,nan,nan,nan,nan,nan,nan
6557,1,5,2,1,0,1,0,305,2,0,0,0,0,0,0,20.486611068002276,nan,nan,nan,nan,nan,nan
6558,1,5,2,0,0,2,0,305,2,0,0,0,0,0,0,nan,nan,nan,43.29430863543621,20.37289050983327,nan,nan
6559,1,5,3,0,0,2,0,305,0,0,0,0,0,0,0,nan,24.974349362251814,nan,nan,nan,nan,nan
6560,1,5,3,0,0,2,0,305,0,0,0,0,0,0,0,nan,nan,nan,nan,nan,nan,nan
6561,1,5,3,0,0,2,0,305,0,0,0,0,0,0,0,nan,nan,nan,nan,nan,nan,nan
6562,1,5,3,0,0,1,1,305,0,0,0,0,0,0,0,nan,nan,nan,nan,nan,20.586271608405696,nan
6563,1,5,3,0,0,1,1,305,0,0,0,0,0,0,0,nan,nan,nan,nan,nan,nan,nan
6564,1,5,3,0,0,1,0,306,0,0,0,0,0,0,0,nan,nan,nan,nan,nan,nan,15.573803530164696
6565,1,5,3,0,0,1,0,306,0,0,0,0,0,0,0,nan,nan,nan,nan,nan,nan,nan
6566,1,5,3,0,0,1,0,306,0,0,0,0,0,0,0,nan,nan,nan,nan,nan,nan,nan
6567,1,5,3,0,0,1,0,306,0,0,0,0,0,0,0,nan,nan,nan,nan,nan,nan,nan
6568,1,5,3,0,0,1,0,306,2,0,0,0,0,0,0,10.529525974401622,nan,nan,nan,nan,nan,nan
6569,1,5,3,0,0,1,0,306,2,0,0,0,0,0,0,nan,nan,nan,nan,nan,nan,nan
6570,1,5,3,0,0,1,0,306,2,0,0,0,0,0,0,nan,nan,nan,nan,nan,nan,nan
6571,1,5,3,0,0,1,0,306,2,0,0,0,0,0,0,nan,nan,nan,nan,nan,nan,nan
6572,1,5,4,0,0,1,0,306,0,0,0,0,0,0,0,nan,12.421720675795768,nan,nan,nan,nan,nan
6573,1,5,3,1,0,1,0,306,0,0,0,0,0,0,0,nan,nan,22.791525251973326,nan,nan,nan,nan
6574,1,5,3,0,1,1,0,306,0,0,0,0,0,0,0,nan,nan,nan,15.540659907398549,nan,nan,nan
6575,1,5,3,0,1,1,0,306,0,0,0,0,0,0,0,nan,nan,nan,nan,nan,nan,nan
6576,1,5,3,0,1,1,0,306,0,0,0,0,0,0,0,nan,nan,nan,nan,nan,nan,nan
6577,1,5,3,0,1,0,0,307,0,0,0,0,0,0,0,nan,nan,nan,nan,nan,15.304037353408603,13.071839240152258
6578,1,5,3,0,1,0,0,307,0,0,0,0,0,0,0,nan,nan,nan,nan,nan,nan,nan
6579,1,5,3,0,1,0,0,307,0,0,0,0,0,0,0,nan,nan,nan,nan,nan,nan,nan
6580,1,5,3,0,1,0,0,307,0,0,0,0,0,0,0,nan,nan,nan,nan,nan,nan,nan
6581,1,5,3,0,1,0,0,307,0,0,0,0,0,0,0,nan,nan,nan,nan,nan,nan,nan
6582,1,5,3,0,1,0,0,307,0,0,0,0,0,0,0,nan,nan,nan,nan,nan,nan,nan
6583,1,5,3,0,0,1,0,307,2,0,0,0,0,0,0,14.919765048108275,nan,nan,nan,25.09504039141939,nan,nan
6584,1,5,3,0,0,1,0,307,2,0,0,0,0,0,0,nan,nan,nan,nan,nan,nan,nan
6585,1,5,3,0,0,1,0,307,2,0,0,0,0,0,0,nan,nan,nan,nan,nan,nan,nan
6586,1,5,2,1,0,1,0,307,2,0,0,0,0,0,0,nan,nan,12.365378992971273,nan,nan,nan,nan
6587,1,5,2,1,0,1,0,307,2,0,0,0,0,0,0,nan,nan,nan,nan,nan,nan,nan
6588,1,5,2,1,0,1,0,307,2,0,0,0,0,0,0,nan,nan,nan,nan,nan,nan,nan
6589,1,5,2,1,0,1,0,307,2,0,0,0,0,0,0,nan,nan,nan,nan,nan,nan,nan
6590,1,5,2,1,0,1,0,307,2,0,0,0,0,0,0,nan,nan,nan,nan,nan,nan,nan
6591,1,5,2,1,0,1,0,307,2,0,0,0,0,0,0,nan,nan,nan,nan,nan,nan,nan
6592,1,5,3,1,0,0,1,307,0,0,0,0,0,0,0,nan,20.096694107290205,nan,nan,nan,15.029730182813182,nan
6593,1,5,3,1,0,0,1,307,0,0,0,0,0,0,0,nan,nan,nan,nan,nan,nan,nan
6594,1,5,3,1,0,0,0,308,0,0,0,0,0,0,0,nan,nan,nan,nan,nan,nan,16.98168342525605
6595,1,5,3,0,1,0,0,308,0,0,0,0,0,0,0,nan,nan,nan,21.070932871371042,nan,nan,nan
6596,1,5,3,0,1,0,0,308,0,0,0,0,0,0,0,nan,nan,nan,nan,nan,nan,nan
6597,1,5,3,0,1,0,0,308,0,0,0,0,0,0,0,nan,nan,nan,nan,nan,nan,nan
6598,1,5,3,0,1,0,0,308,0,0,0,0,0,0,0,nan,nan,nan,nan,nan,nan,nan
6599,1,5,3,0,1,0,0,308,0,0,0,0,0,0,0,nan,nan,nan,nan,nan,nan,nan
6600,1,5,3,0,1,0,0,308,0,0,0,0,0,0,0,nan,nan,nan,nan,nan,nan,nan
6601,1,5,3,0,1,0,0,308,0,0,0,0,0,0,0,nan,nan,nan,nan,nan,nan,nan
6602,1,5,3,0,1,0,0,308,0,0,0,0,0,0,0,nan,nan,nan,nan,nan,nan,nan
6603,1,5,3,0,1,0,0,308,0,0,0,0,0,0,0,nan,nan,nan,nan,nan,nan,nan
6604,1,5,2,1,1,0,0,308,0,0,0,0,0,0,0,nan,nan,18.758210188215344,nan,nan,nan,nan
6605,1,5,2,1,1,0,0,308,0,0,0,0,0,0,0,nan,nan,nan,nan,nan,nan,nan
6606,1,5,2,1,1,0,0,308,2,0,0,0,0,0,0,22.95884563227719,nan,nan,nan,nan,nan,nan
6607,1,5,2,1,1,0,0,308,2,0,0,0,0,0,0,nan,nan,nan,nan,nan,nan,nan
6608,1,5,2,1,1,0,0,308,2,0,0,0,0,0,0,nan,nan,nan,nan,nan,nan,nan
6609,1,5,3,1,1,0,0,308,0,0,0,0,0,0,0,nan,17.708311285349737,nan,nan,nan,nan,nan
6610,1,5,3,1,0,1,0,308,0,0,0,0,0,0,0,nan,nan,nan,nan,26.51021906009919,nan,nan
6611,1,5,3,1,0,1,0,308,0,0,0,0,0,0,0,nan,nan,nan,nan,nan,nan,nan
6612,1,5,3,1,0,1,0,308,0,0,0,0,0,0,0,nan,nan,nan,nan,nan,nan,nan
6613,1,5,3,1,0,1,0,308,0,0,0,0,0,0,0,nan,nan,nan,nan,nan,nan,nan
6614,1,5,3,1,0,1,0,308,0,0,0,0,0,0,0,nan,nan,nan,nan,nan,nan,nan
6615,1,5,3,0,1,1,0,308,0,0,0,0,0,0,0,nan,nan,nan,19.556054982302157,nan,nan,nan
6616,1,5,3,0,1,1,0,308,0,0,0,0,0,0,0,nan,nan,nan,nan,nan,nan,nan
6617,1,5,3,0,1,1,0,308,0,0,0,0,0,0,0,nan,nan,nan,nan,nan,nan,nan
6618,1,5,3,0,1,0,1,308,0,0,0,0,0,0,0,nan,nan,nan,nan,nan,26.027643224828353,nan
6619,1,5,3,0,1,0,1,308,0,0,0,0,0,0,0,nan,nan,nan,nan,nan,nan,nan
6620,1,5,3,0,1,0,1,308,0,0,0,0,0,0,0,nan,nan,nan,nan,nan,nan,nan
6621,1,5,3,0,1,0,1,308,2,0,0,0,0,0,0,15.689453503157893,nan,nan,nan,nan,nan,nan
6622,1,5,3,0,1,0,1,308,2,0,0,0,0,0,0,nan,nan,nan,nan,nan,nan,nan
6623,1,5,3,0,1,0,1,308,2,0,0,0,0,0,0,nan,nan,nan,nan,nan,nan,nan
6624,1,5,3,0,1,0,1,308,2,0,0,0,0,0,0,nan,nan,nan,nan,nan,nan,nan
6625,1,5,3,0,1,0,0,309,2,0,0,0,0,0,0,nan,nan,nan,nan,nan,nan,30.847404293248474
6626,1,5,4,0,1,0,0,309,0,0,0,0,0,0,0,nan,16.47935432128088,nan,nan,nan,nan,nan
6627,1,5,4,0,1,0,0,309,0,0,0,0,0,0,0,nan,nan,nan,nan,nan,nan,nan
6628,1,5,4,0,1,0,0,309,0,0,0,0,0,0,0,nan,nan,nan,nan,nan,nan,nan
6629,1,5,4,0,0,1,0,309,0,0,0,0,0,0,0,nan,nan,nan,nan,19.915296912611666,nan,nan
6630,1,5,4,0,0,1,0,309,0,0,0,0,0,0,0,nan,nan,nan,nan,nan,nan,nan
6631,1,5,4,0,0,1,0,309,0,0,0,0,0,0,0,nan,nan,nan,nan,nan,nan,nan
6632,1,5,4,0,0,1,0,309,0,0,0,0,0,0,0,nan,nan,nan,nan,nan,nan,nan
6633,1,5,4,0,0,0,1,309,0,0,0,0,0,0,0,nan,nan,nan,nan,nan,14.142949131720343,nan
6634,1,5,4,0,0,0,1,309,0,0,0,0,0,0,0,nan,nan,nan,nan,nan,nan,nan
6635,1,5,4,0,0,0,1,309,0,0,0,0,0,0,0,nan,nan,nan,nan,nan,nan,nan
6636,1,5,4,0,0,0,1,309,0,0,0,0,0,0,0,nan,nan,nan,nan,nan,nan,nan
6637,1,5,4,0,0,0,1,309,0,0,0,0,0,0,0,nan,nan,nan,nan,nan,nan,nan
6638,1,4,5,0,0,0,1,309,0,0,0,0,0,0,0,nan,11.936617612808732,nan,nan,nan,nan,nan
6639,1,4,5,0,0,0,0,310,0,0,0,0,0,0,0,nan,nan,nan,nan,nan,nan,14.734388341547856
6640,1,4,5,0,0,0,0,310,0,0,0,0,0,0,0,nan,nan,nan,nan,nan,nan,nan
6641,1,4,4,1,0,0,0,310,0,0,0,0,0,0,0,nan,nan,36.48810676706762,nan,nan,nan,nan
6642,1,5,4,1,0,1,0,310,0,0,0,0,1,0,0,20.99558741740657,nan,nan,nan,12.238259986058438,nan,nan
6643,1,5,4,1,0,1,0,310,0,0,0,0,1,0,0,nan,nan,nan,nan,nan,nan,nan
6644,1,5,4,1,0,1,0,310,0,0,0,0,1,0,0,nan,nan,nan,nan,nan,nan,nan
6645,1,5,4,0,0,1,0,310,0,0,0,0,0,0,0,nan,nan,nan,30.213893510895105,nan,nan,nan
6646,1,5,4,0,0,0,1,310,0,0,0,0,0,0,0,nan,nan,nan,nan,nan,13.941828192989306,nan
6647,1,5,4,0,0,0,1,310,0,0,0,0,0,0,0,nan,nan,nan,nan,nan,nan,nan
6648,1,5,4,0,0,0,1,310,0,0,0,0,0,0,0,nan,nan,nan,nan,nan,nan,nan
6649,1,5,4,0,0,0,1,310,0,0,0,0,0,0,0,nan,nan,nan,nan,nan,nan,nan
6650,1,5,4,0,0,0,1,310,0,0,0,0,0,0,0,nan,nan,nan,nan,nan,nan,nan
6651,1,5,4,0,0,0,1,310,0,0,0,0,0,0,0,nan,nan,nan,nan,nan,nan,nan
6652,1,4,5,0,0,0,1,310,0,0,0,0,0,0,0,nan,13.84915335554524,nan,nan,nan,nan,nan
6653,1,4,5,0,0,0,1,310,0,0,0,0,0,0,0,nan,nan,nan,nan,nan,nan,nan
6654,1,4,5,0,0,0,1,310,0,0,0,0,0,0,0,nan,nan,nan,nan,nan,nan,nan
6655,1,4,5,0,0,0,0,311,0,0,0,0,0,0,0,nan,nan,nan,nan,nan,nan,15.197977092905603
6656,1,4,5,0,0,0,0,311,0,0,0,0,0,0,0,nan,nan,nan,nan,nan,nan,nan
6657,1,4,5,0,0,0,0,311,0,0,0,0,0,0,0,nan,nan,nan,nan,nan,nan,nan
6658,1,4,5,0,0,0,0,311,0,0,0,0,0,0,0,nan,nan,nan,nan,nan,nan,nan
6659,1,4,5,0,0,0,0,311,0,0,0,0,0,0,0,nan,nan,nan,nan,nan,nan,nan
6660,1,4,5,0,0,0,0,311,0,0,0,0,0,0,0,nan,nan,nan,nan,nan,nan,nan
6661,1,4,4,1,0,0,0,311,0,0,0,0,0,0,0,nan,nan,19.76318279260613,nan,nan,nan,nan
6662,1,4,4,1,0,0,0,311,0,0,0,0,0,0,0,nan,nan,nan,nan,nan,nan,nan
6663,1,4,4,1,0,0,0,311,0,0,0,0,0,0,0,nan,nan,nan,nan,nan,nan,nan
6664,1,3,5,1,0,0,0,311,0,0,0,0,0,0,0,nan,12.165499701451154,nan,nan,nan,nan,nan
6665,1,3,5,0,1,0,0,311,0,0,0,0,0,0,0,nan,nan,nan,20.537921404665212,nan,nan,nan
6666,1,3,5,0,0,1,0,312,0,0,0,0,0,0,1,nan,nan,nan,nan,23.85135298363093,nan,11.738796656089107
6667,1,3,5,0,0,1,0,312,0,0,0,0,0,0,1,nan,nan,nan,nan,nan,nan,nan
6668,1,3,5,0,0,1,0,312,0,0,0,0,0,0,1,nan,nan,nan,nan,nan,nan,nan
6669,1,3,5,0,0,1,0,312,0,0,0,0,0,0,1,nan,nan,nan,nan,nan,nan,nan
6670,1,4,5,0,0,1,0,312,0,0,0,0,0,0,1,27.879085674859198,nan,nan,nan,nan,nan,nan
6671,1,4,5,0,0,1,0,312,0,0,0,0,0,0,1,nan,nan,nan,nan,nan,nan,nan
6672,1,4,5,0,0,1,0,312,0,0,0,0,0,0,1,nan,nan,nan,nan,nan,nan,nan
6673,1,4,5,0,0,1,0,312,0,0,0,0,0,0,1,nan,nan,nan,nan,nan,nan,nan
6674,1,4,5,0,0,1,0,312,0,0,0,0,0,0,1,nan,nan,nan,nan,nan,nan,nan
6675,1,4,5,0,0,1,0,312,0,0,0,0,0,0,1,nan,nan,nan,nan,nan,nan,nan
6676,1,4,5,0,0,1,0,312,0,0,0,0,0,0,1,nan,nan,nan,nan,nan,nan,nan
6677,1,4,5,0,0,1,0,312,0,0,0,0,0,0,1,nan,nan,nan,nan,nan,nan,nan
6678,1,4,5,0,0,1,0,312,0,0,0,0,1,0,0,nan,nan,nan,nan,12.033521822275361,31.56695741598014,nan
6679,1,4,5,0,0,1,0,312,0,0,0,0,1,0,0,nan,nan,nan,nan,nan,nan,nan
6680,1,3,5,1,0,1,0,312,0,0,0,0,1,0,0,nan,16.446930403075385,19.72614994984633,nan,nan,nan,nan
6681,1,3,5,1,0,1,0,312,0,0,0,0,1,0,0,nan,nan,nan,nan,nan,nan,nan
6682,1,3,5,1,0,1,0,312,0,0,0,0,1,0,0,nan,nan,nan,nan,nan,nan,nan
6683,1,3,5,1,0,1,0,312,0,0,0,0,1,0,0,nan,nan,nan,nan,nan,nan,nan
6684,1,3,5,0,0,1,0,312,0,0,0,0,0,0,0,nan,nan,nan,18.254293844051972,nan,nan,nan
6685,1,3,5,0,0,1,0,312,0,0,0,0,0,0,0,nan,nan,nan,nan,nan,nan,nan
6686,1,4,5,0,0,1,0,312,0,0,0,0,0,0,0,15.939139386814531,nan,nan,nan,nan,nan,nan
6687,1,4,5,0,0,1,0,312,0,0,0,0,0,0,0,nan,nan,nan,nan,nan,nan,nan
6688,1,4,5,0,0,1,0,312,0,0,0,0,0,0,0,nan,nan,nan,nan,nan,nan,nan
6689,1,4,5,0,0,1,0,312,0,0,0,0,0,0,0,nan,nan,nan,nan,nan,nan,nan
6690,1,4,5,0,0,1,0,312,0,0,0,0,0,0,0,nan,nan,nan,nan,nan,nan,nan
6691,1,4,5,0,0,1,0,313,0,0,0,0,0,0,1,nan,nan,nan,nan,nan,nan,24.331575700014582
6692,1,4,5,0,0,1,0,313,0,0,0,0,0,0,1,nan,nan,nan,nan,nan,nan,nan
6693,1,4,5,0,0,1,0,313,0,0,0,0,0,0,1,nan,nan,nan,nan,nan,nan,nan
6694,1,4,5,0,0,1,0,313,0,0,0,0,0,0,1,nan,nan,nan,nan,nan,nan,nan
6695,1,4,5,0,0,0,0,313,0,0,0,0,0,0,0,nan,nan,nan,nan,nan,17.004187285339867,nan
6696,1,4,5,0,0,0,0,313,0,0,0,0,0,0,0,nan,nan,nan,nan,nan,nan,nan
6697,1,5,5,0,0,0,0,313,0,0,0,0,0,0,0,10.402852925956722,nan,nan,nan,nan,nan,nan
6698,1,5,5,0,0,0,0,313,0,0,0,0,0,0,0,nan,nan,nan,nan,nan,nan,nan
6699,1,5,5,0,0,1,0,313,0,0,0,0,1,0,0,nan,nan,nan,nan,21.941826429841058,nan,nan
6700,1,5,5,0,0,1,0,313,0,0,0,0,1,0,0,nan,nan,nan,nan,nan,nan,nan
6701,1,5,5,0,0,1,0,313,0,0,0,0,1,0,0,nan,nan,nan,nan,nan,nan,nan
6702,1,5,5,0,0,1,0,313,0,2,0,1,0,0,0,nan,21.685069097624364,nan,18.402325583525453,nan,nan,nan
6703,1,5,5,0,0,1,0,313,0,2,0,1,0,0,0,nan,nan,nan,nan,nan,nan,nan
6704,1,4,5,0,0,1,0,313,0,0,0,0,0,0,0,nan,nan,23.90571617693604,nan,nan,nan,nan
6705,1,4,5,0,0,1,0,313,0,0,0,0,0,0,0,nan,nan,nan,nan,nan,nan,nan
6706,1,4,5,0,0,1,0,313,0,0,0,0,0,0,0,nan,nan,nan,nan,nan,nan,nan
6707,1,4,5,0,0,1,0,314,0,0,0,0,0,0,1,nan,nan,nan,nan,nan,nan,15.836519711888286
6708,1,4,5,0,0,1,0,314,0,0,0,0,0,0,1,nan,nan,nan,nan,nan,nan,nan
6709,1,4,5,0,0,1,0,314,0,0,0,0,0,0,1,nan,nan,nan,nan,nan,nan,nan
6710,1,4,5,0,0,1,0,314,0,0,0,0,0,0,1,nan,nan,nan,nan,nan,nan,nan
6711,1,4,5,0,0,0,0,314,0,0,0,0,0,0,0,nan,nan,nan,nan,nan,16.254061830966748,nan
6712,1,4,5,0,0,0,0,314,0,0,0,0,0,0,0,nan,nan,nan,nan,nan,nan,nan
6713,1,5,5,0,0,0,0,314,0,0,0,0,0,0,0,16.71105581211941,nan,nan,nan,nan,nan,nan
6714,1,5,5,0,0,0,0,314,0,0,0,0,0,0,0,nan,nan,nan,nan,nan,nan,nan
6715,1,5,5,0,0,0,0,314,0,0,0,0,0,0,0,nan,nan,nan,nan,nan,nan,nan
6716,1,5,5,0,0,0,0,314,0,0,0,0,0,0,0,nan,nan,nan,nan,nan,nan,nan
6717,1,5,4,0,1,0,0,314,0,0,0,0,0,0,0,nan,nan,12.801330959800907,14.762906245117847,nan,nan,nan
6718,1,5,4,0,1,0,0,314,0,0,0,0,0,0,0,nan,nan,nan,nan,nan,nan,nan
6719,1,5,4,0,1,0,0,314,0,0,0,0,0,0,0,nan,nan,nan,nan,nan,nan,nan
6720,1,4,5,0,1,0,0,314,0,0,0,0,0,0,0,nan,17.866615068862302,nan,nan,nan,nan,nan
6721,1,4,5,0,1,0,0,314,0,0,0,0,0,0,0,nan,nan,nan,nan,nan,nan,nan
6722,1,4,5,0,1,0,0,314,0,0,0,0,0,0,0,nan,nan,nan,nan,nan,nan,nan
6723,1,4,5,0,1,0,0,314,0,0,0,0,0,0,0,nan,nan,nan,nan,nan,nan,nan
6724,1,4,5,0,1,0,0,314,0,0,0,0,0,0,0,nan,nan,nan,nan,nan,nan,nan
6725,1,4,5,0,0,1,0,314,0,0,0,0,0,0,0,nan,nan,nan,nan,25.504388720753013,nan,nan
6726,1,4,5,0,0,1,0,314,0,0,0,0,0,0,0,nan,nan,nan,nan,nan,nan,nan
6727,1,4,5,0,0,1,0,314,0,0,0,0,0,0,0,nan,nan,nan,nan,nan,nan,nan
6728,1,4,5,0,0,1,0,314,0,0,0,0,0,0,0,nan,nan,nan,nan,nan,nan,nan
6729,1,4,5,0,0,1,0,314,0,0,0,0,0,0,0,nan,nan,nan,nan,nan,nan,nan
6730,1,4,4,0,1,1,0,314,0,0,0,0,0,0,0,nan,nan,12.647194673298145,12.84697973996299,nan,nan,nan
6731,1,4,4,0,1,1,0,314,0,0,0,0,0,0,0,nan,nan,nan,nan,nan,nan,nan
6732,1,4,4,0,1,1,0,314,0,0,0,0,0,0,0,nan,nan,nan,nan,nan,nan,nan
6733,1,5,4,0,1,1,0,314,0,0,0,0,0,0,0,20.08837209419835,nan,nan,nan,nan,nan,nan
6734,1,5,4,0,1,1,0,315,0,0,0,0,0,0,1,nan,nan,nan,nan,nan,nan,27.272876090935824
6735,1,5,4,0,1,0,0,315,0,0,0,0,0,0,0,nan,nan,nan,nan,nan,23.432908273921385,nan
6736,1,5,4,0,1,0,0,315,0,0,0,0,0,0,0,nan,nan,nan,nan,nan,nan,nan
6737,1,5,4,0,0,1,0,315,0,0,0,0,0,0,0,nan,nan,nan,nan,11.696821734819423,nan,nan
6738,1,5,4,0,0,1,0,315,0,0,0,0,0,0,0,nan,nan,nan,nan,nan,nan,nan
6739,1,5,4,0,0,1,0,315,0,0,0,0,0,0,0,nan,nan,nan,nan,nan,nan,nan
6740,1,5,4,0,0,1,0,315,0,0,0,0,0,0,0,nan,nan,nan,nan,nan,nan,nan
6741,1,5,4,0,0,1,0,315,0,0,0,0,0,0,0,nan,nan,nan,nan,nan,nan,nan
6742,1,5,4,0,0,1,0,315,0,0,0,0,0,0,0,nan,nan,nan,nan,nan,nan,nan
6743,1,5,4,0,0,1,0,315,0,0,0,0,0,0,0,nan,nan,nan,nan,nan,nan,nan
6744,1,5,4,0,1,1,0,315,0,0,0,1,0,0,0,nan,nan,nan,14.812053508760073,nan,nan,nan
6745,1,5,4,0,1,1,0,315,0,0,0,1,0,0,0,nan,nan,nan,nan,nan,nan,nan
6746,1,5,4,0,1,1,0,315,2,0,0,1,0,0,0,12.89142288475432,nan,nan,nan,nan,nan,nan
6747,1,5,4,0,1,1,0,315,2,0,0,1,0,0,0,nan,nan,nan,nan,nan,nan,nan
6748,1,5,4,0,1,1,0,315,2,0,0,1,0,0,0,nan,nan,nan,nan,nan,nan,nan
6749,1,5,4,0,1,1,0,315,2,0,0,1,0,0,0,nan,nan,nan,nan,nan,nan,nan
6750,1,5,5,0,1,1,0,315,0,0,0,1,0,0,0,nan,29.942587271090815,nan,nan,nan,nan,nan
6751,1,5,5,0,1,0,1,315,0,0,0,1,0,0,0,nan,nan,nan,nan,nan,16.16832502246234,nan
6752,1,5,5,0,1,0,1,315,0,0,0,1,0,0,0,nan,nan,nan,nan,nan,nan,nan
6753,1,5,5,0,1,0,1,315,0,0,0,1,0,0,0,nan,nan,nan,nan,nan,nan,nan
6754,1,5,5,0,1,0,1,315,0,0,0,1,0,0,0,nan,nan,nan,nan,nan,nan,nan
6755,1,5,4,0,1,0,1,315,0,0,0,0,0,0,0,nan,nan,25.68599390926738,nan,nan,nan,nan
6756,1,5,4,0,1,0,1,315,0,0,0,0,0,0,0,nan,nan,nan,nan,nan,nan,nan
6757,1,5,4,0,1,0,1,315,0,0,0,0,0,0,0,nan,nan,nan,nan,nan,nan,nan
6758,1,5,4,0,1,0,0,316,0,0,0,0,0,0,0,nan,nan,nan,nan,nan,nan,24.16450553496543
6759,1,5,4,0,1,0,0,316,0,0,0,0,0,0,0,nan,nan,nan,nan,nan,nan,nan
6760,1,5,4,0,1,0,0,316,0,0,0,0,0,0,0,nan,nan,nan,nan,nan,nan,nan
6761,1,5,4,0,1,0,0,316,0,0,0,0,0,0,0,nan,nan,nan,nan,nan,nan,nan
6762,1,5,4,0,1,0,0,316,0,0,0,0,0,0,0,nan,nan,nan,nan,nan,nan,nan
6763,1,5,4,0,1,0,0,316,0,0,0,0,0,0,0,nan,nan,nan,nan,nan,nan,nan
6764,1,5,4,0,1,0,0,316,0,0,0,0,0,0,0,nan,nan,nan,nan,nan,nan,nan
6765,1,5,4,0,1,0,0,316,0,0,0,0,0,0,0,nan,nan,nan,nan,nan,nan,nan
6766,1,5,4,0,1,0,1,316,2,0,0,0,0,1,0,19.691499684026894,nan,nan,nan,nan,15.420193749007012,nan
6767,1,5,4,0,0,0,1,316,2,0,0,0,0,0,0,nan,nan,nan,nan,30.02898648071914,nan,nan
6768,1,5,5,0,0,0,1,316,0,0,0,0,0,0,0,nan,18.639654759087534,nan,nan,nan,nan,nan
6769,1,5,5,0,0,0,1,316,0,0,0,0,0,0,0,nan,nan,nan,nan,nan,nan,nan
6770,1,5,5,0,0,0,1,316,0,0,0,0,0,0,0,nan,nan,nan,nan,nan,nan,nan
6771,1,5,5,0,0,0,1,316,0,0,0,0,0,0,0,nan,nan,nan,nan,nan,nan,nan
6772,1,5,5,0,0,0,1,316,0,0,0,0,0,0,0,nan,nan,nan,nan,nan,nan,nan
6773,1,5,5,0,0,0,1,316,0,0,0,0,0,0,0,nan,nan,nan,nan,nan,nan,nan
6774,1,5,5,0,0,0,1,316,0,0,0,0,0,0,0,nan,nan,nan,nan,nan,nan,nan
6775,1,5,5,0,0,0,1,316,0,0,0,0,0,0,0,nan,nan,nan,nan,nan,nan,nan
6776,1,5,5,0,0,0,1,316,0,0,0,0,0,0,0,nan,nan,nan,nan,nan,nan,nan
6777,1,5,5,0,1,0,1,316,0,0,0,1,0,0,0,nan,nan,nan,32.60972417180528,nan,nan,nan
6778,1,5,5,0,1,0,1,316,0,0,0,1,0,0,0,nan,nan,nan,nan,nan,nan,nan
6779,1,5,5,0,1,0,1,316,0,0,0,1,0,0,0,nan,nan,nan,nan,nan,nan,nan
6780,1,5,5,0,1,0,1,316,0,0,0,1,0,0,0,nan,nan,nan,nan,nan,nan,nan
6781,1,5,5,0,1,0,0,317,0,0,0,1,0,0,0,nan,nan,nan,nan,nan,nan,22.840252982624406
6782,1,5,5,0,1,0,0,317,0,0,0,1,0,0,0,nan,nan,nan,nan,nan,nan,nan
6783,1,5,4,0,1,0,0,317,0,0,0,0,0,0,0,nan,nan,27.481078895314567,nan,nan,nan,nan
6784,1,5,4,0,1,0,0,317,0,0,0,0,0,0,0,nan,nan,nan,nan,nan,nan,nan
6785,1,5,4,0,1,0,0,317,2,0,0,0,0,0,0,19.28883984629738,nan,nan,nan,nan,nan,nan
6786,1,5,4,0,1,0,0,317,2,0,0,0,0,0,0,nan,nan,nan,nan,nan,nan,nan
6787,1,5,4,0,1,0,0,317,2,0,0,0,0,0,0,nan,nan,nan,nan,nan,nan,nan
6788,1,5,5,0,1,0,0,317,0,0,0,0,0,0,0,nan,19.546279240117656,nan,nan,nan,nan,nan
6789,1,5,5,0,1,0,0,317,0,0,0,0,0,0,0,nan,nan,nan,nan,nan,nan,nan
6790,1,5,5,0,0,1,0,317,0,0,0,0,0,0,0,nan,nan,nan,nan,23.66716454021571,nan,nan
6791,1,5,5,0,0,1,0,317,0,0,0,0,0,0,0,nan,nan,nan,nan,nan,nan,nan
6792,1,5,5,0,0,0,1,317,0,0,0,0,0,0,0,nan,nan,nan,nan,nan,25.194205992581374,nan
6793,1,5,5,0,0,0,1,317,0,0,0,0,0,0,0,nan,nan,nan,nan,nan,nan,nan
6794,1,5,5,0,1,0,1,317,0,0,0,1,0,0,0,nan,nan,nan,17.200870171574024,nan,nan,nan
6795,1,5,5,0,1,0,1,317,0,0,0,1,0,0,0,nan,nan,nan,nan,nan,nan,nan
6796,1,5,5,0,1,0,1,317,0,0,0,1,0,0,0,nan,nan,nan,nan,nan,nan,nan
6797,1,5,5,0,1,0,1,317,0,0,0,1,0,0,0,nan,nan,nan,nan,nan,nan,nan
6798,1,5,5,0,1,0,1,317,0,0,0,1,0,0,0,nan,nan,nan,nan,nan,nan,nan
6799,1,5,5,0,1,0,1,317,0,0,0,1,0,0,0,nan,nan,nan,nan,nan,nan,nan
6800,1,5,4,0,1,0,0,318,0,0,0,0,0,0,0,nan,nan,17.391913517750254,nan,nan,nan,18.874213385956864
6801,1,5,4,0,1,0,0,318,0,0,0,0,0,0,0,nan,nan,nan,nan,nan,nan,nan
6802,1,5,4,0,1,0,0,318,0,0,0,0,0,0,0,nan,nan,nan,nan,nan,nan,nan
6803,1,5,4,0,1,0,0,318,0,0,0,0,0,0,0,nan,nan,nan,nan,nan,nan,nan
6804,1,5,4,0,0,1,0,318,0,0,0,0,0,0,0,nan,nan,nan,nan,13.836000355398937,nan,nan
6805,1,5,4,0,0,1,0,318,0,0,0,0,0,0,0,nan,nan,nan,nan,nan,nan,nan
6806,1,5,4,0,0,1,0,318,0,0,0,0,0,0,0,nan,nan,nan,nan,nan,nan,nan
6807,1,5,4,0,0,1,0,318,2,0,0,0,0,0,0,21.55178877153685,nan,nan,nan,nan,nan,nan
6808,1,5,4,0,0,1,0,318,2,0,0,0,0,0,0,nan,nan,nan,nan,nan,nan,nan
6809,1,5,4,0,0,1,0,318,2,0,0,0,0,0,0,nan,nan,nan,nan,nan,nan,nan
6810,1,5,4,0,0,1,0,318,2,0,0,0,0,0,0,nan,nan,nan,nan,nan,nan,nan
6811,1,5,5,0,0,1,0,318,0,0,0,0,0,0,0,nan,23.42710766703476,nan,nan,nan,nan,nan
6812,1,5,5,0,0,1,0,318,0,0,0,0,0,0,0,nan,nan,nan,nan,nan,nan,nan
6813,1,5,5,0,0,1,0,318,0,0,0,0,0,0,0,nan,nan,nan,nan,nan,nan,nan
6814,1,5,4,1,0,0,1,318,0,0,0,0,0,0,0,nan,nan,14.30929212303272,nan,nan,22.827083261811822,nan
6815,1,5,4,1,0,0,1,318,0,0,0,0,0,0,0,nan,nan,nan,nan,nan,nan,nan
6816,1,5,4,1,0,0,1,318,0,0,0,0,0,0,0,nan,nan,nan,nan,nan,nan,nan
6817,1,5,4,1,0,0,1,318,0,0,0,0,0,0,0,nan,nan,nan,nan,nan,nan,nan
6818,1,5,4,0,0,1,1,318,0,0,0,0,0,0,0,nan,nan,nan,23.79630658667338,13.611065121766842,nan,nan
6819,1,5,4,0,0,1,1,318,0,0,0,0,0,0,0,nan,nan,nan,nan,nan,nan,nan
6820,1,5,4,0,0,1,1,318,0,0,0,0,0,0,0,nan,nan,nan,nan,nan,nan,nan
6821,1,5,4,0,0,1,0,319,0,0,0,0,0,0,0,nan,nan,nan,nan,nan,nan,21.60156259681662
6822,1,5,4,0,0,1,0,319,0,0,0,0,0,0,0,nan,nan,nan,nan,nan,nan,nan
6823,1,5,4,0,0,1,0,319,0,0,0,0,0,0,0,nan,nan,nan,nan,nan,nan,nan
6824,1,5,4,0,0,1,0,319,2,0,0,0,0,0,0,17.481312311487272,nan,nan,nan,nan,nan,nan
6825,1,5,4,0,0,1,0,319,2,0,0,0,0,0,0,nan,nan,nan,nan,nan,nan,nan
6826,1,5,4,0,0,1,0,319,2,0,0,0,0,0,0,nan,nan,nan,nan,nan,nan,nan
6827,1,5,4,0,0,1,0,319,2,0,0,0,0,0,0,nan,nan,nan,nan,nan,nan,nan
6828,1,5,4,0,0,1,0,319,2,0,0,0,0,0,0,nan,nan,nan,nan,nan,nan,nan
6829,1,5,4,0,0,1,0,319,2,0,0,0,0,0,0,nan,nan,nan,nan,nan,nan,nan
6830,1,5,5,0,0,1,0,319,0,0,0,0,0,0,0,nan,18.769056682001974,nan,nan,nan,nan,nan
6831,1,5,5,0,0,0,1,319,0,0,0,0,0,0,0,nan,nan,nan,nan,nan,16.32043737638469,nan
6832,1,5,5,0,0,0,1,319,0,0,0,0,0,0,0,nan,nan,nan,nan,nan,nan,nan
6833,1,5,5,0,0,0,1,319,0,0,0,0,0,0,0,nan,nan,nan,nan,nan,nan,nan
6834,1,5,5,0,0,0,1,319,0,0,0,0,0,0,0,nan,nan,nan,nan,nan,nan,nan
6835,1,5,5,0,0,1,1,319,0,0,0,0,1,0,0,nan,nan,nan,nan,17.111515056889402,nan,nan
6836,1,5,5,0,0,1,1,319,0,0,0,0,1,0,0,nan,nan,nan,nan,nan,nan,nan
6837,1,5,5,0,0,1,1,319,0,0,0,0,1,0,0,nan,nan,nan,nan,nan,nan,nan
6838,1,5,5,0,0,1,1,319,0,0,0,0,1,0,0,nan,nan,nan,nan,nan,nan,nan
6839,1,5,4,1,0,1,1,319,0,0,0,0,1,0,0,nan,nan,24.232273046684895,nan,nan,nan,nan
6840,1,5,4,1,0,1,1,319,0,0,0,0,1,0,0,nan,nan,nan,nan,nan,nan,nan
6841,1,5,4,1,0,1,1,319,0,0,0,0,1,0,0,nan,nan,nan,nan,nan,nan,nan
6842,1,5,4,1,0,1,0,320,2,0,0,0,1,0,0,17.539818265761824,nan,nan,nan,nan,nan,20.88599865685501
6843,1,5,4,1,0,1,0,320,2,0,0,0,1,0,0,nan,nan,nan,nan,nan,nan,nan
6844,1,5,4,1,0,1,0,320,2,0,0,0,1,0,0,nan,nan,nan,nan,nan,nan,nan
6845,1,5,4,1,0,1,0,320,2,0,0,0,1,0,0,nan,nan,nan,nan,nan,nan,nan
6846,1,5,4,1,0,1,0,320,2,0,0,0,1,0,0,nan,nan,nan,nan,nan,nan,nan
6847,1,5,4,1,0,1,0,320,2,0,0,0,1,0,0,nan,nan,nan,nan,nan,nan,nan
6848,1,5,4,1,0,0,1,320,2,0,0,0,1,0,0,nan,nan,nan,nan,nan,17.134758801709722,nan
6849,1,5,4,1,0,0,1,320,2,0,0,0,1,0,0,nan,nan,nan,nan,nan,nan,nan
6850,1,5,4,1,0,0,1,320,2,0,0,0,1,0,0,nan,nan,nan,nan,nan,nan,nan
6851,1,5,4,0,0,0,1,320,2,0,0,0,0,0,0,nan,nan,nan,32.7773600802002,nan,nan,nan
6852,1,5,4,0,0,0,1,320,2,0,0,0,0,0,0,nan,nan,nan,nan,nan,nan,nan
6853,1,5,4,0,0,0,1,320,2,0,0,0,0,0,0,nan,nan,nan,nan,nan,nan,nan
6854,1,5,4,0,0,0,1,320,2,0,0,0,0,0,0,nan,nan,nan,nan,nan,nan,nan
6855,1,5,4,0,0,0,1,320,2,0,0,0,0,0,0,nan,nan,nan,nan,nan,nan,nan
6856,1,5,5,0,0,0,1,320,0,0,0,0,0,0,0,nan,25.346344141140435,nan,nan,nan,nan,nan
6857,1,5,5,0,0,0,1,320,0,0,0,0,0,0,0,nan,nan,nan,nan,nan,nan,nan
6858,1,5,4,1,0,0,1,320,0,0,0,0,0,0,0,nan,nan,19.77096121856539,nan,nan,nan,nan
6859,1,5,4,1,0,0,1,320,0,0,0,0,0,0,0,nan,nan,nan,nan,nan,nan,nan
6860,1,5,4,1,0,0,1,320,0,0,0,0,0,0,0,nan,nan,nan,nan,nan,nan,nan
6861,1,5,4,1,0,0,1,320,0,0,0,0,0,0,0,nan,nan,nan,nan,nan,nan,nan
6862,1,5,4,1,0,0,1,320,0,0,0,0,0,0,0,nan,nan,nan,nan,nan,nan,nan
6863,1,5,4,1,0,1,0,321,0,0,0,0,1,0,0,nan,nan,nan,nan,28.51573550205103,nan,20.758461208727567
6864,1,5,4,1,0,1,0,321,0,0,0,0,1,0,0,nan,nan,nan,nan,nan,nan,nan
6865,1,5,4,0,0,0,1,321,0,0,0,0,0,0,0,nan,nan,nan,13.811241096636877,nan,16.79283792550268,nan
6866,1,5,4,0,0,0,1,321,0,0,0,0,0,0,0,nan,nan,nan,nan,nan,nan,nan
6867,1,5,4,0,0,0,1,321,0,0,0,0,0,0,0,nan,nan,nan,nan,nan,nan,nan
6868,1,4,5,0,0,0,1,321,0,0,0,0,0,0,0,nan,12.572755547940687,nan,nan,nan,nan,nan
6869,1,5,5,0,0,0,1,321,0,0,0,0,0,0,0,27.377661962381353,nan,nan,nan,nan,nan,nan
6870,1,5,5,0,0,0,1,321,0,0,0,0,0,0,0,nan,nan,nan,nan,nan,nan,nan
6871,1,5,5,0,0,0,1,321,0,0,0,0,0,0,0,nan,nan,nan,nan,nan,nan,nan
6872,1,5,5,0,0,0,1,321,0,0,0,0,0,0,0,nan,nan,nan,nan,nan,nan,nan
6873,1,5,5,0,0,0,1,321,0,0,0,0,0,0,0,nan,nan,nan,nan,nan,nan,nan
6874,1,5,5,0,0,0,1,321,0,0,0,0,0,0,0,nan,nan,nan,nan,nan,nan,nan
6875,1,5,5,0,0,0,1,321,0,0,0,0,0,0,0,nan,nan,nan,nan,nan,nan,nan
6876,1,5,5,0,0,1,1,321,0,0,0,0,1,0,0,nan,nan,nan,nan,12.2092910650872,nan,nan
6877,1,5,5,0,0,1,1,321,0,0,0,1,0,0,0,nan,nan,nan,12.612335753110528,nan,nan,nan
6878,1,5,5,0,0,1,1,321,0,0,0,1,0,0,0,nan,nan,nan,nan,nan,nan,nan
6879,1,5,4,0,0,1,1,321,0,0,0,0,0,0,0,nan,nan,20.40495920394642,nan,nan,nan,nan
6880,1,5,4,0,0,1,1,321,0,0,0,0,0,0,0,nan,nan,nan,nan,nan,nan,nan
6881,1,5,4,0,0,1,1,321,0,0,0,0,0,0,0,nan,nan,nan,nan,nan,nan,nan
6882,1,4,5,0,0,1,1,321,0,0,0,0,0,0,0,nan,14.109346487852235,nan,nan,nan,nan,nan
6883,1,4,5,0,0,1,1,321,0,0,0,0,0,0,0,nan,nan,nan,nan,nan,nan,nan
6884,1,4,5,0,0,1,1,321,0,0,0,0,0,0,0,nan,nan,nan,nan,nan,nan,nan
6885,1,4,5,0,0,1,1,321,0,0,0,0,0,0,0,nan,nan,nan,nan,nan,nan,nan
6886,1,5,5,0,0,1,0,322,0,0,0,0,0,0,0,16.753318995895825,nan,nan,nan,nan,nan,22.881328380591185
6887,1,5,5,0,0,1,0,322,0,0,0,0,0,0,0,nan,nan,nan,nan,nan,nan,nan
6888,1,5,5,0,0,0,1,322,0,0,0,0,0,0,0,nan,nan,nan,nan,nan,23.049738770261683,nan
6889,1,5,5,0,0,1,1,322,0,0,0,0,1,0,0,nan,nan,nan,nan,13.389888959854034,nan,nan
6890,1,5,5,0,0,1,1,322,0,0,0,1,0,0,0,nan,nan,nan,13.072955424907377,nan,nan,nan
6891,1,5,5,0,0,1,1,322,0,0,0,1,0,0,0,nan,nan,nan,nan,nan,nan,nan
6892,1,5,5,0,0,1,1,322,0,0,0,1,0,0,0,nan,nan,nan,nan,nan,nan,nan
6893,1,5,5,0,0,1,1,322,0,0,0,1,0,0,0,nan,nan,nan,nan,nan,nan,nan
6894,1,5,5,0,0,1,1,322,0,0,0,1,0,0,0,nan,nan,nan,nan,nan,nan,nan
6895,1,5,5,0,0,1,1,322,0,0,0,1,0,0,0,nan,nan,nan,nan,nan,nan,nan
6896,1,5,5,0,0,1,1,322,0,0,0,1,0,0,0,nan,nan,nan,nan,nan,nan,nan
6897,1,5,5,0,0,1,1,322,2,0,0,1,0,0,0,11.05687667067832,nan,nan,nan,nan,nan,nan
6898,1,5,5,0,0,1,1,322,2,0,0,1,0,0,0,nan,nan,nan,nan,nan,nan,nan
6899,1,5,5,0,0,1,1,322,2,0,0,1,0,0,0,nan,nan,nan,nan,nan,nan,nan
6900,1,5,5,0,0,1,0,323,2,0,0,1,0,0,0,nan,nan,nan,nan,nan,nan,14.265160313869274
6901,1,5,4,0,0,0,1,323,2,0,0,0,0,0,0,nan,nan,22.09772750553384,nan,nan,13.855203309855824,nan
6902,1,5,4,0,0,0,1,323,2,0,0,0,0,0,0,nan,nan,nan,nan,nan,nan,nan
6903,1,5,4,0,0,0,1,323,2,0,0,0,0,0,0,nan,nan,nan,nan,nan,nan,nan
6904,1,5,4,0,0,0,1,323,2,0,0,0,0,0,0,nan,nan,nan,nan,nan,nan,nan
6905,1,5,4,0,0,0,1,323,2,0,0,0,0,0,0,nan,nan,nan,nan,nan,nan,nan
6906,1,5,4,0,0,0,1,323,2,0,0,0,0,0,0,nan,nan,nan,nan,nan,nan,nan
6907,1,5,4,0,0,0,1,323,2,0,0,0,0,0,0,nan,nan,nan,nan,nan,nan,nan
6908,1,5,4,0,0,0,1,323,2,0,0,0,0,0,0,nan,nan,nan,nan,nan,nan,nan
6909,1,5,4,0,0,0,1,323,2,0,0,0,0,0,0,nan,nan,nan,nan,nan,nan,nan
6910,1,5,4,0,0,0,1,323,2,0,0,0,0,0,0,nan,nan,nan,nan,nan,nan,nan
6911,1,5,5,0,0,0,1,323,0,0,0,0,0,0,0,nan,28.71518522743827,nan,nan,nan,nan,nan
6912,1,5,5,0,1,0,1,323,0,0,0,1,0,0,0,nan,nan,nan,21.771286301775035,nan,nan,nan
6913,1,5,5,0,1,0,1,323,0,0,0,1,0,0,0,nan,nan,nan,nan,nan,nan,nan
6914,1,5,5,0,1,0,1,323,0,0,0,1,0,0,0,nan,nan,nan,nan,nan,nan,nan
6915,1,5,5,0,0,1,1,323,0,0,0,1,0,0,0,nan,nan,nan,nan,25.91657763281637,nan,nan
6916,1,5,5,0,0,0,2,323,0,0,0,1,0,0,0,nan,nan,nan,nan,nan,14.697624056188033,nan
6917,1,5,5,0,0,0,2,323,0,0,0,1,0,0,0,nan,nan,nan,nan,nan,nan,nan
6918,1,5,5,0,0,0,1,324,0,0,0,1,0,0,0,nan,nan,nan,nan,nan,nan,17.723565026390133
6919,1,5,5,0,0,0,1,324,0,0,0,1,0,0,0,nan,nan,nan,nan,nan,nan,nan
6920,1,5,5,0,0,0,1,324,0,0,0,1,0,0,0,nan,nan,nan,nan,nan,nan,nan
6921,1,5,5,0,0,0,1,324,0,0,0,1,0,0,0,nan,nan,nan,nan,nan,nan,nan
6922,1,5,5,0,0,0,1,324,0,0,0,1,0,0,0,nan,nan,nan,nan,nan,nan,nan
6923,1,5,5,0,0,0,1,324,0,0,0,1,0,0,0,nan,nan,nan,nan,nan,nan,nan
6924,1,5,5,0,0,0,1,324,0,0,0,1,0,0,0,nan,nan,nan,nan,nan,nan,nan
6925,1,5,4,0,0,0,1,324,0,0,0,0,0,0,0,nan,nan,23.577277098918785,nan,nan,nan,nan
6926,1,5,4,0,0,0,1,324,0,0,0,0,0,0,0,nan,nan,nan,nan,nan,nan,nan
6927,1,5,4,0,0,0,1,324,0,0,0,0,0,0,0,nan,nan,nan,nan,nan,nan,nan
6928,1,5,4,0,0,0,1,324,0,0,0,0,0,0,0,nan,nan,nan,nan,nan,nan,nan
6929,1,5,4,0,0,0,1,324,0,0,0,0,0,0,0,nan,nan,nan,nan,nan,nan,nan
6930,1,5,5,0,0,0,1,324,0,0,0,0,0,0,0,32.50387237115592,18.938294716029304,nan,nan,nan,nan,nan
6931,1,5,5,0,0,0,1,324,0,0,0,0,0,0,0,nan,nan,nan,nan,nan,nan,nan
6932,1,5,5,0,0,1,1,324,0,0,0,0,1,0,0,nan,nan,nan,nan,17.31148618221505,nan,nan
6933,1,5,5,0,0,0,2,324,0,0,0,0,1,0,0,nan,nan,nan,nan,nan,17.25929664362866,nan
6934,1,5,5,0,0,0,2,324,0,0,0,0,1,0,0,nan,nan,nan,nan,nan,nan,nan
6935,1,5,5,0,0,0,2,324,0,0,0,0,1,0,0,nan,nan,nan,nan,nan,nan,nan
6936,1,5,5,0,0,0,2,324,0,0,0,0,1,0,0,nan,nan,nan,nan,nan,nan,nan
6937,1,5,5,0,0,0,2,324,0,0,0,0,1,0,0,nan,nan,nan,nan,nan,nan,nan
6938,1,5,5,0,0,0,2,324,0,0,0,0,1,0,0,nan,nan,nan,nan,nan,nan,nan
6939,1,5,5,0,0,0,2,324,0,0,0,0,1,0,0,nan,nan,nan,nan,nan,nan,nan
6940,1,5,5,0,0,0,2,324,0,0,0,0,1,0,0,nan,nan,nan,nan,nan,nan,nan
6941,1,5,5,0,0,0,2,324,0,0,0,1,0,0,0,nan,nan,nan,28.72057026413586,nan,nan,nan
6942,1,5,5,0,0,0,1,325,0,0,0,1,0,0,0,nan,nan,nan,nan,nan,nan,24.463190197343465
6943,1,5,5,0,0,0,1,325,0,0,0,1,0,0,0,nan,nan,nan,nan,nan,nan,nan
6944,1,5,5,0,0,0,1,325,0,0,0,1,0,0,0,nan,nan,nan,nan,nan,nan,nan
6945,1,5,5,0,0,0,1,325,0,0,0,1,0,0,0,nan,nan,nan,nan,nan,nan,nan
6946,1,5,4,0,0,0,1,325,0,0,0,0,0,0,0,nan,nan,20.960991381391068,nan,nan,nan,nan
6947,1,5,4,0,0,0,1,325,0,0,0,0,0,0,0,nan,nan,nan,nan,nan,nan,nan
6948,1,4,5,0,0,0,2,325,0,0,0,0,0,1,0,nan,17.67682485104342,nan,nan,nan,14.808347195671558,nan
6949,1,4,5,0,0,0,2,325,0,0,0,0,0,1,0,nan,nan,nan,nan,nan,nan,nan
6950,1,5,5,0,0,0,2,325,0,0,0,0,0,1,0,20.137367238385195,nan,nan,nan,nan,nan,nan
6951,1,5,5,0,0,0,2,325,0,0,0,0,0,1,0,nan,nan,nan,nan,nan,nan,nan
6952,1,5,5,0,0,0,1,326,0,0,0,0,1,0,0,nan,nan,nan,nan,19.58717239537964,nan,9.279139648593627
6953,1,5,5,0,0,0,1,326,0,0,0,0,1,0,0,nan,nan,nan,nan,nan,nan,nan
6954,1,5,5,0,0,0,1,326,0,0,0,0,1,0,0,nan,nan,nan,nan,nan,nan,nan
6955,1,5,5,0,0,0,1,326,0,0,0,0,1,0,0,nan,nan,nan,nan,nan,nan,nan
6956,1,5,5,0,0,0,1,326,0,0,0,1,0,0,0,nan,nan,nan,15.414857620899056,nan,nan,nan
6957,1,5,5,0,0,0,1,326,0,0,0,1,0,0,0,nan,nan,nan,nan,nan,nan,nan
6958,1,5,5,0,0,0,1,326,0,0,0,1,0,0,0,nan,nan,nan,nan,nan,nan,nan
6959,1,5,5,0,0,0,1,326,0,0,0,1,0,0,0,nan,nan,nan,nan,nan,nan,nan
6960,1,5,5,0,0,0,1,326,0,0,0,1,0,0,0,nan,nan,nan,nan,nan,nan,nan
6961,1,5,5,0,0,0,1,326,0,0,0,1,0,0,0,nan,nan,nan,nan,nan,nan,nan
6962,1,5,5,0,0,0,2,326,0,0,0,1,0,1,0,nan,nan,nan,nan,nan,13.554636494076476,nan
6963,1,5,5,0,0,0,2,326,0,2,0,1,0,1,0,nan,15.648239226545229,nan,nan,nan,nan,nan
6964,1,5,5,0,0,0,2,326,0,2,0,1,0,1,0,nan,nan,nan,nan,nan,nan,nan
6965,1,5,5,0,0,0,1,327,0,2,0,1,0,1,0,nan,nan,nan,nan,nan,nan,13.269986469938885
6966,1,5,5,0,0,0,1,327,2,2,0,1,0,1,0,15.91015783367311,nan,nan,nan,nan,nan,nan
6967,1,5,5,0,0,0,1,327,2,2,0,1,0,1,0,nan,nan,nan,nan,nan,nan,nan
6968,1,5,5,0,0,0,1,327,2,2,0,1,1,0,0,nan,nan,nan,nan,15.78700345856305,nan,nan
6969,1,5,5,0,0,0,1,327,2,2,0,1,1,0,0,nan,nan,nan,nan,nan,nan,nan
6970,1,5,5,0,0,0,1,327,2,2,0,1,1,0,0,nan,nan,nan,nan,nan,nan,nan
6971,1,5,5,0,0,0,1,327,0,0,0,0,1,0,0,nan,nan,25.294575020304364,nan,nan,nan,nan
6972,1,5,5,0,0,0,1,327,0,0,0,0,1,0,0,nan,nan,nan,nan,nan,nan,nan
6973,1,5,5,0,0,0,1,327,0,0,0,0,1,0,0,nan,nan,nan,nan,nan,nan,nan
6974,1,5,5,0,0,0,1,327,0,0,0,0,1,0,0,nan,nan,nan,nan,nan,nan,nan
6975,1,5,5,0,0,0,1,327,0,0,0,0,1,0,0,nan,nan,nan,nan,nan,nan,nan
6976,1,5,5,0,0,0,1,327,0,0,0,0,1,0,0,nan,nan,nan,nan,nan,nan,nan
6977,1,5,5,0,0,0,1,327,0,0,0,0,1,0,0,nan,nan,nan,nan,nan,nan,nan
6978,1,5,5,0,0,0,1,327,0,0,0,0,1,0,0,nan,nan,nan,nan,nan,nan,nan
6979,1,5,5,0,0,0,2,327,0,0,0,0,1,1,0,nan,nan,nan,nan,nan,17.07964126740444,nan
6980,1,5,5,0,0,0,1,328,0,0,0,0,1,1,0,nan,nan,nan,nan,nan,nan,15.500558274544346
6981,1,5,5,0,0,0,1,328,0,0,0,0,1,1,0,nan,nan,nan,nan,nan,nan,nan
6982,1,5,5,0,0,0,1,328,0,0,0,0,1,1,0,nan,nan,nan,nan,nan,nan,nan
6983,1,5,5,0,0,0,1,328,0,0,0,0,1,1,0,nan,nan,nan,nan,nan,nan,nan
6984,1,5,5,0,0,0,1,328,0,2,0,0,1,1,0,nan,20.573162632340427,nan,nan,nan,nan,nan
6985,1,5,5,0,0,0,1,328,0,2,0,0,1,1,0,nan,nan,nan,nan,nan,nan,nan
6986,1,5,5,0,0,0,1,328,0,2,0,0,1,1,0,nan,nan,nan,nan,nan,nan,nan
6987,1,5,5,0,0,0,1,328,2,2,0,0,1,1,0,21.135420024973428,nan,nan,nan,nan,nan,nan
6988,1,5,5,0,0,0,1,328,2,2,0,0,1,1,0,nan,nan,nan,nan,nan,nan,nan
6989,1,5,5,0,0,0,0,329,2,2,0,0,1,1,0,nan,nan,nan,nan,nan,nan,8.665115625742146
6990,1,5,5,0,0,0,0,329,2,2,0,0,1,1,0,nan,nan,nan,nan,nan,nan,nan
6991,1,5,5,0,0,0,0,329,2,2,0,0,1,1,0,nan,nan,nan,nan,nan,nan,nan
6992,1,5,5,0,0,0,0,329,2,2,0,0,1,1,0,nan,nan,nan,nan,nan,nan,nan
6993,1,5,5,0,0,0,0,329,2,2,0,0,1,1,0,nan,nan,nan,nan,nan,nan,nan
6994,1,5,5,0,0,0,0,329,2,2,0,0,1,1,0,nan,nan,nan,nan,nan,nan,nan
6995,1,5,5,0,0,0,0,329,2,2,0,0,1,1,0,nan,nan,nan,nan,nan,nan,nan
6996,1,5,5,1,0,0,0,329,0,0,0,0,1,1,0,nan,nan,25.34355858694653,nan,nan,nan,nan
6997,1,5,5,1,0,0,0,329,0,0,0,0,1,1,0,nan,nan,nan,nan,nan,nan,nan
6998,1,5,5,0,0,0,0,329,0,0,0,0,0,1,0,nan,nan,nan,42.18319894900833,nan,nan,nan
6999,1,5,5,0,0,0,0,329,0,0,0,0,0,1,0,nan,nan,nan,nan,nan,nan,nan
7000,1,5,5,0,0,0,0,329,0,0,0,0,0,1,0,nan,nan,nan,nan,nan,nan,nan
7001,1,5,5,0,0,0,0,329,0,0,0,0,0,1,0,nan,nan,nan,nan,nan,nan,nan
7002,1,5,5,0,0,0,0,329,0,0,0,0,0,1,0,nan,nan,nan,nan,nan,nan,nan
7003,1,5,5,0,0,0,0,329,0,0,0,0,0,1,0,nan,nan,nan,nan,nan,nan,nan
7004,1,5,5,0,0,0,0,329,0,0,0,0,0,1,0,nan,nan,nan,nan,nan,nan,nan
7005,1,5,5,0,0,0,0,329,0,0,0,0,0,1,0,nan,nan,nan,nan,nan,nan,nan
7006,1,5,5,0,0,0,0,329,2,0,0,0,0,1,0,19.61938755017036,nan,nan,nan,nan,nan,nan
7007,1,5,5,0,0,0,0,329,2,0,0,0,0,1,0,nan,nan,nan,nan,nan,nan,nan
7008,1,5,4,1,0,0,0,329,2,0,0,0,0,1,0,nan,nan,12.297304795215496,nan,nan,nan,nan
7009,1,5,4,1,0,0,0,329,2,0,0,0,0,1,0,nan,nan,nan,nan,nan,nan,nan
7010,1,5,4,1,0,0,0,329,2,0,0,0,0,1,0,nan,nan,nan,nan,nan,nan,nan
7011,1,5,4,1,0,0,0,329,2,0,0,0,1,0,0,nan,nan,nan,nan,43.502587025170214,nan,nan
7012,1,5,4,1,0,0,0,329,2,0,0,0,1,0,0,nan,nan,nan,nan,nan,nan,nan
7013,1,5,4,1,0,0,0,330,2,0,0,0,1,0,1,nan,nan,nan,nan,nan,nan,23.838057645325534
7014,1,5,4,1,0,0,0,330,2,0,0,0,1,0,1,nan,nan,nan,nan,nan,nan,nan
7015,1,5,5,1,0,0,0,330,0,0,0,0,1,0,1,nan,30.975844002916347,nan,nan,nan,nan,nan
7016,1,5,5,0,0,0,0,330,0,0,0,0,0,0,1,nan,nan,nan,18.061292215692447,nan,nan,nan
7017,1,5,5,0,0,0,0,330,0,0,0,0,0,0,1,nan,nan,nan,nan,nan,nan,nan
7018,1,5,5,0,0,0,0,330,0,0,0,0,0,0,1,nan,nan,nan,nan,nan,nan,nan
7019,1,5,5,0,0,0,0,330,0,0,0,0,0,0,1,nan,nan,nan,nan,nan,nan,nan
7020,1,5,5,0,0,0,0,330,0,0,0,0,0,0,1,nan,nan,nan,nan,nan,nan,nan
7021,1,5,5,0,0,0,0,330,0,0,0,0,0,0,1,nan,nan,nan,nan,nan,nan,nan
7022,1,5,5,0,0,0,0,330,0,0,0,0,0,0,1,nan,nan,nan,nan,nan,nan,nan
7023,1,5,5,0,0,0,0,330,0,0,0,0,0,0,1,nan,nan,nan,nan,nan,nan,nan
7024,1,5,5,0,0,0,0,330,0,0,0,0,0,0,1,nan,nan,nan,nan,nan,nan,nan
7025,1,5,5,0,0,0,0,330,0,0,0,0,0,0,1,nan,nan,nan,nan,nan,nan,nan
7026,1,5,4,1,0,0,0,330,0,0,0,0,0,0,1,nan,nan,17.760127573469617,nan,nan,nan,nan
7027,1,5,4,1,0,0,0,330,0,0,0,0,0,0,1,nan,nan,nan,nan,nan,nan,nan
7028,1,5,4,1,0,0,0,330,0,0,0,0,0,0,1,nan,nan,nan,nan,nan,nan,nan
7029,1,5,4,1,0,0,0,330,0,0,0,0,0,1,0,nan,nan,nan,nan,nan,49.654635337997206,nan
7030,1,5,4,1,0,0,0,330,0,0,0,0,0,1,0,nan,nan,nan,nan,nan,nan,nan
7031,1,5,4,1,0,0,0,330,0,0,0,0,1,0,0,nan,nan,nan,nan,19.943358721840013,nan,nan
7032,1,5,4,1,0,0,0,330,0,0,0,0,1,0,0,nan,nan,nan,nan,nan,nan,nan
7033,1,5,4,1,0,0,0,330,0,0,0,0,1,0,0,nan,nan,nan,nan,nan,nan,nan
7034,1,5,4,1,0,0,0,330,0,0,0,0,1,0,0,nan,nan,nan,nan,nan,nan,nan
7035,1,5,4,1,0,0,0,330,0,0,0,0,1,0,0,nan,nan,nan,nan,nan,nan,nan
7036,1,4,5,0,0,0,0,330,0,0,0,0,0,0,0,nan,21.329513729677274,nan,19.658390698235962,nan,nan,nan
7037,1,4,5,0,0,0,0,330,0,0,0,0,0,0,0,nan,nan,nan,nan,nan,nan,nan
7038,1,4,5,0,0,0,0,330,0,0,0,0,0,0,0,nan,nan,nan,nan,nan,nan,nan
7039,1,4,5,0,0,0,0,330,0,0,0,0,0,0,0,nan,nan,nan,nan,nan,nan,nan
7040,1,4,5,0,0,0,0,330,0,0,0,0,0,0,0,nan,nan,nan,nan,nan,nan,nan
7041,1,5,5,0,0,0,0,330,0,0,0,0,0,0,0,34.21873317323298,nan,nan,nan,nan,nan,nan
7042,1,5,5,0,0,0,0,330,0,0,0,0,0,0,0,nan,nan,nan,nan,nan,nan,nan
7043,1,5,4,1,0,0,0,330,0,0,0,0,0,0,0,nan,nan,16.790400978489743,nan,nan,nan,nan
7044,1,5,4,1,0,0,0,330,0,0,0,0,0,0,0,nan,nan,nan,nan,nan,nan,nan
7045,1,5,4,1,0,0,0,330,0,0,0,0,0,0,0,nan,nan,nan,nan,nan,nan,nan
7046,1,5,4,1,0,0,0,330,0,0,0,0,0,0,0,nan,nan,nan,nan,nan,nan,nan
7047,1,4,5,1,0,0,0,330,0,0,0,0,0,0,0,nan,10.863234010913402,nan,nan,nan,nan,nan
7048,1,4,5,1,0,0,0,330,0,0,0,0,0,0,0,nan,nan,nan,nan,nan,nan,nan
7049,1,4,5,1,0,0,1,330,0,0,0,0,0,1,0,nan,nan,nan,nan,nan,20.80263931200807,nan
7050,1,4,5,1,0,0,1,330,0,0,0,0,0,1,0,nan,nan,nan,nan,nan,nan,nan
7051,1,4,5,1,0,0,1,330,0,0,0,0,0,1,0,nan,nan,nan,nan,nan,nan,nan
7052,1,4,5,1,0,0,1,330,0,0,0,0,0,1,0,nan,nan,nan,nan,nan,nan,nan
7053,1,4,5,1,0,0,1,330,0,0,0,0,0,1,0,nan,nan,nan,nan,nan,nan,nan
7054,1,4,5,1,0,0,1,330,0,0,0,0,1,0,0,nan,nan,nan,nan,22.930029310374266,nan,nan
7055,1,4,5,1,0,0,1,330,0,0,0,0,1,0,0,nan,nan,nan,nan,nan,nan,nan
7056,1,4,5,1,0,0,1,330,0,0,0,0,1,0,0,nan,nan,nan,nan,nan,nan,nan
7057,1,4,4,2,0,0,1,330,0,0,0,0,1,0,0,nan,nan,14.22037959932004,nan,nan,nan,nan
7058,1,3,5,2,0,0,1,330,0,0,0,0,1,0,0,nan,11.073690849895684,nan,nan,nan,nan,nan
7059,1,3,5,2,0,0,1,330,0,0,0,0,1,0,0,nan,nan,nan,nan,nan,nan,nan
7060,1,3,5,1,0,0,1,330,0,0,0,0,0,0,0,nan,nan,nan,23.89261506508774,nan,nan,nan
7061,1,3,5,1,0,0,0,331,0,0,0,0,0,0,0,nan,nan,nan,nan,nan,nan,48.58194773811647
7062,1,3,5,1,0,0,0,331,0,0,0,0,0,0,0,nan,nan,nan,nan,nan,nan,nan
7063,1,3,5,1,0,0,0,331,0,0,0,0,0,0,0,nan,nan,nan,nan,nan,nan,nan
7064,1,3,5,1,0,0,0,331,0,0,0,0,0,0,0,nan,nan,nan,nan,nan,nan,nan
7065,1,3,5,1,0,0,0,331,0,0,0,0,0,0,0,nan,nan,nan,nan,nan,nan,nan
7066,1,3,5,1,0,0,0,331,0,0,0,0,0,0,0,nan,nan,nan,nan,nan,nan,nan
7067,1,4,5,1,0,0,0,331,0,0,0,0,0,0,0,26.31514329080528,nan,nan,nan,nan,nan,nan
7068,1,4,5,1,0,0,0,331,0,0,0,0,0,0,0,nan,nan,nan,nan,nan,nan,nan
7069,1,4,5,1,0,0,0,331,0,0,0,0,0,0,0,nan,nan,nan,nan,nan,nan,nan
7070,1,4,5,1,0,0,0,331,0,2,0,0,0,0,0,nan,11.650325027445433,nan,nan,nan,nan,nan
7071,1,4,5,1,0,0,0,331,0,2,0,0,0,0,0,nan,nan,nan,nan,nan,nan,nan
7072,1,4,5,1,0,0,0,331,0,2,0,0,0,0,0,nan,nan,nan,nan,nan,nan,nan
7073,1,4,5,1,0,0,1,331,0,2,0,0,0,1,0,nan,nan,nan,nan,nan,23.846362995593154,nan
7074,1,3,5,2,0,0,1,331,0,0,0,0,0,1,0,nan,nan,16.88840587629602,nan,nan,nan,nan
7075,1,3,5,2,0,0,1,331,0,0,0,0,0,1,0,nan,nan,nan,nan,nan,nan,nan
7076,1,3,5,1,1,0,1,331,0,0,0,0,0,1,0,nan,nan,nan,16.09667187026116,nan,nan,nan
7077,1,3,5,1,1,0,1,331,0,0,0,0,0,1,0,nan,nan,nan,nan,nan,nan,nan
7078,1,3,5,1,1,0,0,332,0,0,0,0,0,1,0,nan,nan,nan,nan,nan,nan,16.991556429532466
7079,1,3,5,1,1,0,0,332,0,0,0,0,0,1,0,nan,nan,nan,nan,nan,nan,nan
7080,1,3,5,1,1,0,0,332,0,0,0,0,0,1,0,nan,nan,nan,nan,nan,nan,nan
7081,1,3,5,1,1,0,0,332,0,0,0,0,0,1,0,nan,nan,nan,nan,nan,nan,nan
7082,1,4,5,1,1,0,0,332,0,0,0,0,0,1,0,14.727736404712232,nan,nan,nan,nan,nan,nan
7083,1,4,5,1,1,0,0,332,0,0,0,0,0,1,0,nan,nan,nan,nan,nan,nan,nan
7084,1,4,5,1,0,0,0,332,0,0,0,0,0,0,0,nan,nan,nan,nan,30.406967102150702,nan,nan
7085,1,4,5,1,0,0,0,332,0,0,0,0,0,0,0,nan,nan,nan,nan,nan,nan,nan
7086,1,4,5,1,0,0,0,332,0,0,0,0,0,0,0,nan,nan,nan,nan,nan,nan,nan
7087,1,4,5,1,0,0,0,332,0,0,0,0,0,0,0,nan,nan,nan,nan,nan,nan,nan
7088,1,4,5,1,0,0,0,332,0,0,0,0,0,0,0,nan,nan,nan,nan,nan,nan,nan
7089,1,4,5,1,0,0,0,332,0,2,0,0,0,0,0,nan,19.327328758054136,nan,nan,nan,nan,nan
7090,1,4,5,0,1,0,0,332,0,2,0,0,0,0,0,nan,nan,nan,13.728899222099244,nan,nan,nan
7091,1,4,5,0,1,0,0,332,0,2,0,0,0,0,0,nan,nan,nan,nan,nan,nan,nan
7092,1,4,5,0,1,0,0,332,0,2,0,0,0,0,0,nan,nan,nan,nan,nan,nan,nan
7093,1,4,5,0,1,0,0,332,0,2,0,0,0,0,0,nan,nan,nan,nan,nan,nan,nan
7094,1,4,5,0,1,0,0,332,0,2,0,0,0,0,0,nan,nan,nan,nan,nan,nan,nan
7095,1,4,5,0,1,0,0,332,0,2,0,0,0,0,0,nan,nan,nan,nan,nan,nan,nan
7096,1,3,5,1,1,0,0,333,0,0,0,0,0,0,1,nan,nan,22.180582511487955,nan,nan,nan,17.229121105890044
7097,1,3,5,1,0,1,0,333,0,0,0,0,0,0,1,nan,nan,nan,nan,12.875089319075414,nan,nan
7098,1,3,5,1,0,1,0,333,0,0,0,0,0,0,1,nan,nan,nan,nan,nan,nan,nan
7099,1,3,5,1,0,1,0,333,0,0,0,0,0,0,1,nan,nan,nan,nan,nan,nan,nan
7100,1,4,5,1,0,1,0,333,0,0,0,0,0,0,1,17.9936545362807,nan,nan,nan,nan,nan,nan
7101,1,4,5,1,0,1,0,333,0,0,0,0,0,0,1,nan,nan,nan,nan,nan,nan,nan
7102,1,4,5,1,0,1,0,333,0,0,0,0,0,0,1,nan,nan,nan,nan,nan,nan,nan
7103,1,4,5,1,0,0,0,333,0,0,0,0,0,0,0,nan,nan,nan,nan,nan,30.084925201925216,nan
7104,1,4,5,1,0,0,0,333,0,0,0,0,0,0,0,nan,nan,nan,nan,nan,nan,nan
7105,1,4,5,1,0,0,0,333,0,0,0,0,0,0,0,nan,nan,nan,nan,nan,nan,nan
7106,1,4,5,1,0,0,0,333,0,0,0,0,0,0,0,nan,nan,nan,nan,nan,nan,nan
7107,1,4,5,1,0,0,0,333,0,0,0,0,0,0,0,nan,nan,nan,nan,nan,nan,nan
7108,1,4,5,1,0,0,0,333,0,0,0,0,0,0,0,nan,nan,nan,nan,nan,nan,nan
7109,1,4,5,1,0,0,0,333,0,0,0,0,0,0,0,nan,nan,nan,nan,nan,nan,nan
7110,1,5,5,1,0,0,0,333,0,0,0,0,0,0,0,10.581159940006728,nan,nan,nan,nan,nan,nan
7111,1,5,5,1,0,0,0,333,0,0,0,0,0,0,0,nan,nan,nan,nan,nan,nan,nan
7112,1,5,5,1,0,0,0,333,0,0,0,0,0,0,0,nan,nan,nan,nan,nan,nan,nan
7113,1,5,5,1,0,0,0,333,0,0,0,0,0,0,0,nan,nan,nan,nan,nan,nan,nan
7114,1,5,5,0,1,0,0,333,0,0,0,0,0,0,0,nan,nan,nan,23.941318496079475,nan,nan,nan
7115,1,5,5,0,1,0,1,333,0,2,0,0,0,1,0,nan,26.180338603193377,nan,nan,nan,12.096461639270274,nan
7116,1,5,5,0,1,0,1,333,0,2,0,0,0,1,0,nan,nan,nan,nan,nan,nan,nan
7117,1,5,5,0,1,0,1,333,0,2,0,0,0,1,0,nan,nan,nan,nan,nan,nan,nan
7118,1,5,5,0,1,0,1,333,0,2,0,0,0,1,0,nan,nan,nan,nan,nan,nan,nan
7119,1,5,5,0,1,0,1,333,0,2,0,0,0,1,0,nan,nan,nan,nan,nan,nan,nan
7120,1,4,5,1,1,0,1,333,0,0,0,0,0,1,0,nan,nan,23.588551540204207,nan,nan,nan,nan
7121,1,4,5,1,1,0,1,333,0,0,0,0,0,1,0,nan,nan,nan,nan,nan,nan,nan
7122,1,4,5,1,0,0,1,333,0,0,0,0,0,0,0,nan,nan,nan,nan,24.84491253782744,nan,nan
7123,1,4,5,1,0,0,0,334,0,0,0,0,0,0,0,nan,nan,nan,nan,nan,nan,27.611843003157446
7124,1,4,5,1,0,0,0,334,0,0,0,0,0,0,0,nan,nan,nan,nan,nan,nan,nan
7125,1,4,5,0,1,0,0,334,0,0,0,0,0,0,0,nan,nan,nan,10.790070614359138,nan,nan,nan
7126,1,4,5,0,1,0,0,334,0,0,0,0,0,0,0,nan,nan,nan,nan,nan,nan,nan
7127,1,5,5,0,1,0,0,334,0,0,0,0,0,0,0,16.342511183605893,nan,nan,nan,nan,nan,nan
7128,1,5,5,0,1,0,0,334,0,0,0,0,0,0,0,nan,nan,nan,nan,nan,nan,nan
7129,1,5,5,0,1,0,0,334,0,0,0,0,0,0,0,nan,nan,nan,nan,nan,nan,nan
7130,1,5,5,0,1,0,0,334,0,0,0,0,0,0,0,nan,nan,nan,nan,nan,nan,nan
7131,1,5,5,0,1,0,0,334,0,0,0,0,0,0,0,nan,nan,nan,nan,nan,nan,nan
7132,1,5,5,0,1,0,0,334,0,0,0,0,0,0,0,nan,nan,nan,nan,nan,nan,nan
7133,1,5,5,0,1,0,0,334,0,0,0,0,0,0,0,nan,nan,nan,nan,nan,nan,nan
7134,1,5,5,0,1,0,0,334,0,0,0,0,0,0,0,nan,nan,nan,nan,nan,nan,nan
7135,1,5,5,0,1,0,0,334,0,0,0,0,0,0,0,nan,nan,nan,nan,nan,nan,nan
7136,1,5,5,0,1,0,0,334,0,0,0,0,0,0,0,nan,nan,nan,nan,nan,nan,nan
7137,1,5,5,0,1,0,0,334,0,2,0,0,0,0,0,nan,21.9260869005966,nan,nan,nan,nan,nan
7138,1,5,5,0,1,0,1,334,0,2,0,0,0,1,0,nan,nan,nan,nan,nan,22.418817869544,nan
7139,1,5,5,0,1,0,1,334,0,2,0,0,0,1,0,nan,nan,nan,nan,nan,nan,nan
7140,1,5,5,0,2,0,1,334,0,2,0,1,0,1,0,nan,nan,nan,15.463726663378111,nan,nan,nan
7141,1,5,5,0,2,0,1,334,2,2,0,1,0,1,0,14.431232896800793,nan,nan,nan,nan,nan,nan
7142,1,5,5,0,2,0,1,334,2,2,0,1,0,1,0,nan,nan,nan,nan,nan,nan,nan
7143,1,5,5,0,2,0,0,335,2,2,0,1,0,1,0,nan,nan,nan,nan,nan,nan,19.466733555475912
7144,1,5,5,0,2,0,0,335,2,2,0,1,0,1,0,nan,nan,nan,nan,nan,nan,nan
7145,1,5,5,0,2,0,0,335,0,0,0,0,0,1,0,nan,nan,25.58090273439484,nan,nan,nan,nan
7146,1,5,5,0,1,0,0,335,0,0,0,0,0,0,0,nan,nan,nan,nan,23.51780805702856,nan,nan
7147,1,5,5,0,1,0,0,335,0,0,0,0,0,0,0,nan,nan,nan,nan,nan,nan,nan
7148,1,5,5,0,1,0,0,335,0,0,0,0,0,0,0,nan,nan,nan,nan,nan,nan,nan
7149,1,5,5,0,1,0,0,335,0,0,0,0,0,0,0,nan,nan,nan,nan,nan,nan,nan
7150,1,5,5,0,1,0,0,335,0,0,0,0,0,0,0,nan,nan,nan,nan,nan,nan,nan
7151,1,5,5,0,1,0,0,335,0,0,0,0,0,0,0,nan,nan,nan,nan,nan,nan,nan
7152,1,5,5,0,1,0,0,335,0,0,0,0,0,0,0,nan,nan,nan,nan,nan,nan,nan
7153,1,5,5,0,1,0,0,335,0,0,0,0,0,0,0,nan,nan,nan,nan,nan,nan,nan
7154,1,5,5,0,1,0,0,336,0,0,0,0,0,0,1,nan,nan,nan,nan,nan,nan,10.771045501514891
7155,1,5,5,0,1,0,0,336,2,0,0,0,0,0,1,14.384600743181181,nan,nan,nan,nan,nan,nan
7156,1,5,5,0,1,0,0,336,2,0,0,0,0,0,1,nan,nan,nan,nan,nan,nan,nan
7157,1,5,5,0,0,1,0,336,2,0,0,0,0,0,1,nan,nan,nan,nan,11.60950480766769,nan,nan
7158,1,5,5,0,0,1,0,336,2,0,0,0,0,0,1,nan,nan,nan,nan,nan,nan,nan
7159,1,5,5,0,0,1,0,336,2,0,0,0,0,0,1,nan,nan,nan,nan,nan,nan,nan
7160,1,5,5,0,0,0,0,336,2,0,0,0,0,0,0,nan,nan,nan,nan,nan,21.860696312571235,nan
7161,1,5,5,0,0,0,0,336,2,0,0,0,0,0,0,nan,nan,nan,nan,nan,nan,nan
7162,1,5,5,0,0,0,0,336,2,0,0,0,0,0,0,nan,nan,nan,nan,nan,nan,nan
7163,1,5,5,0,0,0,0,336,2,0,0,0,0,0,0,nan,nan,nan,nan,nan,nan,nan
7164,1,5,5,0,0,0,0,336,2,0,0,0,0,0,0,nan,nan,nan,nan,nan,nan,nan
7165,1,5,5,0,0,0,0,336,2,0,0,0,0,0,0,nan,nan,nan,nan,nan,nan,nan
7166,1,5,5,1,0,0,0,336,0,0,0,0,0,0,0,nan,28.913174360966877,20.76436889543129,nan,nan,nan,nan
7167,1,5,5,1,0,0,0,336,0,0,0,0,0,0,0,nan,nan,nan,nan,nan,nan,nan
7168,1,5,5,1,0,0,0,336,0,0,0,0,0,0,0,nan,nan,nan,nan,nan,nan,nan
7169,1,5,5,1,0,0,0,336,0,0,0,0,0,0,0,nan,nan,nan,nan,nan,nan,nan
7170,1,5,5,1,0,0,0,336,0,0,0,0,0,0,0,nan,nan,nan,nan,nan,nan,nan
7171,1,5,5,1,0,0,0,336,0,0,0,0,0,0,0,nan,nan,nan,nan,nan,nan,nan
7172,1,5,5,1,0,0,0,336,0,0,0,0,0,0,0,nan,nan,nan,nan,nan,nan,nan
7173,1,5,5,1,0,0,0,336,0,0,0,0,0,0,0,nan,nan,nan,nan,nan,nan,nan
7174,1,5,5,1,0,0,0,336,0,0,0,0,0,0,0,nan,nan,nan,nan,nan,nan,nan
7175,1,5,5,1,0,0,0,336,0,0,0,0,0,0,0,nan,nan,nan,nan,nan,nan,nan
7176,1,5,5,1,0,0,0,336,0,0,0,0,0,0,0,nan,nan,nan,nan,nan,nan,nan
7177,1,5,5,1,0,0,0,336,0,0,0,0,0,0,0,nan,nan,nan,nan,nan,nan,nan
7178,1,5,5,1,0,0,0,336,0,0,0,0,0,0,0,nan,nan,nan,nan,nan,nan,nan
7179,1,5,5,1,0,0,0,336,0,0,0,0,0,0,0,nan,nan,nan,nan,nan,nan,nan
7180,1,5,5,0,1,0,1,336,0,0,0,0,0,1,0,nan,nan,nan,40.38609585061931,nan,19.938235866245122,nan
7181,1,5,5,0,1,0,1,336,0,0,0,0,0,1,0,nan,nan,nan,nan,nan,nan,nan
7182,1,5,5,0,1,0,0,337,0,0,0,0,0,1,0,nan,nan,nan,nan,nan,nan,28.028323622109383
7183,1,5,4,1,0,0,0,337,0,0,0,0,0,0,0,nan,nan,16.617744641188438,nan,25.86690687009923,nan,nan
7184,1,4,5,1,0,0,0,337,0,0,0,0,0,0,0,nan,18.063084756216995,nan,nan,nan,nan,nan
7185,1,4,5,1,0,0,0,337,0,0,0,0,0,0,0,nan,nan,nan,nan,nan,nan,nan
7186,1,4,5,1,0,0,0,337,0,0,0,0,0,0,0,nan,nan,nan,nan,nan,nan,nan
7187,1,4,5,1,0,0,0,337,0,0,0,0,0,0,0,nan,nan,nan,nan,nan,nan,nan
7188,1,4,5,1,0,0,0,337,0,0,0,0,0,0,0,nan,nan,nan,nan,nan,nan,nan
7189,1,5,5,1,0,0,0,337,0,0,0,0,0,0,0,33.690140775201144,nan,nan,nan,nan,nan,nan
7190,1,5,5,1,0,0,0,337,0,0,0,0,0,0,0,nan,nan,nan,nan,nan,nan,nan
7191,1,5,5,1,0,0,0,337,0,0,0,0,0,0,0,nan,nan,nan,nan,nan,nan,nan
7192,1,5,5,1,0,0,0,338,0,0,0,0,0,0,1,nan,nan,nan,nan,nan,nan,10.428824415948839
7193,1,5,5,1,0,0,0,338,0,0,0,0,0,1,0,nan,nan,nan,nan,nan,13.877161771852116,nan
7194,1,5,5,1,0,0,0,338,0,0,0,0,0,1,0,nan,nan,nan,nan,nan,nan,nan
7195,1,5,5,1,0,0,0,338,0,0,0,0,0,1,0,nan,nan,nan,nan,nan,nan,nan
7196,1,5,5,0,1,0,0,338,0,0,0,0,0,1,0,nan,nan,nan,15.656305649676142,nan,nan,nan
7197,1,5,5,0,1,0,0,338,0,0,0,0,0,1,0,nan,nan,nan,nan,nan,nan,nan
7198,1,5,5,0,1,0,0,338,0,0,0,0,0,1,0,nan,nan,nan,nan,nan,nan,nan
7199,1,5,5,0,1,0,0,338,0,0,0,0,0,1,0,nan,nan,nan,nan,nan,nan,nan
7200,1,5,5,0,1,0,0,338,0,0,0,0,0,1,0,nan,nan,nan,nan,nan,nan,nan
7201,1,5,5,0,1,0,0,338,0,0,0,0,0,1,0,nan,nan,nan,nan,nan,nan,nan
7202,1,5,5,0,0,0,0,338,2,0,0,0,0,0,0,12.752323154937585,nan,nan,nan,18.542191611653834,nan,nan
7203,1,5,5,0,0,0,0,338,2,0,0,0,0,0,0,nan,nan,nan,nan,nan,nan,nan
7204,1,5,5,0,0,0,0,338,2,0,0,0,0,0,0,nan,nan,nan,nan,nan,nan,nan
7205,1,5,5,0,0,0,0,338,2,2,0,0,0,0,0,nan,20.729540393620482,nan,nan,nan,nan,nan
7206,1,5,5,0,0,0,0,338,2,2,0,0,0,0,0,nan,nan,nan,nan,nan,nan,nan
7207,1,5,5,0,0,0,0,338,2,2,0,0,0,0,0,nan,nan,nan,nan,nan,nan,nan
7208,1,5,5,0,0,0,0,339,2,2,0,0,0,0,1,nan,nan,nan,nan,nan,nan,16.533832594921478
7209,1,5,5,0,0,0,0,339,2,2,0,0,0,0,1,nan,nan,nan,nan,nan,nan,nan
7210,1,5,5,0,0,0,0,339,2,2,0,0,0,0,1,nan,nan,nan,nan,nan,nan,nan
7211,1,5,5,0,0,0,0,339,2,2,0,0,0,0,1,nan,nan,nan,nan,nan,nan,nan
7212,1,5,5,0,0,0,0,339,2,2,0,0,0,0,1,nan,nan,nan,nan,nan,nan,nan
7213,1,5,5,0,0,0,0,339,2,2,0,0,0,0,1,nan,nan,nan,nan,nan,nan,nan
7214,1,5,5,1,0,0,0,339,0,0,0,0,0,0,1,nan,nan,30.816109675538428,nan,nan,nan,nan
7215,1,5,5,1,0,0,0,339,0,0,0,0,0,0,1,nan,nan,nan,nan,nan,nan,nan
7216,1,5,5,1,0,0,0,339,0,0,0,0,0,0,1,nan,nan,nan,nan,nan,nan,nan
7217,1,5,5,1,0,0,0,339,0,0,0,0,0,0,1,nan,nan,nan,nan,nan,nan,nan
7218,1,5,5,1,0,0,0,339,0,0,0,0,0,1,0,nan,nan,nan,nan,nan,24.146235054839053,nan
7219,1,5,5,1,0,0,0,339,0,0,0,0,0,1,0,nan,nan,nan,nan,nan,nan,nan
7220,1,5,5,0,1,0,0,339,0,0,0,0,0,1,0,nan,nan,nan,23.623687885594336,nan,nan,nan
7221,1,5,5,0,1,0,0,339,0,0,0,0,0,1,0,nan,nan,nan,nan,nan,nan,nan
7222,1,5,5,0,1,0,0,339,0,0,0,0,0,1,0,nan,nan,nan,nan,nan,nan,nan
7223,1,5,5,0,1,0,0,339,0,0,0,0,0,1,0,nan,nan,nan,nan,nan,nan,nan
7224,1,5,5,0,0,0,0,339,0,0,0,0,0,0,0,nan,nan,nan,nan,21.971437555015655,nan,nan
7225,1,5,5,0,0,0,0,339,0,0,0,0,0,0,0,nan,nan,nan,nan,nan,nan,nan
7226,1,5,5,0,0,0,0,339,0,0,0,0,0,0,0,nan,nan,nan,nan,nan,nan,nan
7227,1,5,5,0,0,0,0,339,0,0,0,0,0,0,0,nan,nan,nan,nan,nan,nan,nan
7228,1,5,5,0,0,0,0,339,0,0,0,0,0,0,0,nan,nan,nan,nan,nan,nan,nan
7229,1,5,5,0,1,0,0,339,0,0,0,1,0,0,0,nan,nan,nan,9.181107128541043,nan,nan,nan
7230,1,5,5,0,1,0,0,339,0,0,0,1,0,0,0,nan,nan,nan,nan,nan,nan,nan
7231,1,5,5,0,1,0,0,339,0,0,0,1,0,0,0,nan,nan,nan,nan,nan,nan,nan
7232,1,5,5,0,1,0,0,339,0,0,0,1,0,0,0,nan,nan,nan,nan,nan,nan,nan
7233,1,5,5,0,1,0,0,339,0,2,0,1,0,0,0,nan,28.515209178225632,nan,nan,nan,nan,nan
7234,1,4,5,0,1,0,0,339,0,0,0,0,0,0,0,nan,nan,20.48207291467952,nan,nan,nan,nan
7235,1,4,5,0,1,0,0,339,0,0,0,0,0,0,0,nan,nan,nan,nan,nan,nan,nan
7236,1,5,5,0,1,0,0,339,0,0,0,0,0,0,0,33.82042789790103,nan,nan,nan,nan,nan,nan
7237,1,5,5,0,1,0,0,339,0,0,0,0,0,0,0,nan,nan,nan,nan,nan,nan,nan
7238,1,5,5,0,1,0,0,339,0,0,0,0,0,0,0,nan,nan,nan,nan,nan,nan,nan
7239,1,5,5,0,1,0,0,340,0,0,0,0,0,0,1,nan,nan,nan,nan,nan,nan,30.15450611363667
7240,1,5,5,0,1,0,0,340,0,0,0,0,0,1,0,nan,nan,nan,nan,nan,22.51168191629222,nan
7241,1,5,5,0,1,0,0,340,0,0,0,0,0,1,0,nan,nan,nan,nan,nan,nan,nan
7242,1,5,5,0,1,0,0,340,0,0,0,0,0,1,0,nan,nan,nan,nan,nan,nan,nan
7243,1,5,5,0,2,0,0,340,0,0,0,1,0,1,0,nan,nan,nan,14.320268486770146,nan,nan,nan
7244,1,5,5,0,2,0,0,340,0,0,0,1,0,1,0,nan,nan,nan,nan,nan,nan,nan
7245,1,5,5,0,2,0,0,340,0,0,0,1,0,1,0,nan,nan,nan,nan,nan,nan,nan
7246,1,5,5,0,2,0,0,340,0,0,0,1,0,1,0,nan,nan,nan,nan,nan,nan,nan
7247,1,5,5,0,2,0,0,340,0,2,0,1,0,1,0,nan,13.902553906135836,nan,nan,nan,nan,nan
7248,1,5,5,0,2,0,0,340,0,2,0,1,0,1,0,nan,nan,nan,nan,nan,nan,nan
7249,1,5,5,0,2,0,0,340,0,2,0,1,0,1,0,nan,nan,nan,nan,nan,nan,nan
7250,1,5,5,0,2,0,0,340,0,2,0,1,0,1,0,nan,nan,nan,nan,nan,nan,nan
7251,1,5,5,0,2,0,0,340,0,2,0,1,0,1,0,nan,nan,nan,nan,nan,nan,nan
7252,1,5,5,0,2,0,0,340,0,2,0,1,0,1,0,nan,nan,nan,nan,nan,nan,nan
7253,1,5,5,0,2,0,0,340,0,2,0,1,0,1,0,nan,nan,nan,nan,nan,nan,nan
7254,1,5,5,0,2,0,0,340,0,2,0,1,0,1,0,nan,nan,nan,nan,nan,nan,nan
7255,1,5,5,0,2,0,0,340,0,2,0,1,0,1,0,nan,nan,nan,nan,nan,nan,nan
7256,1,5,5,0,1,0,0,340,0,2,0,1,0,0,0,nan,nan,nan,nan,32.30925734928314,nan,nan
7257,1,5,5,0,1,0,0,340,0,2,0,1,0,0,0,nan,nan,nan,nan,nan,nan,nan
7258,1,5,5,0,1,0,0,340,0,2,0,1,0,0,0,nan,nan,nan,nan,nan,nan,nan
7259,1,5,5,0,1,0,0,340,0,2,0,1,0,0,0,nan,nan,nan,nan,nan,nan,nan
7260,1,5,5,0,1,0,0,340,0,2,0,1,0,0,0,nan,nan,nan,nan,nan,nan,nan
7261,1,5,5,0,1,0,0,340,0,2,0,1,0,0,0,nan,nan,nan,nan,nan,nan,nan
7262,1,5,5,0,1,0,0,340,0,2,0,1,0,0,0,nan,nan,nan,nan,nan,nan,nan
7263,1,5,5,0,1,0,0,340,0,0,0,0,0,0,0,27.796454897753392,nan,28.871144918764912,nan,nan,nan,nan
7264,1,5,5,0,1,0,0,340,0,0,0,0,0,0,0,nan,nan,nan,nan,nan,nan,nan
7265,1,5,5,0,1,0,0,340,0,0,0,0,0,0,0,nan,nan,nan,nan,nan,nan,nan
7266,1,5,5,0,1,0,0,340,0,0,0,0,0,0,0,nan,nan,nan,nan,nan,nan,nan
7267,1,5,5,0,1,0,0,340,0,0,0,0,0,0,0,nan,nan,nan,nan,nan,nan,nan
7268,1,5,5,0,1,0,0,340,0,0,0,0,0,0,0,nan,nan,nan,nan,nan,nan,nan
7269,1,5,5,0,1,0,0,340,0,0,0,0,0,0,0,nan,nan,nan,nan,nan,nan,nan
7270,1,5,5,0,1,0,0,340,0,0,0,0,0,0,0,nan,nan,nan,nan,nan,nan,nan
7271,1,5,5,0,1,0,0,340,0,0,0,0,0,0,0,nan,nan,nan,nan,nan,nan,nan
7272,1,5,5,0,1,0,0,340,0,0,0,0,0,0,0,nan,nan,nan,nan,nan,nan,nan
7273,1,5,5,0,1,0,1,340,0,0,0,0,0,1,0,nan,nan,nan,nan,nan,32.492017399136785,nan
7274,1,5,5,0,1,0,1,340,0,0,0,0,0,1,0,nan,nan,nan,nan,nan,nan,nan
7275,1,5,5,0,1,0,1,340,0,0,0,0,0,1,0,nan,nan,nan,nan,nan,nan,nan
7276,1,5,5,0,2,0,1,340,0,0,0,0,0,1,0,12.898022095095257,28.5554926742916,13.053314627971304,32.86726079344771,nan,nan,nan
7277,1,5,5,0,2,0,0,341,0,0,0,0,0,1,0,nan,nan,nan,nan,nan,nan,38.58723796841696
7278,1,5,5,0,2,0,0,341,0,0,0,0,0,1,0,nan,nan,nan,nan,nan,nan,nan
7279,1,5,5,0,2,0,0,341,0,0,0,0,0,1,0,nan,nan,nan,nan,nan,nan,nan
7280,1,5,5,0,2,0,0,341,0,0,0,0,0,1,0,nan,nan,nan,nan,nan,nan,nan
7281,1,5,5,0,2,0,0,341,0,0,0,0,0,1,0,nan,nan,nan,nan,nan,nan,nan
7282,1,5,5,0,2,0,0,341,0,0,0,0,0,1,0,nan,nan,nan,nan,nan,nan,nan
7283,1,5,5,0,2,0,0,341,0,0,0,0,0,1,0,nan,nan,nan,nan,nan,nan,nan
7284,1,5,5,0,2,0,0,341,0,0,0,0,0,1,0,nan,nan,nan,nan,nan,nan,nan
7285,1,5,5,0,2,0,0,341,0,0,0,0,0,1,0,nan,nan,nan,nan,nan,nan,nan
7286,1,5,5,0,2,0,0,341,0,0,0,0,0,1,0,nan,nan,nan,nan,nan,nan,nan
7287,1,5,5,0,1,0,0,341,0,0,0,0,0,0,0,nan,nan,nan,nan,30.96870451912855,nan,nan
7288,1,5,5,0,1,0,0,341,0,0,0,0,0,0,0,nan,nan,nan,nan,nan,nan,nan
7289,1,5,5,0,1,0,0,341,0,0,0,0,0,0,0,nan,nan,nan,nan,nan,nan,nan
7290,1,5,5,0,1,0,0,341,0,0,0,0,0,0,0,nan,nan,nan,nan,nan,nan,nan
7291,1,5,5,0,1,0,0,341,2,0,0,0,0,0,0,14.202401705911143,nan,nan,nan,nan,nan,nan
7292,1,5,5,0,1,0,0,341,2,0,0,0,0,0,0,nan,nan,nan,nan,nan,nan,nan
7293,1,5,5,0,1,0,0,341,2,0,0,0,0,0,0,nan,nan,nan,nan,nan,nan,nan
7294,1,5,4,1,1,0,0,342,2,0,0,0,0,0,1,nan,nan,17.985515696227594,nan,nan,nan,16.704517046852743
7295,1,5,4,1,1,0,0,342,2,0,0,0,0,0,1,nan,nan,nan,nan,nan,nan,nan
7296,1,5,4,1,1,0,0,342,2,0,0,0,0,0,1,nan,nan,nan,nan,nan,nan,nan
7297,1,5,4,1,1,0,0,342,2,0,0,0,0,0,1,nan,nan,nan,nan,nan,nan,nan
7298,1,5,4,1,1,0,0,342,2,0,0,0,0,0,1,nan,nan,nan,nan,nan,nan,nan
7299,1,5,4,1,1,0,0,342,2,0,0,0,0,0,1,nan,nan,nan,nan,nan,nan,nan
7300,1,5,4,1,1,0,0,342,2,0,0,0,0,0,1,nan,nan,nan,nan,nan,nan,nan
7301,1,5,5,1,1,0,0,342,0,0,0,0,0,0,1,nan,24.8914912942937,nan,nan,nan,nan,nan
7302,1,5,5,1,1,0,0,342,0,0,0,0,0,0,1,nan,nan,nan,nan,nan,nan,nan
7303,1,5,5,1,0,1,0,342,0,0,0,0,0,0,1,nan,nan,nan,nan,15.622779510522378,nan,nan
7304,1,5,5,1,0,1,0,342,0,0,0,0,0,0,1,nan,nan,nan,nan,nan,nan,nan
7305,1,5,5,1,0,1,0,342,0,0,0,0,0,0,1,nan,nan,nan,nan,nan,nan,nan
7306,1,5,5,0,1,1,0,342,0,0,0,0,0,0,1,nan,nan,nan,29.678863904916398,nan,nan,nan
7307,1,5,5,0,1,1,0,342,0,0,0,0,0,0,1,nan,nan,nan,nan,nan,nan,nan
7308,1,5,5,0,1,1,0,342,0,0,0,0,0,0,1,nan,nan,nan,nan,nan,nan,nan
7309,1,5,5,0,1,1,0,342,0,0,0,0,0,0,1,nan,nan,nan,nan,nan,nan,nan
7310,1,5,5,0,1,1,0,342,0,0,0,0,0,0,1,nan,nan,nan,nan,nan,nan,nan
7311,1,5,5,0,1,0,0,342,0,0,0,0,0,0,0,nan,nan,nan,nan,nan,38.127687600192075,nan
7312,1,5,5,0,1,0,0,342,0,0,0,0,0,0,0,nan,nan,nan,nan,nan,nan,nan
7313,1,4,5,1,1,0,0,342,0,0,0,0,0,0,0,nan,12.811680318611252,18.914191834461235,nan,nan,nan,nan
7314,1,4,5,1,1,0,0,342,0,0,0,0,0,0,0,nan,nan,nan,nan,nan,nan,nan
7315,1,4,5,1,1,0,0,342,0,0,0,0,0,0,0,nan,nan,nan,nan,nan,nan,nan
7316,1,4,5,1,1,0,0,342,0,0,0,0,0,0,0,nan,nan,nan,nan,nan,nan,nan
7317,1,4,5,0,2,0,0,342,0,0,0,0,0,0,0,nan,nan,nan,11.75813984159413,nan,nan,nan
7318,1,4,5,0,2,0,0,342,0,0,0,0,0,0,0,nan,nan,nan,nan,nan,nan,nan
7319,1,4,5,0,1,1,0,342,0,0,0,0,0,0,0,nan,nan,nan,nan,15.966795747918695,nan,nan
7320,1,4,5,0,1,1,0,342,0,0,0,0,0,0,0,nan,nan,nan,nan,nan,nan,nan
7321,1,4,5,0,1,0,1,342,0,0,0,0,0,0,0,nan,nan,nan,nan,nan,10.383330090176969,nan
7322,1,4,5,0,1,0,1,342,0,0,0,0,0,0,0,nan,nan,nan,nan,nan,nan,nan
7323,1,5,5,0,1,0,1,342,0,0,0,0,0,0,0,32.344439681748554,nan,nan,nan,nan,nan,nan
7324,1,5,5,0,1,0,1,342,0,0,0,0,0,0,0,nan,nan,nan,nan,nan,nan,nan
7325,1,5,5,0,1,0,1,342,0,0,0,0,0,0,0,nan,nan,nan,nan,nan,nan,nan
7326,1,5,5,0,1,0,1,342,0,0,0,0,0,0,0,nan,nan,nan,nan,nan,nan,nan
7327,1,5,4,1,1,0,1,342,0,0,0,0,0,0,0,nan,nan,13.961870258081035,nan,nan,nan,nan
7328,1,5,4,1,1,0,1,342,0,0,0,0,0,0,0,nan,nan,nan,nan,nan,nan,nan
7329,1,5,4,1,1,0,0,343,0,0,0,0,0,0,0,nan,nan,nan,nan,nan,nan,35.23263155074528
7330,1,5,4,1,1,0,0,343,0,0,0,0,0,0,0,nan,nan,nan,nan,nan,nan,nan
7331,1,5,4,1,1,0,0,343,0,0,0,0,0,0,0,nan,nan,nan,nan,nan,nan,nan
7332,1,4,5,1,1,0,0,343,0,0,0,0,0,0,0,nan,18.143844906344384,nan,nan,nan,nan,nan
7333,1,4,5,1,1,0,0,343,0,0,0,0,0,0,0,nan,nan,nan,nan,nan,nan,nan
7334,1,4,5,1,1,0,0,343,0,0,0,0,0,0,0,nan,nan,nan,nan,nan,nan,nan
7335,1,4,5,0,1,1,0,343,0,0,0,0,0,0,0,nan,nan,nan,17.464160614120374,16.466047850804898,nan,nan
7336,1,4,5,0,1,1,0,343,0,0,0,0,0,0,0,nan,nan,nan,nan,nan,nan,nan
7337,1,4,5,0,1,1,0,343,0,0,0,0,0,0,0,nan,nan,nan,nan,nan,nan,nan
7338,1,5,5,0,1,1,0,343,0,0,0,0,0,0,0,15.416710212908583,nan,nan,nan,nan,nan,nan
7339,1,5,5,0,1,1,0,343,0,0,0,0,0,0,0,nan,nan,nan,nan,nan,nan,nan
7340,1,5,5,0,1,1,0,343,0,0,0,0,0,0,0,nan,nan,nan,nan,nan,nan,nan
7341,1,5,5,0,1,1,0,343,0,0,0,0,0,0,0,nan,nan,nan,nan,nan,nan,nan
7342,1,5,5,0,1,1,0,343,0,0,0,0,0,0,0,nan,nan,nan,nan,nan,nan,nan
7343,1,5,5,0,1,1,0,343,0,0,0,0,0,0,0,nan,nan,nan,nan,nan,nan,nan
7344,1,5,5,0,1,1,0,343,0,0,0,0,0,0,0,nan,nan,nan,nan,nan,nan,nan
7345,1,5,5,0,1,1,0,343,0,0,0,0,0,0,0,nan,nan,nan,nan,nan,nan,nan
7346,1,5,5,0,1,1,0,343,0,0,0,0,0,0,0,nan,nan,nan,nan,nan,nan,nan
7347,1,5,5,0,1,1,0,344,0,0,0,0,0,0,1,nan,nan,nan,nan,nan,nan,17.94843105758173
7348,1,5,5,0,1,1,0,344,0,2,0,0,0,0,1,nan,16.680927336914465,nan,nan,nan,nan,nan
7349,1,5,5,0,1,1,0,344,0,2,0,0,0,0,1,nan,nan,nan,nan,nan,nan,nan
7350,1,5,5,0,1,0,0,344,0,2,0,0,0,0,0,nan,nan,nan,nan,nan,28.925796086593436,nan
7351,1,5,5,0,1,0,0,344,0,2,0,0,0,0,0,nan,nan,nan,nan,nan,nan,nan
7352,1,5,5,0,1,0,0,344,0,2,0,0,0,0,0,nan,nan,nan,nan,nan,nan,nan
7353,1,5,5,0,1,0,0,344,2,2,0,0,0,0,0,15.113555862609246,nan,nan,nan,nan,nan,nan
7354,1,5,5,1,1,0,0,344,0,0,0,0,0,0,0,nan,nan,27.349257623849553,nan,nan,nan,nan
7355,1,5,5,1,1,0,0,344,0,0,0,0,0,0,0,nan,nan,nan,nan,nan,nan,nan
7356,1,5,5,1,1,0,0,344,0,0,0,0,0,0,0,nan,nan,nan,nan,nan,nan,nan
7357,1,5,5,0,2,0,0,344,0,0,0,0,0,0,0,nan,nan,nan,22.134161235814645,nan,nan,nan
7358,1,5,5,0,2,0,0,344,0,0,0,0,0,0,0,nan,nan,nan,nan,nan,nan,nan
7359,1,5,5,0,2,0,0,344,0,0,0,0,0,0,0,nan,nan,nan,nan,nan,nan,nan
7360,1,5,5,0,2,0,0,344,0,0,0,0,0,0,0,nan,nan,nan,nan,nan,nan,nan
7361,1,5,5,0,2,0,0,344,0,0,0,0,0,0,0,nan,nan,nan,nan,nan,nan,nan
7362,1,5,5,0,2,0,0,344,0,0,0,0,0,0,0,nan,nan,nan,nan,nan,nan,nan
7363,1,5,5,0,2,0,0,344,0,0,0,0,0,0,0,nan,nan,nan,nan,nan,nan,nan
7364,1,5,5,0,2,0,0,344,0,0,0,0,0,0,0,nan,nan,nan,nan,nan,nan,nan
7365,1,5,5,0,2,0,1,344,2,0,0,0,0,1,0,11.98201651902582,nan,nan,nan,nan,15.43204509057523,nan
7366,1,5,5,0,2,0,1,344,2,0,0,0,0,1,0,nan,nan,nan,nan,nan,nan,nan
7367,1,5,5,0,1,0,1,344,2,0,0,0,0,0,0,nan,nan,nan,nan,32.20085203236886,nan,nan
7368,1,5,5,0,1,0,1,344,2,0,0,0,0,0,0,nan,nan,nan,nan,nan,nan,nan
7369,1,5,5,0,1,0,1,344,2,0,0,0,0,0,0,nan,nan,nan,nan,nan,nan,nan
7370,1,5,5,0,1,0,1,344,2,0,0,0,0,0,0,nan,nan,nan,nan,nan,nan,nan
7371,1,5,5,0,1,0,1,344,2,0,0,0,0,0,0,nan,nan,nan,nan,nan,nan,nan
7372,1,5,5,0,1,0,1,344,2,0,0,0,0,0,0,nan,nan,nan,nan,nan,nan,nan
7373,1,5,5,0,2,0,1,344,2,0,0,1,0,0,0,nan,nan,nan,15.55635377220824,nan,nan,nan
7374,1,5,5,0,2,0,1,344,2,2,0,1,0,0,0,nan,25.59311080858788,nan,nan,nan,nan,nan
7375,1,5,5,0,2,0,1,344,2,2,0,1,0,0,0,nan,nan,nan,nan,nan,nan,nan
7376,1,5,5,0,2,0,1,344,2,2,0,1,0,0,0,nan,nan,nan,nan,nan,nan,nan
7377,1,5,5,0,2,0,1,344,2,2,0,1,0,0,0,nan,nan,nan,nan,nan,nan,nan
7378,1,5,5,0,2,0,1,344,2,2,0,1,0,0,0,nan,nan,nan,nan,nan,nan,nan
7379,1,5,5,0,2,0,1,344,2,2,0,1,0,0,0,nan,nan,nan,nan,nan,nan,nan
7380,1,5,5,0,1,1,1,344,2,2,0,1,0,0,0,nan,nan,nan,nan,12.431256043549183,nan,nan
7381,1,5,5,0,1,1,1,344,2,2,0,1,0,0,0,nan,nan,nan,nan,nan,nan,nan
7382,1,5,5,0,1,1,1,344,2,2,0,1,0,0,0,nan,nan,nan,nan,nan,nan,nan
7383,1,5,5,0,1,1,1,344,0,0,0,0,0,0,0,nan,nan,28.90687337930467,nan,nan,nan,nan
7384,1,5,5,0,1,1,0,345,0,0,0,0,0,0,0,nan,nan,nan,nan,nan,nan,36.513450653965265
7385,1,5,5,0,1,0,1,345,0,0,0,0,0,0,0,nan,nan,nan,nan,nan,19.91033706546841,nan
7386,1,5,5,0,1,0,1,345,0,0,0,0,0,0,0,nan,nan,nan,nan,nan,nan,nan
7387,1,5,5,0,1,0,1,345,0,0,0,0,0,0,0,nan,nan,nan,nan,nan,nan,nan
7388,1,5,5,0,1,0,1,345,0,0,0,0,0,0,0,nan,nan,nan,nan,nan,nan,nan
7389,1,5,5,0,1,0,1,345,0,0,0,0,0,0,0,nan,nan,nan,nan,nan,nan,nan
7390,1,5,5,0,1,0,1,345,0,0,0,0,0,0,0,nan,nan,nan,nan,nan,nan,nan
7391,1,5,5,0,1,0,1,345,0,0,0,0,0,0,0,nan,nan,nan,nan,nan,nan,nan
7392,1,5,5,0,0,1,1,345,0,0,0,0,0,0,0,nan,nan,nan,nan,11.863540111341536,nan,nan
7393,1,5,5,0,0,1,1,345,0,0,0,0,0,0,0,nan,nan,nan,nan,nan,nan,nan
7394,1,5,5,0,1,1,1,345,0,0,0,1,0,0,0,nan,nan,nan,21.481106712612018,nan,nan,nan
7395,1,5,5,0,1,1,1,345,0,0,0,1,0,0,0,nan,nan,nan,nan,nan,nan,nan
7396,1,5,5,0,1,1,1,345,0,0,0,1,0,0,0,nan,nan,nan,nan,nan,nan,nan
7397,1,5,5,0,1,1,1,345,0,0,0,1,0,0,0,nan,nan,nan,nan,nan,nan,nan
7398,1,5,5,0,1,1,1,345,0,0,0,1,0,0,0,nan,nan,nan,nan,nan,nan,nan
7399,1,5,5,0,1,1,1,345,0,0,0,1,0,0,0,nan,nan,nan,nan,nan,nan,nan
7400,1,5,5,0,1,1,1,345,2,0,0,1,0,0,0,34.80661471773783,nan,nan,nan,nan,nan,nan
7401,1,5,5,0,1,0,2,345,2,0,0,1,0,0,0,nan,nan,nan,nan,nan,15.816963858123927,nan
7402,1,5,5,0,1,0,2,345,2,0,0,1,0,0,0,nan,nan,nan,nan,nan,nan,nan
7403,1,5,5,0,1,0,2,345,2,0,0,1,0,0,0,nan,nan,nan,nan,nan,nan,nan
7404,1,5,5,0,1,0,2,345,2,0,0,1,0,0,0,nan,nan,nan,nan,nan,nan,nan
7405,1,5,5,0,1,0,2,345,2,2,0,1,0,0,0,nan,31.4504644320059,nan,nan,nan,nan,nan
7406,1,5,5,0,1,0,2,345,2,2,0,1,0,0,0,nan,nan,nan,nan,nan,nan,nan
7407,1,5,5,0,1,0,1,346,2,2,0,1,0,0,0,nan,nan,nan,nan,nan,nan,22.904143801765713
7408,1,5,5,0,1,0,1,346,2,2,0,1,0,0,0,nan,nan,nan,nan,nan,nan,nan
7409,1,5,5,0,1,0,1,346,2,2,0,1,0,0,0,nan,nan,nan,nan,nan,nan,nan
7410,1,5,5,0,1,0,1,346,2,2,0,1,0,0,0,nan,nan,nan,nan,nan,nan,nan
7411,1,5,5,0,1,0,1,346,2,2,0,1,0,0,0,nan,nan,nan,nan,nan,nan,nan
7412,1,5,5,0,1,0,1,346,2,2,0,1,0,0,0,nan,nan,nan,nan,nan,nan,nan
7413,1,5,5,0,0,1,1,346,2,2,0,1,0,0,0,nan,nan,nan,nan,21.25559853372033,nan,nan
7414,1,5,5,0,0,1,1,346,2,2,0,1,0,0,0,nan,nan,nan,nan,nan,nan,nan
7415,1,5,5,0,0,1,1,346,2,2,0,1,0,0,0,nan,nan,nan,nan,nan,nan,nan
7416,1,5,5,0,0,1,1,346,2,2,0,1,0,0,0,nan,nan,nan,nan,nan,nan,nan
7417,1,5,5,0,0,1,1,346,2,2,0,1,0,0,0,nan,nan,nan,nan,nan,nan,nan
7418,1,5,5,0,0,1,1,346,2,2,0,1,0,0,0,nan,nan,nan,nan,nan,nan,nan
7419,1,5,5,0,0,0,2,346,2,2,0,1,0,0,0,nan,nan,nan,nan,nan,18.008558865280065,nan
7420,1,5,5,0,0,0,2,346,2,2,0,1,0,0,0,nan,nan,nan,nan,nan,nan,nan
7421,1,5,5,0,0,0,2,346,2,2,0,1,0,0,0,nan,nan,nan,nan,nan,nan,nan
7422,1,5,5,0,0,0,1,347,2,2,0,1,0,0,0,nan,nan,nan,nan,nan,nan,15.821329747627715
7423,1,5,5,0,0,0,1,347,2,2,0,1,0,0,0,nan,nan,nan,nan,nan,nan,nan
7424,1,5,5,0,0,0,1,347,2,2,0,1,0,0,0,nan,nan,nan,nan,nan,nan,nan
7425,1,5,5,0,0,0,1,347,2,2,0,1,0,0,0,nan,nan,nan,nan,nan,nan,nan
7426,1,5,5,0,0,0,1,347,2,2,0,1,0,0,0,nan,nan,nan,nan,nan,nan,nan
7427,1,5,5,0,0,0,1,347,2,2,0,1,0,0,0,nan,nan,nan,nan,nan,nan,nan
7428,1,5,5,0,0,0,1,347,2,2,0,1,0,0,0,nan,nan,nan,nan,nan,nan,nan
7429,1,5,5,0,0,1,1,347,2,2,0,1,1,0,0,nan,nan,nan,nan,16.07788507881196,nan,nan
7430,1,5,5,0,0,1,1,347,2,2,0,1,1,0,0,nan,nan,nan,nan,nan,nan,nan
7431,1,5,5,0,0,1,1,347,2,2,0,1,1,0,0,nan,nan,nan,nan,nan,nan,nan
7432,1,5,5,0,0,0,2,347,2,2,0,1,1,0,0,nan,nan,nan,nan,nan,12.8964801334605,nan
7433,1,5,5,0,0,0,2,347,2,2,0,1,1,0,0,nan,nan,nan,nan,nan,nan,nan
7434,1,5,5,0,0,0,2,347,0,0,0,0,1,0,0,nan,nan,50.363125053365366,nan,nan,nan,nan
7435,1,5,5,0,0,0,2,347,0,0,0,0,1,0,0,nan,nan,nan,nan,nan,nan,nan
7436,1,5,5,0,0,0,2,347,0,0,0,0,1,0,0,nan,nan,nan,nan,nan,nan,nan
7437,1,5,5,0,0,0,2,347,0,0,0,0,1,0,0,nan,nan,nan,nan,nan,nan,nan
7438,1,5,5,0,0,0,2,347,0,0,0,0,1,0,0,nan,nan,nan,nan,nan,nan,nan
7439,1,5,5,0,0,0,2,347,0,0,0,0,1,0,0,nan,nan,nan,nan,nan,nan,nan
7440,1,5,5,0,0,0,2,347,0,0,0,0,1,0,0,nan,nan,nan,nan,nan,nan,nan
7441,1,5,5,0,0,0,2,347,0,0,0,0,1,0,0,nan,nan,nan,nan,nan,nan,nan
7442,1,5,5,0,0,0,1,348,0,0,0,0,1,0,0,nan,nan,nan,nan,nan,nan,19.393195439118244
7443,1,5,5,0,0,0,1,348,0,0,0,0,1,0,0,nan,nan,nan,nan,nan,nan,nan
7444,1,5,5,0,0,0,1,348,0,0,0,0,1,0,0,nan,nan,nan,nan,nan,nan,nan
7445,1,5,5,0,0,0,1,348,0,0,0,0,1,0,0,nan,nan,nan,nan,nan,nan,nan
7446,1,5,5,0,0,0,1,348,0,0,0,0,1,0,0,nan,nan,nan,nan,nan,nan,nan
7447,1,5,5,0,0,0,1,348,0,0,0,0,1,0,0,nan,nan,nan,nan,nan,nan,nan
7448,1,5,5,0,0,0,2,348,2,0,0,0,1,1,0,48.21582564938126,nan,nan,nan,nan,15.789642928597459,nan
7449,1,5,5,0,0,0,2,348,2,0,0,0,1,1,0,nan,nan,nan,nan,nan,nan,nan
7450,1,5,5,0,0,0,2,348,2,0,0,0,1,1,0,nan,nan,nan,nan,nan,nan,nan
7451,1,5,5,0,0,0,2,348,2,2,0,0,1,1,0,nan,45.487787193385884,nan,nan,nan,nan,nan
7452,1,5,5,0,0,0,2,348,2,2,0,0,1,1,0,nan,nan,nan,nan,nan,nan,nan
7453,1,5,5,0,0,0,2,348,2,2,0,0,1,1,0,nan,nan,nan,nan,nan,nan,nan
7454,1,5,5,0,0,0,2,348,2,2,0,1,0,1,0,nan,nan,nan,60.01978532344947,nan,nan,nan
7455,1,5,5,0,0,0,2,348,2,2,0,1,0,1,0,nan,nan,nan,nan,nan,nan,nan
7456,1,5,5,0,0,0,2,348,2,2,0,1,0,1,0,nan,nan,nan,nan,nan,nan,nan
7457,1,5,5,0,0,0,2,348,2,2,0,1,0,1,0,nan,nan,nan,nan,nan,nan,nan
7458,1,5,5,0,0,0,2,348,2,2,0,1,0,1,0,nan,nan,nan,nan,nan,nan,nan
7459,1,5,5,0,0,0,2,348,2,2,0,1,0,1,0,nan,nan,nan,nan,nan,nan,nan
7460,1,5,5,0,0,0,2,348,2,2,0,1,0,1,0,nan,nan,nan,nan,nan,nan,nan
7461,1,5,5,0,0,0,2,348,2,2,0,1,0,1,0,nan,nan,nan,nan,nan,nan,nan
7462,1,5,5,0,0,0,1,349,2,2,0,1,0,1,0,nan,nan,nan,nan,nan,nan,20.594463217857992
7463,1,5,5,0,0,0,1,349,2,2,0,1,0,1,0,nan,nan,nan,nan,nan,nan,nan
7464,1,5,5,0,0,0,1,349,2,2,0,1,0,1,0,nan,nan,nan,nan,nan,nan,nan
7465,1,5,5,0,0,0,1,349,2,2,0,1,0,1,0,nan,nan,nan,nan,nan,nan,nan
7466,1,5,5,0,0,0,1,349,2,2,0,1,0,1,0,nan,nan,nan,nan,nan,nan,nan
7467,1,5,5,0,0,0,1,349,0,0,0,0,0,1,0,nan,nan,33.49889210407582,nan,nan,nan,nan
7468,1,5,5,0,0,0,1,349,0,0,0,0,0,1,0,nan,nan,nan,nan,nan,nan,nan
7469,1,5,5,0,0,0,1,349,0,0,0,0,0,1,0,nan,nan,nan,nan,nan,nan,nan
7470,1,5,5,0,0,0,1,349,0,0,0,0,0,1,0,nan,nan,nan,nan,nan,nan,nan
7471,1,5,5,0,0,0,1,349,0,0,0,0,1,0,0,nan,nan,nan,nan,42.6300058953384,nan,nan
7472,1,5,5,0,0,0,1,349,0,0,0,0,1,0,0,nan,nan,nan,nan,nan,nan,nan
7473,1,5,5,0,0,0,1,349,0,0,0,0,1,0,0,nan,nan,nan,nan,nan,nan,nan
7474,1,5,5,0,0,0,1,349,0,0,0,0,1,0,0,nan,nan,nan,nan,nan,nan,nan
7475,1,5,5,0,0,0,1,349,0,0,0,0,1,0,0,nan,nan,nan,nan,nan,nan,nan
7476,1,5,5,0,0,0,1,349,0,0,0,0,1,0,0,nan,nan,nan,nan,nan,nan,nan
7477,1,5,5,0,0,0,1,349,0,0,0,0,1,0,0,nan,nan,nan,nan,nan,nan,nan
7478,1,5,5,0,0,0,0,350,0,0,0,0,1,0,0,nan,nan,nan,nan,nan,nan,16.088443291720978
7479,1,5,5,0,0,0,0,350,0,0,0,1,0,0,0,nan,nan,nan,24.745407185020667,nan,nan,nan
7480,1,5,5,0,0,0,0,350,0,0,0,1,0,0,0,nan,nan,nan,nan,nan,nan,nan
7481,1,5,5,0,0,0,0,350,0,0,0,1,0,0,0,nan,nan,nan,nan,nan,nan,nan
7482,1,5,5,0,0,0,0,350,0,0,0,1,0,0,0,nan,nan,nan,nan,nan,nan,nan
7483,1,5,5,0,0,0,0,350,0,0,0,1,0,0,0,nan,nan,nan,nan,nan,nan,nan
7484,1,5,4,0,0,0,0,350,0,0,0,0,0,0,0,nan,nan,16.605728998359155,nan,nan,nan,nan
7485,1,4,5,0,0,0,0,350,0,0,0,0,0,0,0,nan,34.60957808362855,nan,nan,nan,nan,nan
7486,1,4,5,0,0,0,0,350,0,0,0,0,0,0,0,nan,nan,nan,nan,nan,nan,nan
7487,1,4,5,0,0,0,0,350,0,0,0,0,0,0,0,nan,nan,nan,nan,nan,nan,nan
7488,1,4,5,0,0,0,0,350,0,0,0,0,0,0,0,nan,nan,nan,nan,nan,nan,nan
7489,1,5,5,0,0,0,0,350,0,0,0,0,0,0,0,41.032578854186795,nan,nan,nan,nan,nan,nan
7490,1,5,5,0,0,0,0,350,0,0,0,0,0,0,0,nan,nan,nan,nan,nan,nan,nan
7491,1,5,5,0,0,0,0,350,0,0,0,0,0,0,0,nan,nan,nan,nan,nan,nan,nan
7492,1,5,5,0,0,0,1,350,0,0,0,0,0,1,0,nan,nan,nan,nan,nan,43.76680645180386,nan
7493,1,5,5,0,0,0,1,350,0,0,0,0,0,1,0,nan,nan,nan,nan,nan,nan,nan
7494,1,5,5,0,0,0,1,350,0,0,0,0,0,1,0,nan,nan,nan,nan,nan,nan,nan
7495,1,5,5,0,0,0,1,350,0,0,0,0,0,1,0,nan,nan,nan,nan,nan,nan,nan
7496,1,5,5,0,0,0,1,350,0,0,0,0,0,1,0,nan,nan,nan,nan,nan,nan,nan
7497,1,5,5,0,0,0,1,350,0,0,0,0,0,1,0,nan,nan,nan,nan,nan,nan,nan
7498,1,5,5,0,0,0,1,350,0,0,0,0,0,1,0,nan,nan,nan,nan,nan,nan,nan
7499,1,5,5,0,0,0,1,350,0,0,0,0,0,1,0,nan,nan,nan,nan,nan,nan,nan
7500,1,4,5,1,0,0,1,350,0,0,0,0,0,1,0,nan,14.225796986561363,16.743587378793563,nan,nan,nan,nan
7501,1,4,5,0,1,0,1,350,0,0,0,0,0,1,0,nan,nan,nan,22.011967924277087,nan,nan,nan
7502,1,4,5,0,1,0,1,350,0,0,0,0,0,1,0,nan,nan,nan,nan,nan,nan,nan
7503,1,4,5,0,1,0,0,351,0,0,0,0,0,1,0,nan,nan,nan,nan,nan,nan,24.730417318074615
7504,1,4,5,0,1,0,0,351,0,0,0,0,0,1,0,nan,nan,nan,nan,nan,nan,nan
7505,1,4,5,0,1,0,0,351,0,0,0,0,0,1,0,nan,nan,nan,nan,nan,nan,nan
7506,1,4,5,0,0,0,0,351,0,0,0,0,0,0,0,nan,nan,nan,nan,34.26705819934614,nan,nan
7507,1,4,5,0,0,0,0,351,0,0,0,0,0,0,0,nan,nan,nan,nan,nan,nan,nan
7508,1,4,5,0,0,0,0,351,0,0,0,0,0,0,0,nan,nan,nan,nan,nan,nan,nan
7509,1,4,5,0,0,0,0,351,0,0,0,0,0,0,0,nan,nan,nan,nan,nan,nan,nan
7510,1,4,5,0,0,0,0,351,0,0,0,0,0,0,0,nan,nan,nan,nan,nan,nan,nan
7511,1,4,5,0,0,0,0,351,0,0,0,0,0,0,0,nan,nan,nan,nan,nan,nan,nan
7512,1,5,5,0,0,0,0,351,0,0,0,0,0,0,0,22.984114059484455,nan,nan,nan,nan,nan,nan
7513,1,5,5,0,0,0,0,351,0,0,0,0,0,0,0,nan,nan,nan,nan,nan,nan,nan
7514,1,5,5,0,0,0,0,352,0,0,0,0,0,0,1,nan,nan,nan,nan,nan,nan,11.255207213560425
7515,1,5,5,0,1,0,0,352,0,0,0,1,0,0,1,nan,nan,nan,14.03413483238819,nan,nan,nan
7516,1,5,5,0,1,0,0,352,0,0,0,1,0,0,1,nan,nan,nan,nan,nan,nan,nan
7517,1,5,5,0,1,0,0,352,0,0,0,1,0,0,1,nan,nan,nan,nan,nan,nan,nan
7518,1,5,5,0,1,0,0,352,0,0,0,1,0,0,1,nan,nan,nan,nan,nan,nan,nan
7519,1,5,5,0,1,0,0,352,0,0,0,1,0,0,1,nan,nan,nan,nan,nan,nan,nan
7520,1,5,5,0,1,0,0,352,0,0,0,1,0,0,1,nan,nan,nan,nan,nan,nan,nan
7521,1,5,5,0,0,1,0,352,0,0,0,1,0,0,1,nan,nan,nan,nan,15.638872056375476,nan,nan
7522,1,5,5,0,0,1,0,352,0,0,0,1,0,0,1,nan,nan,nan,nan,nan,nan,nan
7523,1,5,4,0,0,1,0,352,2,0,0,0,0,0,1,10.09965675993135,nan,22.47680707135987,nan,nan,nan,nan
7524,1,5,4,0,0,0,0,352,2,0,0,0,0,0,0,nan,nan,nan,nan,nan,32.45193271285825,nan
7525,1,5,4,0,0,0,0,352,2,0,0,0,0,0,0,nan,nan,nan,nan,nan,nan,nan
7526,1,5,4,0,0,0,0,352,2,0,0,0,0,0,0,nan,nan,nan,nan,nan,nan,nan
7527,1,5,5,0,0,0,0,352,0,0,0,0,0,0,0,nan,27.121694633522566,nan,nan,nan,nan,nan
7528,1,5,5,0,0,0,0,352,0,0,0,0,0,0,0,nan,nan,nan,nan,nan,nan,nan
7529,1,5,5,0,0,0,0,352,0,0,0,0,0,0,0,nan,nan,nan,nan,nan,nan,nan
7530,1,5,5,0,0,0,0,352,0,0,0,0,0,0,0,nan,nan,nan,nan,nan,nan,nan
7531,1,5,5,0,0,0,0,352,0,0,0,0,0,0,0,nan,nan,nan,nan,nan,nan,nan
7532,1,5,5,0,0,0,0,352,0,0,0,0,0,0,0,nan,nan,nan,nan,nan,nan,nan
7533,1,5,5,0,0,0,0,352,0,0,0,0,0,0,0,nan,nan,nan,nan,nan,nan,nan
7534,1,5,5,0,0,0,0,352,0,0,0,0,0,0,0,nan,nan,nan,nan,nan,nan,nan
7535,1,5,5,0,0,0,0,352,0,0,0,0,0,0,0,nan,nan,nan,nan,nan,nan,nan
7536,1,5,5,0,0,0,0,352,0,0,0,0,0,0,0,nan,nan,nan,nan,nan,nan,nan
7537,1,5,5,0,0,0,0,352,0,0,0,0,0,0,0,nan,nan,nan,nan,nan,nan,nan
7538,1,5,5,0,0,0,0,353,2,0,0,0,0,0,1,15.097742042185018,nan,nan,nan,nan,nan,23.341071894164998
7539,1,5,5,1,0,0,0,353,0,0,0,0,0,0,1,nan,11.869928889412222,16.08628778230286,nan,nan,nan,nan
7540,1,5,5,1,0,0,0,353,0,0,0,0,0,0,1,nan,nan,nan,nan,nan,nan,nan
7541,1,5,5,1,0,0,0,353,0,0,0,0,0,0,1,nan,nan,nan,nan,nan,nan,nan
7542,1,5,5,0,1,0,0,353,0,0,0,0,0,0,1,nan,nan,nan,26.623310198981926,nan,nan,nan
7543,1,5,5,0,1,0,0,353,0,0,0,0,0,1,0,nan,nan,nan,nan,nan,18.8247522476031,nan
7544,1,5,5,0,1,0,0,353,0,0,0,0,0,1,0,nan,nan,nan,nan,nan,nan,nan
7545,1,5,5,0,1,0,0,353,0,0,0,0,0,1,0,nan,nan,nan,nan,nan,nan,nan
7546,1,5,5,0,1,0,0,353,0,0,0,0,0,1,0,nan,nan,nan,nan,nan,nan,nan
7547,1,5,5,0,1,0,0,353,0,0,0,0,0,1,0,nan,nan,nan,nan,nan,nan,nan
7548,1,5,5,0,1,0,0,353,0,0,0,0,0,1,0,nan,nan,nan,nan,nan,nan,nan
7549,1,5,5,0,1,0,0,353,0,0,0,0,0,1,0,nan,nan,nan,nan,nan,nan,nan
7550,1,5,5,0,0,0,0,353,2,0,0,0,0,0,0,12.204984335130575,nan,nan,nan,28.429514164519787,nan,nan
7551,1,5,4,1,0,0,0,353,2,0,0,0,0,0,0,nan,nan,12.014494408185783,nan,nan,nan,nan
7552,1,5,4,1,0,0,0,353,2,0,0,0,0,0,0,nan,nan,nan,nan,nan,nan,nan
7553,1,5,5,1,0,0,0,353,0,0,0,0,0,0,0,nan,14.504059653421791,nan,nan,nan,nan,nan
7554,1,5,5,1,0,0,0,353,0,0,0,0,0,0,0,nan,nan,nan,nan,nan,nan,nan
7555,1,5,5,1,0,0,0,353,0,0,0,0,0,0,0,nan,nan,nan,nan,nan,nan,nan
7556,1,5,5,1,0,0,0,353,0,0,0,0,0,0,0,nan,nan,nan,nan,nan,nan,nan
7557,1,5,5,1,0,0,0,353,0,0,0,0,0,0,0,nan,nan,nan,nan,nan,nan,nan
7558,1,5,5,0,1,0,0,353,0,0,0,0,0,0,0,nan,nan,nan,16.758878115064363,nan,nan,nan
7559,1,5,5,0,1,0,0,353,0,0,0,0,0,0,0,nan,nan,nan,nan,nan,nan,nan
7560,1,5,5,0,1,0,0,353,0,0,0,0,0,0,0,nan,nan,nan,nan,nan,nan,nan
7561,1,5,5,0,1,0,0,354,0,0,0,0,0,1,0,nan,nan,nan,nan,nan,18.343092180329222,23.42201933054548
7562,1,5,5,0,1,0,0,354,0,0,0,0,0,1,0,nan,nan,nan,nan,nan,nan,nan
7563,1,5,5,0,1,0,0,354,0,0,0,0,0,1,0,nan,nan,nan,nan,nan,nan,nan
7564,1,5,5,0,1,0,0,354,0,0,0,0,0,1,0,nan,nan,nan,nan,nan,nan,nan
7565,1,5,5,0,1,0,0,354,0,0,0,0,0,1,0,nan,nan,nan,nan,nan,nan,nan
7566,1,5,5,0,1,0,0,354,0,0,0,0,0,1,0,nan,nan,nan,nan,nan,nan,nan
7567,1,5,5,0,1,0,0,354,0,0,0,0,0,1,0,nan,nan,nan,nan,nan,nan,nan
7568,1,5,5,0,1,0,0,354,0,0,0,0,0,1,0,nan,nan,nan,nan,nan,nan,nan
7569,1,5,5,0,1,0,0,354,0,0,0,0,0,1,0,nan,nan,nan,nan,nan,nan,nan
7570,1,5,5,0,2,0,0,354,0,0,0,1,0,1,0,nan,nan,nan,11.667308427641728,nan,nan,nan
7571,1,5,5,0,2,0,0,354,0,0,0,1,0,1,0,nan,nan,nan,nan,nan,nan,nan
7572,1,5,5,0,2,0,0,354,0,0,0,1,0,1,0,nan,nan,nan,nan,nan,nan,nan
7573,1,5,5,0,2,0,0,354,0,0,0,1,0,1,0,nan,nan,nan,nan,nan,nan,nan
7574,1,5,5,0,2,0,0,354,0,0,0,1,0,1,0,nan,nan,nan,nan,nan,nan,nan
7575,1,5,5,0,1,0,0,354,0,0,0,1,0,0,0,nan,nan,nan,nan,25.130965908403596,nan,nan
7576,1,5,5,0,1,0,0,354,0,0,0,1,0,0,0,nan,nan,nan,nan,nan,nan,nan
7577,1,5,4,0,1,0,0,354,2,0,0,0,0,0,0,27.1080949790894,nan,26.531983075646167,nan,nan,nan,nan
7578,1,5,4,0,1,0,0,354,2,0,0,0,0,0,0,nan,nan,nan,nan,nan,nan,nan
7579,1,5,5,0,1,0,0,354,0,0,0,0,0,0,0,nan,26.014333074274873,nan,nan,nan,nan,nan
7580,1,5,5,0,1,0,0,354,0,0,0,0,0,0,0,nan,nan,nan,nan,nan,nan,nan
7581,1,5,5,0,1,0,0,354,0,0,0,0,0,0,0,nan,nan,nan,nan,nan,nan,nan
7582,1,5,5,0,1,0,0,355,0,0,0,0,0,0,1,nan,nan,nan,nan,nan,nan,21.14630798084181
7583,1,5,5,0,1,0,0,355,0,0,0,0,0,0,1,nan,nan,nan,nan,nan,nan,nan
7584,1,5,5,0,1,0,0,355,0,0,0,0,0,0,1,nan,nan,nan,nan,nan,nan,nan
7585,1,5,5,0,1,0,0,355,0,0,0,0,0,0,1,nan,nan,nan,nan,nan,nan,nan
7586,1,5,5,0,1,0,0,355,0,0,0,0,0,0,1,nan,nan,nan,nan,nan,nan,nan
7587,1,5,5,0,1,0,0,355,0,0,0,0,0,0,1,nan,nan,nan,nan,nan,nan,nan
7588,1,5,5,0,1,0,0,355,0,0,0,0,0,1,0,nan,nan,nan,nan,nan,26.353601750586677,nan
7589,1,5,5,0,1,0,0,355,0,0,0,0,0,1,0,nan,nan,nan,nan,nan,nan,nan
7590,1,5,5,0,2,0,0,355,2,0,0,1,0,1,0,12.761163977889737,nan,nan,19.648022515951197,nan,nan,nan
7591,1,5,5,0,2,0,0,355,2,0,0,1,0,1,0,nan,nan,nan,nan,nan,nan,nan
7592,1,5,5,0,1,0,0,355,2,0,0,1,0,0,0,nan,nan,nan,nan,17.248071186899324,nan,nan
7593,1,5,5,0,1,0,0,355,2,0,0,1,0,0,0,nan,nan,nan,nan,nan,nan,nan
7594,1,5,5,0,1,0,0,355,2,0,0,1,0,0,0,nan,nan,nan,nan,nan,nan,nan
7595,1,5,4,0,1,0,0,355,2,0,0,0,0,0,0,nan,nan,17.155978822478573,nan,nan,nan,nan
7596,1,5,4,0,1,0,0,355,2,0,0,0,0,0,0,nan,nan,nan,nan,nan,nan,nan
7597,1,5,4,0,1,0,0,355,2,0,0,0,0,0,0,nan,nan,nan,nan,nan,nan,nan
7598,1,5,4,0,1,0,0,355,2,0,0,0,0,0,0,nan,nan,nan,nan,nan,nan,nan
7599,1,5,4,0,1,0,0,355,2,0,0,0,0,0,0,nan,nan,nan,nan,nan,nan,nan
7600,1,5,4,0,1,0,0,355,2,0,0,0,0,0,0,nan,nan,nan,nan,nan,nan,nan
7601,1,5,4,0,1,0,0,355,2,0,0,0,0,0,0,nan,nan,nan,nan,nan,nan,nan
7602,1,5,4,0,1,0,0,355,2,0,0,0,0,0,0,nan,nan,nan,nan,nan,nan,nan
7603,1,5,4,0,1,0,0,355,2,0,0,0,0,0,0,nan,nan,nan,nan,nan,nan,nan
7604,1,5,4,0,1,0,0,356,2,0,0,0,0,0,1,nan,nan,nan,nan,nan,nan,21.905891039095877
7605,1,5,4,0,1,0,0,356,2,0,0,0,0,0,1,nan,nan,nan,nan,nan,nan,nan
7606,1,5,4,0,1,0,0,356,2,0,0,0,0,0,1,nan,nan,nan,nan,nan,nan,nan
7607,1,5,4,0,1,0,0,356,2,0,0,0,0,0,1,nan,nan,nan,nan,nan,nan,nan
7608,1,5,4,0,1,0,0,356,2,0,0,0,0,0,1,nan,nan,nan,nan,nan,nan,nan
7609,1,5,5,0,1,1,0,356,0,0,0,1,0,0,1,nan,30.209543277050216,nan,19.6932799713004,17.196403785128496,nan,nan
7610,1,5,5,0,1,1,0,356,0,0,0,1,0,0,1,nan,nan,nan,nan,nan,nan,nan
7611,1,5,5,0,1,1,0,356,0,0,0,1,0,0,1,nan,nan,nan,nan,nan,nan,nan
7612,1,5,5,0,1,0,0,356,0,0,0,1,0,0,0,nan,nan,nan,nan,nan,24.71729810427769,nan
7613,1,5,5,0,1,0,0,356,0,0,0,1,0,0,0,nan,nan,nan,nan,nan,nan,nan
7614,1,5,5,0,1,0,0,356,0,0,0,1,0,0,0,nan,nan,nan,nan,nan,nan,nan
7615,1,5,5,0,1,0,0,356,0,0,0,1,0,0,0,nan,nan,nan,nan,nan,nan,nan
7616,1,5,5,0,1,0,0,356,0,0,0,1,0,0,0,nan,nan,nan,nan,nan,nan,nan
7617,1,5,5,0,1,0,0,356,0,0,0,1,0,0,0,nan,nan,nan,nan,nan,nan,nan
7618,1,5,5,0,1,0,0,356,0,0,0,1,0,0,0,nan,nan,nan,nan,nan,nan,nan
7619,1,5,5,0,1,0,0,356,0,0,0,1,0,0,0,nan,nan,nan,nan,nan,nan,nan
7620,1,5,5,0,1,0,0,356,0,0,0,1,0,0,0,nan,nan,nan,nan,nan,nan,nan
7621,1,5,5,0,1,0,0,356,0,0,0,1,0,0,0,nan,nan,nan,nan,nan,nan,nan
7622,1,5,5,0,1,0,1,356,0,0,0,1,0,1,0,nan,nan,nan,nan,nan,9.850896893027311,nan
7623,1,5,5,0,1,0,1,356,0,0,0,1,0,1,0,nan,nan,nan,nan,nan,nan,nan
7624,1,5,5,0,1,0,1,356,0,0,0,1,0,1,0,nan,nan,nan,nan,nan,nan,nan
7625,1,5,5,0,1,0,1,356,0,2,0,1,0,1,0,nan,16.024013557359467,nan,nan,nan,nan,nan
7626,1,5,5,0,1,0,1,356,0,2,0,1,0,1,0,nan,nan,nan,nan,nan,nan,nan
7627,1,5,5,0,0,0,1,356,0,2,0,1,0,0,0,nan,nan,nan,nan,17.446721869194334,nan,nan
7628,1,4,5,0,0,0,1,356,0,0,0,0,0,0,0,nan,nan,33.8349232656019,nan,nan,nan,nan
7629,1,4,5,0,0,0,1,356,0,0,0,0,0,0,0,nan,nan,nan,nan,nan,nan,nan
7630,1,5,5,0,0,0,1,356,0,0,0,0,0,0,0,40.54932355089204,nan,nan,nan,nan,nan,nan
7631,1,5,5,0,0,0,1,356,0,0,0,0,0,0,0,nan,nan,nan,nan,nan,nan,nan
7632,1,5,5,0,0,0,1,356,0,0,0,0,0,0,0,nan,nan,nan,nan,nan,nan,nan
7633,1,5,5,0,0,0,1,356,0,0,0,0,0,0,0,nan,nan,nan,nan,nan,nan,nan
7634,1,5,5,0,0,0,1,356,0,0,0,0,0,0,0,nan,nan,nan,nan,nan,nan,nan
7635,1,5,5,0,0,0,1,356,0,0,0,0,0,0,0,nan,nan,nan,nan,nan,nan,nan
7636,1,5,5,0,0,0,1,356,0,0,0,0,0,0,0,nan,nan,nan,nan,nan,nan,nan
7637,1,5,5,0,0,0,2,356,0,0,0,0,0,1,0,nan,nan,nan,nan,nan,14.86903247002465,nan
7638,1,5,5,0,0,0,2,356,0,0,0,0,0,1,0,nan,nan,nan,nan,nan,nan,nan
7639,1,5,5,0,0,0,1,357,0,0,0,0,0,1,0,nan,nan,nan,nan,nan,nan,34.761278447573204
7640,1,5,5,0,1,0,1,357,0,0,0,1,0,1,0,nan,nan,nan,31.10890577565715,nan,nan,nan
7641,1,5,5,0,1,0,1,357,0,0,0,1,0,1,0,nan,nan,nan,nan,nan,nan,nan
7642,1,4,5,0,1,0,1,357,0,0,0,0,0,1,0,nan,16.534599296498527,13.569206643789585,nan,nan,nan,nan
7643,1,4,5,0,1,0,1,357,0,0,0,0,0,1,0,nan,nan,nan,nan,nan,nan,nan
7644,1,4,5,0,1,0,1,357,0,0,0,0,0,1,0,nan,nan,nan,nan,nan,nan,nan
7645,1,4,5,0,1,0,1,357,0,0,0,0,0,1,0,nan,nan,nan,nan,nan,nan,nan
7646,1,4,5,0,1,0,1,357,0,0,0,0,0,1,0,nan,nan,nan,nan,nan,nan,nan
7647,1,4,5,0,1,0,1,357,0,0,0,0,0,1,0,nan,nan,nan,nan,nan,nan,nan
7648,1,4,5,0,1,0,1,357,0,0,0,0,0,1,0,nan,nan,nan,nan,nan,nan,nan
7649,1,4,5,0,1,0,1,357,0,0,0,0,0,1,0,nan,nan,nan,nan,nan,nan,nan
7650,1,4,5,0,1,0,1,357,0,0,0,0,0,1,0,nan,nan,nan,nan,nan,nan,nan
7651,1,4,5,0,1,0,1,357,0,0,0,0,0,1,0,nan,nan,nan,nan,nan,nan,nan
7652,1,4,5,0,1,0,1,357,0,0,0,0,0,1,0,nan,nan,nan,nan,nan,nan,nan
7653,1,4,5,0,1,0,1,357,0,0,0,0,0,1,0,nan,nan,nan,nan,nan,nan,nan
7654,1,4,5,0,1,0,1,357,0,0,0,0,0,1,0,nan,nan,nan,nan,nan,nan,nan
7655,1,4,5,0,1,0,1,357,0,0,0,0,0,1,0,nan,nan,nan,nan,nan,nan,nan
7656,1,4,5,0,0,0,1,357,0,0,0,0,0,0,0,nan,nan,nan,nan,28.91099737265813,nan,nan
7657,1,4,5,0,0,0,1,357,0,0,0,0,0,0,0,nan,nan,nan,nan,nan,nan,nan
7658,1,4,5,0,0,0,1,357,0,0,0,0,0,0,0,nan,nan,nan,nan,nan,nan,nan
7659,1,4,5,0,0,0,1,357,0,0,0,0,0,0,0,nan,nan,nan,nan,nan,nan,nan
7660,1,4,5,0,0,0,0,358,0,2,0,0,0,0,0,nan,17.937222546556768,nan,nan,nan,nan,20.706522596404284
7661,1,4,5,0,0,0,0,358,0,2,0,0,0,0,0,nan,nan,nan,nan,nan,nan,nan
7662,1,5,5,0,0,0,0,358,0,2,0,0,0,0,0,31.42947215869026,nan,nan,nan,nan,nan,nan
7663,1,5,5,0,0,0,0,358,0,2,0,0,0,0,0,nan,nan,nan,nan,nan,nan,nan
7664,1,5,5,0,0,0,0,358,0,2,0,0,0,0,0,nan,nan,nan,nan,nan,nan,nan
7665,1,5,5,0,1,0,0,358,0,2,0,1,0,0,0,nan,nan,nan,24.458763294292112,nan,nan,nan
7666,1,5,5,0,1,0,0,358,0,2,0,1,0,0,0,nan,nan,nan,nan,nan,nan,nan
7667,1,4,5,0,1,0,0,358,0,0,0,0,0,0,0,nan,nan,25.262277088729206,nan,nan,nan,nan
7668,1,4,5,0,1,0,0,358,0,0,0,0,0,0,0,nan,nan,nan,nan,nan,nan,nan
7669,1,4,5,0,1,0,0,358,0,0,0,0,0,0,0,nan,nan,nan,nan,nan,nan,nan
7670,1,4,5,0,1,0,0,358,0,0,0,0,0,0,0,nan,nan,nan,nan,nan,nan,nan
7671,1,4,5,0,1,0,0,358,0,0,0,0,0,0,0,nan,nan,nan,nan,nan,nan,nan
7672,1,4,5,0,1,0,0,358,0,0,0,0,0,0,0,nan,nan,nan,nan,nan,nan,nan
7673,1,4,5,0,1,0,0,358,0,0,0,0,0,0,0,nan,nan,nan,nan,nan,nan,nan
7674,1,4,5,0,1,0,0,358,0,0,0,0,0,0,0,nan,nan,nan,nan,nan,nan,nan
7675,1,5,5,0,1,0,1,358,0,0,0,0,0,1,0,13.28231657196011,nan,nan,nan,nan,38.1622334239546,nan
7676,1,5,5,0,1,0,1,358,0,0,0,0,0,1,0,nan,nan,nan,nan,nan,nan,nan
7677,1,5,5,0,1,0,1,358,0,0,0,0,0,1,0,nan,nan,nan,nan,nan,nan,nan
7678,1,5,5,0,1,0,1,358,0,0,0,0,0,1,0,nan,nan,nan,nan,nan,nan,nan
7679,1,5,5,0,1,0,1,358,0,0,0,0,0,1,0,nan,nan,nan,nan,nan,nan,nan
7680,1,5,5,0,2,0,1,358,0,0,0,1,0,1,0,nan,nan,nan,14.935199028423995,nan,nan,nan
7681,1,5,5,0,2,0,1,358,0,0,0,1,0,1,0,nan,nan,nan,nan,nan,nan,nan
7682,1,5,5,0,2,0,1,358,0,0,0,1,0,1,0,nan,nan,nan,nan,nan,nan,nan
7683,1,5,5,0,2,0,1,358,0,0,0,1,0,1,0,nan,nan,nan,nan,nan,nan,nan
7684,1,5,5,0,2,0,1,358,0,0,0,1,0,1,0,nan,nan,nan,nan,nan,nan,nan
7685,1,5,5,0,2,0,1,358,0,0,0,1,0,1,0,nan,nan,nan,nan,nan,nan,nan
7686,1,5,5,0,2,0,0,359,0,0,0,1,0,1,0,nan,nan,nan,nan,nan,nan,26.539526203625428
7687,1,5,5,0,1,0,0,359,0,0,0,1,0,0,0,nan,nan,nan,nan,31.059199541613452,nan,nan
7688,1,5,5,0,1,0,0,359,0,0,0,1,0,0,0,nan,nan,nan,nan,nan,nan,nan
7689,1,5,5,0,1,0,0,359,0,0,0,1,0,0,0,nan,nan,nan,nan,nan,nan,nan
7690,1,5,4,0,1,0,0,359,0,0,0,0,0,0,0,nan,nan,23.166309715931675,nan,nan,nan,nan
7691,1,5,4,0,1,0,0,359,0,0,0,0,0,0,0,nan,nan,nan,nan,nan,nan,nan
7692,1,5,4,0,1,0,0,359,0,0,0,0,0,0,0,nan,nan,nan,nan,nan,nan,nan
7693,1,5,4,0,1,0,0,359,0,0,0,0,0,0,0,nan,nan,nan,nan,nan,nan,nan
7694,1,5,4,0,1,0,0,359,0,0,0,0,0,0,0,nan,nan,nan,nan,nan,nan,nan
7695,1,5,4,0,1,0,0,359,0,0,0,0,0,0,0,nan,nan,nan,nan,nan,nan,nan
7696,1,5,4,0,1,0,0,359,2,0,0,0,0,0,0,20.97718668522066,nan,nan,nan,nan,nan,nan
7697,1,5,4,0,1,0,0,359,2,0,0,0,0,0,0,nan,nan,nan,nan,nan,nan,nan
7698,1,5,5,0,1,0,0,359,0,0,0,0,0,0,0,nan,38.116622392214595,nan,nan,nan,nan,nan
7699,1,5,5,0,1,0,0,359,0,0,0,0,0,0,0,nan,nan,nan,nan,nan,nan,nan
7700,1,5,5,0,1,0,1,359,0,0,0,0,0,1,0,nan,nan,nan,nan,nan,24.684576399642538,nan
7701,1,5,5,0,1,0,1,359,0,0,0,0,0,1,0,nan,nan,nan,nan,nan,nan,nan
7702,1,5,5,0,1,0,1,359,0,0,0,0,0,1,0,nan,nan,nan,nan,nan,nan,nan
7703,1,5,5,0,1,0,1,359,0,0,0,0,0,1,0,nan,nan,nan,nan,nan,nan,nan
7704,1,5,5,0,1,0,0,360,0,0,0,0,0,1,0,nan,nan,nan,nan,nan,nan,17.603877108280358
7705,1,5,4,1,1,0,0,360,0,0,0,0,0,1,0,nan,nan,14.160041644207922,nan,nan,nan,nan
7706,1,5,4,1,1,0,0,360,0,0,0,0,0,1,0,nan,nan,nan,nan,nan,nan,nan
7707,1,5,4,1,1,0,0,360,0,0,0,0,0,1,0,nan,nan,nan,nan,nan,nan,nan
7708,1,5,4,0,2,0,0,360,0,0,0,0,0,1,0,nan,nan,nan,27.739801298447674,nan,nan,nan
7709,1,5,4,0,2,0,0,360,0,0,0,0,0,1,0,nan,nan,nan,nan,nan,nan,nan
7710,1,4,5,0,1,0,0,360,0,0,0,0,0,0,0,nan,11.99502634252076,nan,nan,23.221395656735695,nan,nan
7711,1,4,5,0,1,0,0,360,0,0,0,0,0,0,0,nan,nan,nan,nan,nan,nan,nan
7712,1,4,5,0,1,0,0,360,0,0,0,0,0,0,0,nan,nan,nan,nan,nan,nan,nan
7713,1,5,5,0,1,0,0,360,0,0,0,0,0,0,0,16.675548535256894,nan,nan,nan,nan,nan,nan
7714,1,5,5,0,1,0,0,360,0,0,0,0,0,0,0,nan,nan,nan,nan,nan,nan,nan
7715,1,5,5,0,1,0,0,360,0,0,0,0,0,0,0,nan,nan,nan,nan,nan,nan,nan
7716,1,5,5,0,1,0,0,360,0,0,0,0,0,0,0,nan,nan,nan,nan,nan,nan,nan
7717,1,5,5,0,2,0,0,360,0,0,0,1,0,0,0,nan,nan,nan,9.916836682597022,nan,nan,nan
7718,1,5,5,0,2,0,0,360,0,0,0,1,0,0,0,nan,nan,nan,nan,nan,nan,nan
7719,1,5,4,0,2,0,0,360,0,0,0,0,0,0,0,nan,nan,14.294400887138181,nan,nan,nan,nan
7720,1,5,4,0,2,0,0,360,0,0,0,0,0,0,0,nan,nan,nan,nan,nan,nan,nan
7721,1,5,4,0,2,0,0,361,0,0,0,0,0,0,1,nan,nan,nan,nan,nan,nan,17.195751832329734
7722,1,5,4,0,1,1,0,361,0,0,0,0,0,0,1,nan,nan,nan,nan,12.098774236936151,nan,nan
7723,1,5,4,0,1,1,0,361,0,0,0,0,0,0,1,nan,nan,nan,nan,nan,nan,nan
7724,1,5,4,0,1,1,0,361,2,0,0,0,0,0,1,11.442837214308383,nan,nan,nan,nan,nan,nan
7725,1,5,4,0,1,0,0,361,2,0,0,0,0,0,0,nan,nan,nan,nan,nan,24.609073902081946,nan
7726,1,5,4,0,1,0,0,361,2,0,0,0,0,0,0,nan,nan,nan,nan,nan,nan,nan
7727,1,5,4,0,1,0,0,361,2,0,0,0,0,0,0,nan,nan,nan,nan,nan,nan,nan
7728,1,5,4,0,1,0,0,361,2,0,0,0,0,0,0,nan,nan,nan,nan,nan,nan,nan
7729,1,5,4,0,1,0,0,361,2,0,0,0,0,0,0,nan,nan,nan,nan,nan,nan,nan
7730,1,5,4,0,1,0,0,361,2,0,0,0,0,0,0,nan,nan,nan,nan,nan,nan,nan
7731,1,5,4,0,1,0,0,361,2,0,0,0,0,0,0,nan,nan,nan,nan,nan,nan,nan
7732,1,5,5,0,0,1,0,361,0,0,0,0,0,0,0,nan,21.9493064571825,nan,nan,9.776527950869422,nan,nan
7733,1,5,5,0,0,1,0,361,0,0,0,0,0,0,0,nan,nan,nan,nan,nan,nan,nan
7734,1,5,5,0,1,0,1,361,0,0,0,1,0,0,0,nan,nan,nan,16.258446942129012,nan,9.666702001036356,nan
7735,1,5,5,0,1,0,1,361,0,0,0,1,0,0,0,nan,nan,nan,nan,nan,nan,nan
7736,1,5,5,0,1,0,1,361,0,0,0,1,0,0,0,nan,nan,nan,nan,nan,nan,nan
7737,1,5,5,0,1,0,1,361,0,0,0,1,0,0,0,nan,nan,nan,nan,nan,nan,nan
7738,1,5,5,0,1,0,1,361,0,0,0,1,0,0,0,nan,nan,nan,nan,nan,nan,nan
7739,1,5,5,0,1,0,1,361,0,0,0,1,0,0,0,nan,nan,nan,nan,nan,nan,nan
7740,1,5,5,0,1,0,1,361,0,0,0,1,0,0,0,nan,nan,nan,nan,nan,nan,nan
7741,1,5,5,0,1,0,1,361,0,0,0,1,0,0,0,nan,nan,nan,nan,nan,nan,nan
7742,1,5,5,0,0,1,1,361,0,0,0,1,0,0,0,nan,nan,nan,nan,10.130946982039859,nan,nan
7743,1,5,4,0,0,1,1,361,0,0,0,0,0,0,0,nan,nan,23.701602238491432,nan,nan,nan,nan
7744,1,5,4,0,0,1,1,361,0,0,0,0,0,0,0,nan,nan,nan,nan,nan,nan,nan
7745,1,5,4,0,0,1,1,361,0,0,0,0,0,0,0,nan,nan,nan,nan,nan,nan,nan
7746,1,5,4,0,0,0,1,362,0,0,0,0,0,0,0,nan,nan,nan,nan,nan,11.489586861287535,25.32495890093105
7747,1,5,4,0,0,0,1,362,0,0,0,0,0,0,0,nan,nan,nan,nan,nan,nan,nan
7748,1,5,4,0,0,0,1,362,0,0,0,0,0,0,0,nan,nan,nan,nan,nan,nan,nan
7749,1,5,4,0,0,0,1,362,0,0,0,0,0,0,0,nan,nan,nan,nan,nan,nan,nan
7750,1,5,4,0,0,0,1,362,0,0,0,0,0,0,0,nan,nan,nan,nan,nan,nan,nan
7751,1,5,4,0,0,0,1,362,0,0,0,0,0,0,0,nan,nan,nan,nan,nan,nan,nan
7752,1,5,4,0,0,0,1,362,0,0,0,0,0,0,0,nan,nan,nan,nan,nan,nan,nan
7753,1,5,4,0,0,0,1,362,0,0,0,0,0,0,0,nan,nan,nan,nan,nan,nan,nan
7754,1,5,4,0,0,0,1,362,2,0,0,0,0,0,0,29.98614164774881,nan,nan,nan,nan,nan,nan
7755,1,5,4,0,0,0,1,362,2,0,0,0,0,0,0,nan,nan,nan,nan,nan,nan,nan
7756,1,5,4,0,0,0,1,362,2,0,0,0,0,0,0,nan,nan,nan,nan,nan,nan,nan
7757,1,5,4,0,0,0,1,362,2,0,0,0,0,0,0,nan,nan,nan,nan,nan,nan,nan
7758,1,5,4,0,0,0,2,362,2,0,0,0,0,1,0,nan,nan,nan,nan,nan,12.548657572449883,nan
7759,1,5,4,0,0,0,2,362,2,0,0,0,0,1,0,nan,nan,nan,nan,nan,nan,nan
7760,1,5,4,0,0,0,2,362,2,0,0,1,0,0,0,nan,nan,nan,26.465926065660824,17.73122716931266,nan,nan
7761,1,5,5,0,0,0,1,363,0,0,0,1,0,0,0,nan,28.819512772244707,nan,nan,nan,nan,14.183147751164142
7762,1,5,5,0,0,0,1,363,0,0,0,1,0,0,0,nan,nan,nan,nan,nan,nan,nan
7763,1,5,5,0,0,0,1,363,0,0,0,1,0,0,0,nan,nan,nan,nan,nan,nan,nan
7764,1,5,5,0,0,0,1,363,0,0,0,1,0,0,0,nan,nan,nan,nan,nan,nan,nan
7765,1,5,5,0,0,0,1,363,0,0,0,1,0,0,0,nan,nan,nan,nan,nan,nan,nan
7766,1,5,5,0,0,0,1,363,0,0,0,1,0,0,0,nan,nan,nan,nan,nan,nan,nan
7767,1,5,5,0,0,0,1,363,0,0,0,1,0,0,0,nan,nan,nan,nan,nan,nan,nan
7768,1,5,4,0,0,0,1,363,0,0,0,0,0,0,0,nan,nan,24.88299521247245,nan,nan,nan,nan
7769,1,5,4,0,0,0,1,363,0,0,0,0,0,0,0,nan,nan,nan,nan,nan,nan,nan
7770,1,5,4,0,0,0,1,363,0,0,0,0,0,0,0,nan,nan,nan,nan,nan,nan,nan
7771,1,5,4,0,0,0,1,363,0,0,0,0,0,0,0,nan,nan,nan,nan,nan,nan,nan
7772,1,5,4,0,0,0,1,363,2,0,0,0,0,0,0,17.483015884279666,nan,nan,nan,nan,nan,nan
7773,1,5,5,0,0,0,0,364,0,0,0,0,0,0,0,nan,11.794234547529413,nan,nan,nan,nan,12.255846616982126
7774,1,5,5,0,0,0,0,364,0,0,0,0,0,0,0,nan,nan,nan,nan,nan,nan,nan
7775,1,5,5,0,0,0,0,364,0,0,0,0,0,0,0,nan,nan,nan,nan,nan,nan,nan
7776,1,5,5,0,0,0,0,364,0,0,0,0,0,0,0,nan,nan,nan,nan,nan,nan,nan
7777,1,5,5,0,0,0,0,364,0,0,0,0,0,0,0,nan,nan,nan,nan,nan,nan,nan
7778,1,5,5,0,0,0,0,364,0,0,0,0,0,0,0,nan,nan,nan,nan,nan,nan,nan
7779,1,5,5,0,0,0,0,364,0,0,0,0,0,0,0,nan,nan,nan,nan,nan,nan,nan
7780,1,5,5,0,0,0,1,364,0,0,0,0,0,1,0,nan,nan,nan,nan,nan,21.71793042405261,nan
7781,1,5,5,0,0,0,1,364,0,0,0,0,1,0,0,nan,nan,nan,nan,21.045595821245115,nan,nan
7782,1,5,5,0,0,0,1,364,0,0,0,0,1,0,0,nan,nan,nan,nan,nan,nan,nan
7783,1,5,5,0,0,0,1,364,0,0,0,0,1,0,0,nan,nan,nan,nan,nan,nan,nan
7784,1,5,5,0,0,0,1,364,0,0,0,0,1,0,0,nan,nan,nan,nan,nan,nan,nan
7785,1,5,5,0,0,0,1,364,2,0,0,0,1,0,0,13.608580332513156,nan,nan,nan,nan,nan,nan
7786,1,5,5,0,0,0,1,364,2,0,0,0,1,0,0,nan,nan,nan,nan,nan,nan,nan
7787,1,5,5,0,0,0,1,364,2,0,0,0,1,0,0,nan,nan,nan,nan,nan,nan,nan
7788,1,5,5,0,0,0,1,364,2,0,0,0,1,0,0,nan,nan,nan,nan,nan,nan,nan
7789,1,5,5,0,0,0,0,365,2,0,0,0,1,0,0,nan,nan,nan,nan,nan,nan,16.177201114221134
7790,1,5,5,0,0,0,0,365,2,0,0,0,1,0,0,nan,nan,nan,nan,nan,nan,nan
7791,1,5,5,0,0,0,0,365,2,0,0,0,1,0,0,nan,nan,nan,nan,nan,nan,nan
7792,1,5,5,0,0,0,0,365,2,0,0,0,1,0,0,nan,nan,nan,nan,nan,nan,nan
7793,1,5,5,0,0,0,0,365,2,0,0,0,1,0,0,nan,nan,nan,nan,nan,nan,nan
7794,1,5,5,0,0,0,1,365,2,0,0,1,0,1,0,nan,nan,nan,33.384213807490596,nan,13.580746569028634,nan
7795,1,5,5,0,0,0,1,365,2,0,0,1,0,1,0,nan,nan,nan,nan,nan,nan,nan
7796,1,5,5,0,0,0,1,365,2,0,0,1,0,1,0,nan,nan,nan,nan,nan,nan,nan
7797,1,5,5,0,0,0,1,365,0,0,0,0,0,1,0,nan,24.171461456271572,29.91955637412957,nan,nan,nan,nan
7798,1,5,5,0,0,0,1,365,0,0,0,0,0,1,0,nan,nan,nan,nan,nan,nan,nan
7799,1,5,5,0,0,0,1,365,0,0,0,0,0,1,0,nan,nan,nan,nan,nan,nan,nan
7800,1,5,5,0,0,0,1,365,0,0,0,0,0,1,0,nan,nan,nan,nan,nan,nan,nan
7801,1,5,5,0,0,0,0,366,0,0,0,0,0,1,0,nan,nan,nan,nan,nan,nan,11.585896990153742
7802,1,5,5,0,0,0,0,366,0,0,0,0,0,1,0,nan,nan,nan,nan,nan,nan,nan
7803,1,5,5,0,0,0,0,366,0,0,0,0,0,1,0,nan,nan,nan,nan,nan,nan,nan
7804,1,5,5,0,0,0,0,366,0,0,0,0,0,1,0,nan,nan,nan,nan,nan,nan,nan
7805,1,5,5,0,0,0,0,366,0,0,0,0,0,1,0,nan,nan,nan,nan,nan,nan,nan
7806,1,5,5,0,0,0,0,366,0,0,0,0,0,1,0,nan,nan,nan,nan,nan,nan,nan
7807,1,5,5,0,0,0,0,366,0,0,0,0,0,1,0,nan,nan,nan,nan,nan,nan,nan
7808,1,5,5,0,0,0,0,366,0,0,0,0,0,1,0,nan,nan,nan,nan,nan,nan,nan
7809,1,5,5,0,0,0,0,366,0,0,0,0,1,0,0,nan,nan,nan,nan,27.959363799445782,nan,nan
7810,1,5,5,0,0,0,0,366,0,0,0,0,1,0,0,nan,nan,nan,nan,nan,nan,nan
7811,1,5,5,0,0,0,0,366,0,0,0,0,1,0,0,nan,nan,nan,nan,nan,nan,nan
7812,1,5,5,0,0,0,0,366,0,0,0,1,0,0,0,nan,nan,nan,18.213679779156337,nan,nan,nan
7813,1,5,5,0,0,0,0,366,0,2,0,1,0,0,0,nan,16.228130319567754,nan,nan,nan,nan,nan
7814,1,5,5,0,0,0,0,366,0,2,0,1,0,0,0,nan,nan,nan,nan,nan,nan,nan
7815,1,5,5,0,0,0,0,366,2,2,0,1,0,0,0,29.815198507791138,nan,nan,nan,nan,nan,nan
7816,1,5,5,0,0,0,0,367,2,2,0,1,0,0,1,nan,nan,nan,nan,nan,nan,15.178763448580867
7817,1,5,5,0,0,0,0,367,2,2,0,1,0,0,1,nan,nan,nan,nan,nan,nan,nan
7818,1,5,5,0,0,0,0,367,2,2,0,1,0,0,1,nan,nan,nan,nan,nan,nan,nan
7819,1,5,5,0,0,0,0,367,2,2,0,1,0,0,1,nan,nan,nan,nan,nan,nan,nan
7820,1,5,5,0,0,0,0,367,2,2,0,1,0,0,1,nan,nan,nan,nan,nan,nan,nan
7821,1,5,5,0,0,0,0,367,2,2,0,1,0,0,1,nan,nan,nan,nan,nan,nan,nan
7822,1,5,5,0,0,0,0,367,2,2,0,1,0,0,1,nan,nan,nan,nan,nan,nan,nan
7823,1,5,5,0,0,0,0,367,2,2,0,1,0,0,1,nan,nan,nan,nan,nan,nan,nan
7824,1,5,5,0,0,0,0,367,2,2,0,1,0,0,1,nan,nan,nan,nan,nan,nan,nan
7825,1,5,5,0,0,0,0,367,2,2,0,1,0,0,1,nan,nan,nan,nan,nan,nan,nan
7826,1,5,5,0,0,0,0,367,2,2,0,1,0,0,1,nan,nan,nan,nan,nan,nan,nan
7827,1,5,5,0,0,0,0,367,2,2,0,1,0,0,1,nan,nan,nan,nan,nan,nan,nan
7828,1,5,5,0,0,0,0,367,0,0,0,0,0,0,1,nan,nan,30.83247661511632,nan,nan,nan,nan
7829,1,5,5,0,0,0,0,367,0,0,0,0,0,1,0,nan,nan,nan,nan,nan,35.10351944674949,nan
7830,1,5,5,0,0,0,0,367,0,0,0,0,0,1,0,nan,nan,nan,nan,nan,nan,nan
7831,1,5,5,0,0,0,0,367,0,0,0,0,1,0,0,nan,nan,nan,nan,22.193038165604776,nan,nan
7832,1,5,5,0,0,0,0,367,0,0,0,0,1,0,0,nan,nan,nan,nan,nan,nan,nan
7833,1,5,5,0,0,0,0,367,0,0,0,0,1,0,0,nan,nan,nan,nan,nan,nan,nan
7834,1,5,5,0,0,0,0,367,0,0,0,0,1,0,0,nan,nan,nan,nan,nan,nan,nan
7835,1,5,5,0,0,0,0,367,0,0,0,0,1,0,0,nan,nan,nan,nan,nan,nan,nan
7836,1,5,5,0,0,0,0,367,0,0,0,0,1,0,0,nan,nan,nan,nan,nan,nan,nan
7837,1,5,5,0,0,0,0,367,0,0,0,0,1,0,0,nan,nan,nan,nan,nan,nan,nan
7838,1,5,5,0,0,0,0,367,0,0,0,0,1,0,0,nan,nan,nan,nan,nan,nan,nan
7839,1,5,5,0,0,0,0,367,0,0,0,0,1,0,0,nan,nan,nan,nan,nan,nan,nan
7840,1,5,5,0,0,0,0,367,0,0,0,1,0,0,0,nan,nan,nan,27.921311553104715,nan,nan,nan
7841,1,5,5,0,0,0,0,367,0,0,0,1,0,0,0,nan,nan,nan,nan,nan,nan,nan
7842,1,5,5,0,0,0,0,367,0,0,0,1,0,0,0,nan,nan,nan,nan,nan,nan,nan
7843,1,5,5,0,0,0,0,367,2,0,0,1,0,0,0,27.916290268910416,nan,nan,nan,nan,nan,nan
7844,1,5,5,0,0,0,0,367,2,0,0,1,0,0,0,nan,nan,nan,nan,nan,nan,nan
7845,1,5,5,0,0,0,1,367,2,0,0,1,0,1,0,nan,nan,nan,nan,nan,16.58137459340378,nan
7846,1,5,5,0,0,0,1,367,2,0,0,1,0,1,0,nan,nan,nan,nan,nan,nan,nan
7847,1,5,5,0,0,0,0,368,2,0,0,1,0,1,0,nan,nan,nan,nan,nan,nan,31.558201655856465
7848,1,5,5,0,0,0,0,368,2,0,0,1,0,1,0,nan,nan,nan,nan,nan,nan,nan
7849,1,5,5,0,0,0,0,368,2,0,0,1,0,1,0,nan,nan,nan,nan,nan,nan,nan
7850,1,5,4,0,0,0,0,368,2,0,0,0,0,1,0,nan,nan,21.303627336163117,nan,nan,nan,nan
7851,1,5,4,0,0,0,0,368,2,0,0,0,0,1,0,nan,nan,nan,nan,nan,nan,nan
7852,1,5,4,0,0,0,0,368,2,0,0,0,0,1,0,nan,nan,nan,nan,nan,nan,nan
7853,1,5,4,0,0,0,0,368,2,0,0,0,1,0,0,nan,nan,nan,nan,21.7207710747507,nan,nan
7854,1,5,4,0,0,0,0,368,2,0,0,0,1,0,0,nan,nan,nan,nan,nan,nan,nan
7855,1,5,4,0,0,0,0,368,2,0,0,0,1,0,0,nan,nan,nan,nan,nan,nan,nan
7856,1,5,4,0,0,0,0,368,2,0,0,0,1,0,0,nan,nan,nan,nan,nan,nan,nan
7857,1,5,4,0,0,0,0,368,2,0,0,0,1,0,0,nan,nan,nan,nan,nan,nan,nan
7858,1,5,4,0,0,0,0,369,2,0,0,0,1,0,1,nan,nan,nan,nan,nan,nan,10.652214178670874
7859,1,5,4,0,0,0,0,369,2,0,0,0,1,0,1,nan,nan,nan,nan,nan,nan,nan
7860,1,5,5,0,0,0,0,369,0,0,0,1,0,0,1,nan,47.13318875971618,nan,20.75566089512813,nan,nan,nan
7861,1,5,5,0,0,0,0,369,0,0,0,1,0,0,1,nan,nan,nan,nan,nan,nan,nan
7862,1,5,5,0,0,0,0,369,0,0,0,1,0,0,1,nan,nan,nan,nan,nan,nan,nan
7863,1,5,5,0,0,0,0,369,0,0,0,1,0,0,1,nan,nan,nan,nan,nan,nan,nan
7864,1,5,5,0,0,0,0,369,0,0,0,1,0,0,1,nan,nan,nan,nan,nan,nan,nan
7865,1,5,5,0,0,0,0,369,0,0,0,1,0,0,1,nan,nan,nan,nan,nan,nan,nan
7866,1,5,5,0,0,0,0,369,0,0,0,1,0,0,1,nan,nan,nan,nan,nan,nan,nan
7867,1,5,5,0,0,0,0,369,0,0,0,1,0,0,1,nan,nan,nan,nan,nan,nan,nan
7868,1,5,5,0,0,0,0,369,0,0,0,1,0,1,0,nan,nan,nan,nan,nan,22.61094314085676,nan
7869,1,5,5,0,0,0,0,369,0,0,0,1,0,1,0,nan,nan,nan,nan,nan,nan,nan
7870,1,5,5,0,0,0,0,369,0,0,0,1,0,1,0,nan,nan,nan,nan,nan,nan,nan
7871,1,5,5,0,0,0,0,369,0,0,0,1,0,1,0,nan,nan,nan,nan,nan,nan,nan
7872,1,5,4,0,0,0,0,369,2,0,0,0,0,1,0,28.984887562291988,nan,22.6504316055034,nan,nan,nan,nan
7873,1,5,4,0,0,0,0,369,2,0,0,0,0,1,0,nan,nan,nan,nan,nan,nan,nan
7874,1,5,4,0,0,0,0,369,2,0,0,0,0,1,0,nan,nan,nan,nan,nan,nan,nan
7875,1,5,4,0,0,0,0,369,2,0,0,0,0,1,0,nan,nan,nan,nan,nan,nan,nan
7876,1,5,4,0,0,0,0,369,2,0,0,0,1,0,0,nan,nan,nan,nan,22.914698639576272,nan,nan
7877,1,5,4,0,0,0,0,369,2,0,0,0,1,0,0,nan,nan,nan,nan,nan,nan,nan
7878,1,5,4,0,0,0,0,369,2,0,0,0,1,0,0,nan,nan,nan,nan,nan,nan,nan
7879,1,5,5,0,0,0,0,369,0,0,0,0,1,0,0,nan,18.74565138143862,nan,nan,nan,nan,nan
7880,1,5,5,0,0,0,0,369,0,0,0,0,1,0,0,nan,nan,nan,nan,nan,nan,nan
7881,1,5,5,0,0,0,0,369,0,0,0,0,1,0,0,nan,nan,nan,nan,nan,nan,nan
7882,1,5,5,0,0,0,0,369,0,0,0,0,1,0,0,nan,nan,nan,nan,nan,nan,nan
7883,1,5,5,0,0,0,0,369,0,0,0,0,1,0,0,nan,nan,nan,nan,nan,nan,nan
7884,1,5,5,0,0,0,0,369,0,0,0,0,1,0,0,nan,nan,nan,nan,nan,nan,nan
7885,1,5,5,0,0,0,0,370,0,0,0,0,1,0,1,nan,nan,nan,nan,nan,nan,27.14160361614904
7886,1,5,4,1,0,0,0,370,0,0,0,0,1,0,1,nan,nan,13.472461276975082,nan,nan,nan,nan
7887,1,5,4,1,0,0,0,370,0,0,0,0,1,1,0,nan,nan,nan,nan,nan,19.48576301760113,nan
7888,1,5,4,1,0,0,0,370,0,0,0,0,1,1,0,nan,nan,nan,nan,nan,nan,nan
7889,1,5,4,1,0,0,0,370,0,0,0,0,1,1,0,nan,nan,nan,nan,nan,nan,nan
7890,1,4,5,1,0,0,0,370,0,0,0,0,1,1,0,nan,11.630749115211984,nan,nan,nan,nan,nan
7891,1,4,5,1,0,0,0,370,0,0,0,0,1,1,0,nan,nan,nan,nan,nan,nan,nan
7892,1,4,5,1,0,0,0,370,0,0,0,0,1,1,0,nan,nan,nan,nan,nan,nan,nan
7893,1,4,5,1,0,0,0,370,0,0,0,0,1,1,0,nan,nan,nan,nan,nan,nan,nan
7894,1,4,5,1,0,0,0,370,0,0,0,0,1,1,0,nan,nan,nan,nan,nan,nan,nan
7895,1,4,5,1,0,0,0,370,0,0,0,0,1,1,0,nan,nan,nan,nan,nan,nan,nan
7896,1,4,5,1,0,0,0,370,0,0,0,0,1,1,0,nan,nan,nan,nan,nan,nan,nan
7897,1,5,5,0,0,0,0,370,0,0,0,0,0,1,0,25.33667614695878,nan,nan,36.54647996836502,nan,nan,nan
7898,1,5,5,0,0,0,0,370,0,0,0,0,0,1,0,nan,nan,nan,nan,nan,nan,nan
7899,1,5,5,0,0,0,0,370,0,0,0,0,0,1,0,nan,nan,nan,nan,nan,nan,nan
7900,1,5,5,0,0,0,0,370,0,0,0,0,0,1,0,nan,nan,nan,nan,nan,nan,nan
7901,1,5,5,0,0,0,0,370,0,0,0,0,0,1,0,nan,nan,nan,nan,nan,nan,nan
7902,1,5,4,1,0,0,0,370,0,0,0,0,0,1,0,nan,nan,16.150004311380144,nan,nan,nan,nan
7903,1,5,4,1,0,0,0,370,0,0,0,0,0,1,0,nan,nan,nan,nan,nan,nan,nan
7904,1,5,4,1,0,0,0,370,0,0,0,0,0,1,0,nan,nan,nan,nan,nan,nan,nan
7905,1,5,4,1,0,0,0,371,0,0,0,0,0,1,1,nan,nan,nan,nan,nan,nan,19.635346413295338
7906,1,5,4,1,0,0,0,371,0,0,0,0,0,1,1,nan,nan,nan,nan,nan,nan,nan
7907,1,4,5,1,0,0,0,371,0,0,0,0,0,1,1,nan,16.363652377800463,nan,nan,nan,nan,nan
7908,1,4,5,1,0,0,0,371,0,0,0,0,0,1,1,nan,nan,nan,nan,nan,nan,nan
7909,1,4,5,1,0,0,0,371,0,0,0,0,0,1,1,nan,nan,nan,nan,nan,nan,nan
7910,1,4,5,1,0,0,0,371,0,0,0,0,0,1,1,nan,nan,nan,nan,nan,nan,nan
7911,1,4,5,1,0,0,0,371,0,0,0,0,0,1,1,nan,nan,nan,nan,nan,nan,nan
7912,1,4,5,1,0,0,0,371,0,0,0,0,1,0,1,nan,nan,nan,nan,36.374829300734746,nan,nan
7913,1,4,5,1,0,0,0,371,0,0,0,0,1,0,1,nan,nan,nan,nan,nan,nan,nan
7914,1,4,5,1,0,0,0,371,0,0,0,0,1,0,1,nan,nan,nan,nan,nan,nan,nan
7915,1,4,5,1,0,0,0,371,0,0,0,0,1,0,1,nan,nan,nan,nan,nan,nan,nan
7916,1,4,5,1,0,0,0,371,0,0,0,0,1,0,1,nan,nan,nan,nan,nan,nan,nan
7917,1,5,5,1,0,0,0,371,0,0,0,0,1,0,1,19.908093202227064,nan,nan,nan,nan,nan,nan
7918,1,5,5,1,0,0,0,371,0,0,0,0,1,0,1,nan,nan,nan,nan,nan,nan,nan
7919,1,5,5,1,0,0,0,371,0,0,0,0,1,0,1,nan,nan,nan,nan,nan,nan,nan
7920,1,5,5,1,0,0,0,371,0,0,0,0,1,0,1,nan,nan,nan,nan,nan,nan,nan
7921,1,5,5,1,0,0,0,371,0,2,0,0,1,0,1,nan,13.79896221387753,nan,nan,nan,nan,nan
7922,1,5,5,1,0,0,0,371,0,2,0,0,1,0,1,nan,nan,nan,nan,nan,nan,nan
7923,1,4,5,2,0,0,0,371,0,0,0,0,1,0,1,nan,nan,21.001509378974333,nan,nan,nan,nan
7924,1,4,5,2,0,0,0,371,0,0,0,0,1,1,0,nan,nan,nan,nan,nan,36.897262188172135,nan
7925,1,4,5,2,0,0,0,371,0,0,0,0,1,1,0,nan,nan,nan,nan,nan,nan,nan
7926,1,4,5,1,0,0,0,371,0,0,0,0,0,1,0,nan,nan,nan,28.800615766082046,nan,nan,nan
7927,1,4,5,1,0,0,0,371,0,0,0,0,0,1,0,nan,nan,nan,nan,nan,nan,nan
7928,1,4,5,1,0,0,0,371,0,0,0,0,0,1,0,nan,nan,nan,nan,nan,nan,nan
7929,1,4,5,1,0,0,0,371,0,0,0,0,0,1,0,nan,nan,nan,nan,nan,nan,nan
7930,1,4,5,1,0,0,0,371,0,0,0,0,0,1,0,nan,nan,nan,nan,nan,nan,nan
7931,1,4,5,1,0,0,0,371,0,0,0,0,0,1,0,nan,nan,nan,nan,nan,nan,nan
7932,1,4,5,1,0,0,0,371,0,0,0,0,0,1,0,nan,nan,nan,nan,nan,nan,nan
7933,1,4,5,1,0,0,0,371,0,0,0,0,0,1,0,nan,nan,nan,nan,nan,nan,nan
7934,1,4,5,1,0,0,0,372,0,0,0,0,0,1,1,nan,nan,nan,nan,nan,nan,29.478856942000675
7935,1,4,5,1,0,0,0,372,0,0,0,0,0,1,1,nan,nan,nan,nan,nan,nan,nan
7936,1,4,5,1,0,0,0,372,0,0,0,0,0,1,1,nan,nan,nan,nan,nan,nan,nan
7937,1,4,5,1,0,0,0,372,0,0,0,0,1,0,1,nan,nan,nan,nan,25.203249372111713,nan,nan
7938,1,4,5,1,0,0,0,372,0,0,0,0,1,0,1,nan,nan,nan,nan,nan,nan,nan
7939,1,4,5,1,0,0,0,372,0,0,0,0,1,0,1,nan,nan,nan,nan,nan,nan,nan
7940,1,4,5,0,0,0,0,372,0,0,0,0,0,0,1,nan,nan,nan,14.087833480179142,nan,nan,nan
7941,1,4,5,0,0,0,0,372,0,0,0,0,0,0,1,nan,nan,nan,nan,nan,nan,nan
7942,1,4,5,0,0,0,0,372,0,0,0,0,0,0,1,nan,nan,nan,nan,nan,nan,nan
7943,1,4,5,0,0,0,0,372,0,2,0,0,0,0,1,nan,22.387451811426217,nan,nan,nan,nan,nan
7944,1,4,5,0,0,0,0,372,0,2,0,0,0,0,1,nan,nan,nan,nan,nan,nan,nan
7945,1,4,5,0,0,0,0,372,0,2,0,0,0,0,1,nan,nan,nan,nan,nan,nan,nan
7946,1,4,5,0,0,0,0,372,0,2,0,0,0,0,1,nan,nan,nan,nan,nan,nan,nan
7947,1,4,5,0,0,0,0,372,0,2,0,0,0,0,1,nan,nan,nan,nan,nan,nan,nan
7948,1,3,5,1,0,0,0,372,0,0,0,0,0,0,1,nan,nan,25.24486059300125,nan,nan,nan,nan
7949,1,3,5,1,0,0,0,372,0,0,0,0,0,0,1,nan,nan,nan,nan,nan,nan,nan
7950,1,3,5,1,0,0,0,372,0,0,0,0,0,1,0,nan,nan,nan,nan,nan,25.339895377524954,nan
7951,1,3,5,1,0,0,0,372,0,0,0,0,0,1,0,nan,nan,nan,nan,nan,nan,nan
7952,1,4,5,1,0,0,0,372,0,0,0,0,0,1,0,34.522066097206334,nan,nan,nan,nan,nan,nan
7953,1,4,5,1,0,0,0,372,0,0,0,0,0,1,0,nan,nan,nan,nan,nan,nan,nan
7954,1,4,5,1,0,0,0,372,0,0,0,0,0,1,0,nan,nan,nan,nan,nan,nan,nan
7955,1,4,5,1,0,0,0,372,0,0,0,0,0,1,0,nan,nan,nan,nan,nan,nan,nan
7956,1,4,5,1,0,0,0,372,0,0,0,0,1,0,0,nan,nan,nan,nan,19.04742716578312,nan,nan
7957,1,4,5,1,0,0,0,372,0,0,0,0,1,0,0,nan,nan,nan,nan,nan,nan,nan
7958,1,4,5,1,0,0,0,372,0,0,0,0,1,0,0,nan,nan,nan,nan,nan,nan,nan
7959,1,4,5,1,0,0,0,372,0,0,0,0,1,0,0,nan,nan,nan,nan,nan,nan,nan
7960,1,4,5,1,0,0,0,372,0,0,0,0,1,0,0,nan,nan,nan,nan,nan,nan,nan
7961,1,4,5,1,0,0,0,372,0,0,0,0,1,0,0,nan,nan,nan,nan,nan,nan,nan
7962,1,4,5,1,0,0,0,372,0,0,0,0,1,0,0,nan,nan,nan,nan,nan,nan,nan
7963,1,4,5,1,0,0,0,373,0,0,0,0,1,0,1,nan,nan,nan,nan,nan,nan,29.200098383809745
7964,1,4,4,2,0,0,0,373,0,0,0,0,1,0,1,nan,nan,15.793865029800145,nan,nan,nan,nan
7965,1,4,4,2,0,0,0,373,0,0,0,0,1,0,1,nan,nan,nan,nan,nan,nan,nan
7966,1,4,4,2,0,0,0,373,0,0,0,0,1,0,1,nan,nan,nan,nan,nan,nan,nan
7967,1,4,4,2,0,0,0,373,0,0,0,0,1,0,1,nan,nan,nan,nan,nan,nan,nan
7968,1,4,4,1,0,0,0,373,0,0,0,0,0,0,1,nan,nan,nan,27.772559014494618,nan,nan,nan
7969,1,5,4,1,0,0,0,373,0,0,0,0,0,0,1,16.925520250251793,nan,nan,nan,nan,nan,nan
7970,1,5,4,1,0,0,0,373,0,0,0,0,0,0,1,nan,nan,nan,nan,nan,nan,nan
7971,1,5,4,1,0,0,0,373,0,0,0,0,0,0,1,nan,nan,nan,nan,nan,nan,nan
7972,1,5,4,1,0,0,0,373,0,0,0,0,0,0,1,nan,nan,nan,nan,nan,nan,nan
7973,1,5,4,1,0,0,0,373,0,0,0,0,0,0,1,nan,nan,nan,nan,nan,nan,nan
7974,1,5,4,1,0,0,0,373,0,0,0,0,0,0,1,nan,nan,nan,nan,nan,nan,nan
7975,1,5,4,1,0,0,0,373,0,0,0,0,0,0,1,nan,nan,nan,nan,nan,nan,nan
7976,1,5,4,1,0,0,0,373,0,0,0,0,0,0,1,nan,nan,nan,nan,nan,nan,nan
7977,1,5,4,1,0,0,0,373,0,0,0,0,0,0,1,nan,nan,nan,nan,nan,nan,nan
7978,1,5,4,1,0,0,0,373,0,0,0,0,0,0,1,nan,nan,nan,nan,nan,nan,nan
7979,1,5,4,1,0,0,0,373,0,0,0,0,0,0,1,nan,nan,nan,nan,nan,nan,nan
7980,1,5,4,1,0,0,0,373,0,0,0,0,0,0,1,nan,nan,nan,nan,nan,nan,nan
7981,1,5,4,1,0,0,0,373,2,0,0,0,0,0,1,12.623887429165734,nan,nan,nan,nan,nan,nan
7982,1,5,4,1,0,0,0,373,2,0,0,0,0,0,1,nan,nan,nan,nan,nan,nan,nan
7983,1,5,4,1,0,1,0,373,2,0,0,0,1,0,1,nan,nan,nan,nan,26.587063847436184,nan,nan
7984,1,5,4,1,0,1,0,373,2,0,0,0,1,0,1,nan,nan,nan,nan,nan,nan,nan
7985,1,5,4,1,0,0,0,373,2,0,0,0,1,0,0,nan,nan,nan,nan,nan,35.14673495925035,nan
7986,1,5,5,1,0,0,0,373,0,0,0,0,1,0,0,nan,43.24200002323232,nan,nan,nan,nan,nan
7987,1,5,5,1,0,0,0,373,0,0,0,0,1,0,0,nan,nan,nan,nan,nan,nan,nan
7988,1,5,5,1,0,0,0,373,0,0,0,0,1,0,0,nan,nan,nan,nan,nan,nan,nan
7989,1,5,4,2,0,0,0,373,0,0,0,0,1,0,0,nan,nan,24.91628298609612,nan,nan,nan,nan
7990,1,5,4,1,0,0,0,373,0,0,0,0,0,0,0,nan,nan,nan,22.71207601034257,nan,nan,nan
7991,1,5,4,1,0,0,0,373,0,0,0,0,0,0,0,nan,nan,nan,nan,nan,nan,nan
7992,1,5,4,1,0,0,0,373,0,0,0,0,0,0,0,nan,nan,nan,nan,nan,nan,nan
7993,1,5,4,1,0,0,0,373,0,0,0,0,0,0,0,nan,nan,nan,nan,nan,nan,nan
7994,1,5,4,1,0,0,0,373,0,0,0,0,0,0,0,nan,nan,nan,nan,nan,nan,nan
7995,1,5,4,1,0,0,0,373,0,0,0,0,0,0,0,nan,nan,nan,nan,nan,nan,nan
7996,1,5,4,1,0,0,0,373,0,0,0,0,0,0,0,nan,nan,nan,nan,nan,nan,nan
7997,1,5,4,1,0,0,0,374,0,0,0,0,0,0,1,nan,nan,nan,nan,nan,nan,33.146448886988765
7998,1,5,4,1,0,0,0,374,0,0,0,0,0,0,1,nan,nan,nan,nan,nan,nan,nan
7999,1,5,4,1,0,0,0,374,0,0,0,0,0,0,1,nan,nan,nan,nan,nan,nan,nan
8000,1,5,4,1,0,0,0,374,0,0,0,0,0,0,1,nan,nan,nan,nan,nan,nan,nan
8001,1,5,4,1,0,0,0,374,0,0,0,0,0,0,1,nan,nan,nan,nan,nan,nan,nan
8002,1,5,4,1,0,0,0,374,0,0,0,0,0,0,1,nan,nan,nan,nan,nan,nan,nan
8003,1,5,4,1,0,0,0,374,0,0,0,0,0,1,0,nan,nan,nan,nan,nan,18.12264661660447,nan
8004,1,5,4,1,0,0,0,374,2,0,0,0,0,1,0,22.555423716356017,nan,nan,nan,nan,nan,nan
8005,1,5,4,1,0,0,0,374,2,0,0,0,0,1,0,nan,nan,nan,nan,nan,nan,nan
8006,1,5,5,1,0,0,0,374,0,0,0,0,0,1,0,nan,19.65908971213321,nan,nan,nan,nan,nan
8007,1,5,5,0,1,0,0,374,0,0,0,0,0,1,0,nan,nan,nan,16.120048429824237,nan,nan,nan
8008,1,5,5,0,1,0,0,374,0,0,0,0,0,1,0,nan,nan,nan,nan,nan,nan,nan
8009,1,5,5,0,1,0,0,374,0,0,0,0,0,1,0,nan,nan,nan,nan,nan,nan,nan
8010,1,5,5,0,1,0,0,374,0,0,0,0,0,1,0,nan,nan,nan,nan,nan,nan,nan
8011,1,5,4,1,0,0,0,374,0,0,0,0,0,0,0,nan,nan,22.28982545303643,nan,27.736864799448085,nan,nan
8012,1,5,4,1,0,0,0,374,0,0,0,0,0,0,0,nan,nan,nan,nan,nan,nan,nan
8013,1,5,4,1,0,0,0,374,0,0,0,0,0,0,0,nan,nan,nan,nan,nan,nan,nan
8014,1,5,4,1,0,0,0,374,0,0,0,0,0,0,0,nan,nan,nan,nan,nan,nan,nan
8015,1,5,4,1,0,0,0,374,0,0,0,0,0,0,0,nan,nan,nan,nan,nan,nan,nan
8016,1,5,4,1,0,0,0,374,0,0,0,0,0,0,0,nan,nan,nan,nan,nan,nan,nan
8017,1,5,4,1,0,0,0,374,0,0,0,0,0,0,0,nan,nan,nan,nan,nan,nan,nan
8018,1,5,4,1,0,0,0,374,0,0,0,0,0,0,0,nan,nan,nan,nan,nan,nan,nan
8019,1,5,4,1,0,0,0,374,0,0,0,0,0,0,0,nan,nan,nan,nan,nan,nan,nan
8020,1,5,4,1,0,0,0,374,0,0,0,0,0,0,0,nan,nan,nan,nan,nan,nan,nan
8021,1,4,5,1,0,0,0,374,0,0,0,0,0,0,0,nan,14.83935105324872,nan,nan,nan,nan,nan
8022,1,4,5,1,0,0,0,375,0,0,0,0,0,0,1,nan,nan,nan,nan,nan,nan,25.53395677323806
8023,1,4,5,1,0,0,0,375,0,0,0,0,0,0,1,nan,nan,nan,nan,nan,nan,nan
8024,1,4,5,1,0,0,0,375,0,0,0,0,0,1,0,nan,nan,nan,nan,nan,20.837346934062225,nan
8025,1,4,5,1,0,0,0,375,0,0,0,0,0,1,0,nan,nan,nan,nan,nan,nan,nan
8026,1,4,5,1,0,0,0,375,0,0,0,0,0,1,0,nan,nan,nan,nan,nan,nan,nan
8027,1,4,5,1,0,0,0,375,0,0,0,0,0,1,0,nan,nan,nan,nan,nan,nan,nan
8028,1,4,5,0,1,0,0,375,0,0,0,0,0,1,0,nan,nan,nan,21.68809279996094,nan,nan,nan
8029,1,4,5,0,1,0,0,375,0,0,0,0,0,1,0,nan,nan,nan,nan,nan,nan,nan
8030,1,5,5,0,1,0,0,375,0,0,0,0,0,1,0,26.316338022564196,nan,nan,nan,nan,nan,nan
8031,1,5,5,0,1,0,0,375,0,0,0,0,0,1,0,nan,nan,nan,nan,nan,nan,nan
8032,1,5,5,0,0,0,0,375,0,0,0,0,0,0,0,nan,nan,nan,nan,21.037204776706858,nan,nan
8033,1,5,5,0,0,0,0,375,0,0,0,0,0,0,0,nan,nan,nan,nan,nan,nan,nan
8034,1,5,5,0,0,0,0,375,0,0,0,0,0,0,0,nan,nan,nan,nan,nan,nan,nan
8035,1,5,4,1,0,0,0,375,0,0,0,0,0,0,0,nan,nan,24.386019003638467,nan,nan,nan,nan
8036,1,5,4,1,0,0,0,375,0,0,0,0,0,0,0,nan,nan,nan,nan,nan,nan,nan
8037,1,5,4,1,0,0,0,375,0,0,0,0,0,0,0,nan,nan,nan,nan,nan,nan,nan
8038,1,5,4,1,0,0,0,375,0,0,0,0,0,0,0,nan,nan,nan,nan,nan,nan,nan
8039,1,5,4,1,0,0,0,375,0,0,0,0,0,0,0,nan,nan,nan,nan,nan,nan,nan
8040,1,5,4,1,0,0,0,375,0,0,0,0,0,0,0,nan,nan,nan,nan,nan,nan,nan
8041,1,5,4,1,0,0,0,375,0,0,0,0,0,0,0,nan,nan,nan,nan,nan,nan,nan
8042,1,5,4,1,0,0,0,375,0,0,0,0,0,0,0,nan,nan,nan,nan,nan,nan,nan
8043,1,5,5,1,0,0,0,375,0,0,0,0,0,0,0,13.2982037314423,22.571784924202802,nan,nan,nan,nan,nan
8044,1,5,5,1,0,0,0,375,0,0,0,0,0,0,0,nan,nan,nan,nan,nan,nan,nan
8045,1,5,5,1,0,0,0,375,0,0,0,0,0,0,0,nan,nan,nan,nan,nan,nan,nan
8046,1,5,5,1,0,0,0,375,0,0,0,0,0,0,0,nan,nan,nan,nan,nan,nan,nan
8047,1,5,5,1,0,0,0,375,0,0,0,0,0,0,0,nan,nan,nan,nan,nan,nan,nan
8048,1,5,5,1,0,0,0,375,0,0,0,0,0,0,0,nan,nan,nan,nan,nan,nan,nan
8049,1,5,5,0,0,1,0,376,0,0,0,0,0,0,1,nan,nan,nan,21.242261488368058,17.641670877853358,nan,26.991491646957
8050,1,5,5,0,0,1,0,376,0,0,0,0,0,0,1,nan,nan,nan,nan,nan,nan,nan
8051,1,5,5,0,0,1,0,376,0,0,0,0,0,0,1,nan,nan,nan,nan,nan,nan,nan
8052,1,5,5,0,0,1,0,376,0,0,0,0,0,0,1,nan,nan,nan,nan,nan,nan,nan
8053,1,5,5,0,0,1,0,376,0,0,0,0,0,0,1,nan,nan,nan,nan,nan,nan,nan
8054,1,5,4,1,0,1,0,376,0,0,0,0,0,0,1,nan,nan,18.867856126755214,nan,nan,nan,nan
8055,1,5,4,1,0,1,0,376,0,0,0,0,0,0,1,nan,nan,nan,nan,nan,nan,nan
8056,1,5,4,1,0,1,0,376,0,0,0,0,0,0,1,nan,nan,nan,nan,nan,nan,nan
8057,1,5,4,1,0,0,0,376,0,0,0,0,0,0,0,nan,nan,nan,nan,nan,33.799538078324076,nan
8058,1,5,4,1,0,0,0,376,0,0,0,0,0,0,0,nan,nan,nan,nan,nan,nan,nan
8059,1,5,4,1,0,0,0,376,0,0,0,0,0,0,0,nan,nan,nan,nan,nan,nan,nan
8060,1,5,4,1,0,0,0,376,0,0,0,0,0,0,0,nan,nan,nan,nan,nan,nan,nan
8061,1,5,4,1,0,0,0,376,0,0,0,0,0,0,0,nan,nan,nan,nan,nan,nan,nan
8062,1,5,4,1,0,0,0,376,0,0,0,0,0,0,0,nan,nan,nan,nan,nan,nan,nan
8063,1,5,4,1,0,0,0,376,0,0,0,0,0,0,0,nan,nan,nan,nan,nan,nan,nan
8064,1,4,5,1,0,0,0,376,0,0,0,0,0,0,0,nan,20.814585307884954,nan,nan,nan,nan,nan
8065,1,4,5,0,1,0,0,376,0,0,0,0,0,0,0,nan,nan,nan,15.115629337312384,nan,nan,nan
8066,1,4,5,0,1,0,0,376,0,0,0,0,0,0,0,nan,nan,nan,nan,nan,nan,nan
8067,1,4,5,0,1,0,0,376,0,0,0,0,0,0,0,nan,nan,nan,nan,nan,nan,nan
8068,1,4,5,0,1,0,0,376,0,0,0,0,0,0,0,nan,nan,nan,nan,nan,nan,nan
8069,1,4,5,0,1,0,0,376,0,0,0,0,0,0,0,nan,nan,nan,nan,nan,nan,nan
8070,1,5,5,0,0,1,0,376,0,0,0,0,0,0,0,26.521302006135556,nan,nan,nan,20.97769435450664,nan,nan
8071,1,5,5,0,0,1,0,376,0,0,0,0,0,0,0,nan,nan,nan,nan,nan,nan,nan
8072,1,5,5,0,0,1,0,376,0,0,0,0,0,0,0,nan,nan,nan,nan,nan,nan,nan
8073,1,5,5,0,0,1,0,376,0,0,0,0,0,0,0,nan,nan,nan,nan,nan,nan,nan
8074,1,5,5,0,0,1,0,376,0,0,0,0,0,0,0,nan,nan,nan,nan,nan,nan,nan
8075,1,5,5,0,0,1,0,376,0,0,0,0,0,0,0,nan,nan,nan,nan,nan,nan,nan
8076,1,5,5,0,0,1,0,376,0,2,0,0,0,0,0,nan,11.54684478116178,nan,nan,nan,nan,nan
8077,1,5,5,0,0,1,0,376,0,2,0,0,0,0,0,nan,nan,nan,nan,nan,nan,nan
8078,1,5,5,0,0,1,0,376,0,2,0,0,0,0,0,nan,nan,nan,nan,nan,nan,nan
8079,1,5,5,0,0,1,0,376,0,2,0,0,0,0,0,nan,nan,nan,nan,nan,nan,nan
8080,1,5,5,0,0,0,1,376,0,2,0,0,0,0,0,nan,nan,nan,nan,nan,22.993516015028945,nan
8081,1,5,5,0,0,0,1,376,0,2,0,0,0,0,0,nan,nan,nan,nan,nan,nan,nan
8082,1,5,5,0,1,0,1,376,2,2,0,1,0,0,0,12.387444629557649,nan,nan,17.20608762358097,nan,nan,nan
8083,1,5,5,0,1,0,0,377,2,2,0,1,0,0,0,nan,nan,nan,nan,nan,nan,34.18193791877002
8084,1,5,5,0,1,0,0,377,2,2,0,1,0,0,0,nan,nan,nan,nan,nan,nan,nan
8085,1,5,5,0,1,0,0,377,2,2,0,1,0,0,0,nan,nan,nan,nan,nan,nan,nan
8086,1,5,5,0,1,0,0,377,0,0,0,0,0,0,0,nan,nan,31.33639474173924,nan,nan,nan,nan
8087,1,5,5,0,1,0,0,377,0,0,0,0,0,0,0,nan,nan,nan,nan,nan,nan,nan
8088,1,5,5,0,1,0,0,377,0,0,0,0,0,0,0,nan,nan,nan,nan,nan,nan,nan
8089,1,5,5,0,0,1,0,377,0,0,0,0,0,0,0,nan,nan,nan,nan,19.08723463680326,nan,nan
8090,1,5,5,0,0,1,0,377,0,0,0,0,0,0,0,nan,nan,nan,nan,nan,nan,nan
8091,1,5,5,0,0,1,0,377,0,0,0,0,0,0,0,nan,nan,nan,nan,nan,nan,nan
8092,1,5,5,0,0,0,1,377,0,0,0,0,0,0,0,nan,nan,nan,nan,nan,11.483488701144779,nan
8093,1,5,5,0,0,0,1,377,0,0,0,0,0,0,0,nan,nan,nan,nan,nan,nan,nan
8094,1,5,5,0,0,0,1,377,0,0,0,0,0,0,0,nan,nan,nan,nan,nan,nan,nan
8095,1,5,5,0,0,0,0,378,0,0,0,0,0,0,0,nan,nan,nan,nan,nan,nan,12.131372970557095
8096,1,5,5,0,0,0,0,378,0,0,0,0,0,0,0,nan,nan,nan,nan,nan,nan,nan
8097,1,5,5,0,0,0,0,378,0,0,0,0,0,0,0,nan,nan,nan,nan,nan,nan,nan
8098,1,5,5,0,0,0,0,378,0,0,0,0,0,0,0,nan,nan,nan,nan,nan,nan,nan
8099,1,5,4,1,0,0,0,378,0,0,0,0,0,0,0,nan,nan,13.779575322785604,nan,nan,nan,nan
8100,1,5,4,1,0,0,0,378,0,0,0,0,0,0,0,nan,nan,nan,nan,nan,nan,nan
8101,1,5,4,1,0,0,0,378,0,0,0,0,0,0,0,nan,nan,nan,nan,nan,nan,nan
8102,1,5,4,1,0,0,0,378,2,0,0,0,0,0,0,20.197885506607236,nan,nan,nan,nan,nan,nan
8103,1,5,4,1,0,0,1,378,2,0,0,0,0,1,0,nan,nan,nan,nan,nan,11.389833970759355,nan
8104,1,5,5,0,1,0,1,378,0,0,0,0,0,1,0,nan,27.839157042466468,nan,22.444692403015324,nan,nan,nan
8105,1,5,5,0,1,0,1,378,0,0,0,0,0,1,0,nan,nan,nan,nan,nan,nan,nan
8106,1,5,5,0,1,0,0,379,0,0,0,0,0,1,0,nan,nan,nan,nan,nan,nan,11.029283392749676
8107,1,5,5,0,1,0,0,379,0,0,0,0,0,1,0,nan,nan,nan,nan,nan,nan,nan
8108,1,5,5,0,1,0,0,379,0,0,0,0,0,1,0,nan,nan,nan,nan,nan,nan,nan
8109,1,5,5,0,1,0,0,379,0,0,0,0,0,1,0,nan,nan,nan,nan,nan,nan,nan
8110,1,5,5,0,1,0,0,379,0,0,0,0,0,1,0,nan,nan,nan,nan,nan,nan,nan
8111,1,5,5,0,1,0,0,379,0,0,0,0,0,1,0,nan,nan,nan,nan,nan,nan,nan
8112,1,5,5,0,1,0,0,379,0,0,0,0,0,1,0,nan,nan,nan,nan,nan,nan,nan
8113,1,5,5,0,1,0,0,379,0,0,0,0,0,1,0,nan,nan,nan,nan,nan,nan,nan
8114,1,5,5,0,1,0,0,379,0,0,0,0,0,1,0,nan,nan,nan,nan,nan,nan,nan
8115,1,5,5,0,0,0,0,379,0,2,0,0,0,0,0,nan,11.964952495769467,nan,nan,25.244915386624598,nan,nan
8116,1,5,5,0,0,0,0,379,0,2,0,0,0,0,0,nan,nan,nan,nan,nan,nan,nan
8117,1,5,5,0,1,0,0,379,0,2,0,1,0,0,0,nan,nan,nan,12.994055629521426,nan,nan,nan
8118,1,5,5,0,1,0,0,379,2,2,0,1,0,0,0,15.965293412801657,nan,nan,nan,nan,nan,nan
8119,1,5,5,0,1,0,0,379,2,2,0,1,0,0,0,nan,nan,nan,nan,nan,nan,nan
8120,1,5,5,0,1,0,0,379,2,2,0,1,0,0,0,nan,nan,nan,nan,nan,nan,nan
8121,1,5,5,0,1,0,0,379,2,2,0,1,0,0,0,nan,nan,nan,nan,nan,nan,nan
8122,1,5,5,0,1,0,0,380,2,2,0,1,0,0,1,nan,nan,nan,nan,nan,nan,15.614552414963327
8123,1,5,5,0,1,0,0,380,2,2,0,1,0,0,1,nan,nan,nan,nan,nan,nan,nan
8124,1,5,5,0,1,0,0,380,2,2,0,1,0,0,1,nan,nan,nan,nan,nan,nan,nan
8125,1,5,5,0,1,0,0,380,0,0,0,0,0,0,1,nan,nan,25.196922108086255,nan,nan,nan,nan
8126,1,5,5,0,1,0,0,380,0,0,0,0,0,0,1,nan,nan,nan,nan,nan,nan,nan
8127,1,5,5,0,1,0,0,380,0,0,0,0,0,0,1,nan,nan,nan,nan,nan,nan,nan
8128,1,5,5,0,1,0,0,380,0,0,0,0,0,1,0,nan,nan,nan,nan,nan,24.93263739388658,nan
8129,1,5,5,0,1,0,0,380,0,0,0,0,0,1,0,nan,nan,nan,nan,nan,nan,nan
8130,1,5,5,0,1,0,0,380,0,0,0,0,0,1,0,nan,nan,nan,nan,nan,nan,nan
8131,1,5,5,0,1,0,0,380,0,0,0,0,0,1,0,nan,nan,nan,nan,nan,nan,nan
8132,1,5,5,0,1,0,0,380,0,0,0,0,0,1,0,nan,nan,nan,nan,nan,nan,nan
8133,1,5,5,0,0,0,0,380,0,0,0,0,0,0,0,nan,nan,nan,nan,18.174598674157096,nan,nan
8134,1,5,5,0,0,0,0,380,0,0,0,0,0,0,0,nan,nan,nan,nan,nan,nan,nan
8135,1,5,5,0,0,0,0,380,0,0,0,0,0,0,0,nan,nan,nan,nan,nan,nan,nan
8136,1,5,5,0,0,0,0,380,0,0,0,0,0,0,0,nan,nan,nan,nan,nan,nan,nan
8137,1,5,5,0,0,0,0,380,0,0,0,0,0,0,0,nan,nan,nan,nan,nan,nan,nan
8138,1,5,5,0,0,0,0,380,0,0,0,0,0,0,0,nan,nan,nan,nan,nan,nan,nan
8139,1,5,5,0,0,0,0,380,0,0,0,0,0,0,0,nan,nan,nan,nan,nan,nan,nan
8140,1,5,4,1,0,0,0,381,0,0,0,0,0,0,1,nan,nan,15.225189444682655,nan,nan,nan,17.835268844774873
8141,1,5,4,0,1,0,0,381,0,0,0,0,0,0,1,nan,nan,nan,23.353972327337942,nan,nan,nan
8142,1,5,4,0,1,0,0,381,0,0,0,0,0,0,1,nan,nan,nan,nan,nan,nan,nan
8143,1,5,4,0,1,0,0,381,0,0,0,0,0,0,1,nan,nan,nan,nan,nan,nan,nan
8144,1,5,4,0,1,0,0,381,0,0,0,0,0,0,1,nan,nan,nan,nan,nan,nan,nan
8145,1,4,5,0,1,0,0,381,0,0,0,0,0,0,1,nan,29.2484527277511,nan,nan,nan,nan,nan
8146,1,4,5,0,1,0,0,381,0,0,0,0,0,0,1,nan,nan,nan,nan,nan,nan,nan
8147,1,4,5,0,1,0,0,381,0,0,0,0,0,0,1,nan,nan,nan,nan,nan,nan,nan
8148,1,4,5,0,1,0,0,381,0,0,0,0,0,1,0,nan,nan,nan,nan,nan,19.362921299362824,nan
8149,1,4,5,0,1,0,0,381,0,0,0,0,0,1,0,nan,nan,nan,nan,nan,nan,nan
8150,1,4,5,0,1,0,0,381,0,0,0,0,0,1,0,nan,nan,nan,nan,nan,nan,nan
8151,1,4,5,0,1,0,0,381,0,0,0,0,0,1,0,nan,nan,nan,nan,nan,nan,nan
8152,1,5,5,0,1,0,0,381,0,0,0,0,0,1,0,33.710995940351495,nan,nan,nan,nan,nan,nan
8153,1,5,5,0,2,0,0,381,0,0,0,1,0,1,0,nan,nan,nan,12.823876396591004,nan,nan,nan
8154,1,5,5,0,2,0,0,381,0,0,0,1,0,1,0,nan,nan,nan,nan,nan,nan,nan
8155,1,5,5,0,2,0,0,381,0,0,0,1,0,1,0,nan,nan,nan,nan,nan,nan,nan
8156,1,5,5,0,2,0,0,381,0,0,0,1,0,1,0,nan,nan,nan,nan,nan,nan,nan
8157,1,5,5,0,2,0,0,381,0,0,0,1,0,1,0,nan,nan,nan,nan,nan,nan,nan
8158,1,5,5,0,2,0,0,381,0,0,0,1,0,1,0,nan,nan,nan,nan,nan,nan,nan
8159,1,5,5,0,2,0,0,381,0,2,0,1,0,1,0,nan,14.4786640362845,nan,nan,nan,nan,nan
8160,1,4,5,0,2,0,0,381,0,0,0,0,0,1,0,nan,nan,19.77700898328112,nan,nan,nan,nan
8161,1,4,5,0,2,0,0,381,0,0,0,0,0,1,0,nan,nan,nan,nan,nan,nan,nan
8162,1,4,5,0,2,0,0,381,0,0,0,0,0,1,0,nan,nan,nan,nan,nan,nan,nan
8163,1,4,5,0,1,0,0,381,0,0,0,0,0,0,0,nan,nan,nan,nan,29.855827310268978,nan,nan
8164,1,4,5,0,1,0,0,381,0,0,0,0,0,0,0,nan,nan,nan,nan,nan,nan,nan
8165,1,4,5,0,1,0,0,381,0,0,0,0,0,0,0,nan,nan,nan,nan,nan,nan,nan
8166,1,4,5,0,1,0,0,381,0,0,0,0,0,0,0,nan,nan,nan,nan,nan,nan,nan
8167,1,4,5,0,1,0,0,381,0,0,0,0,0,0,0,nan,nan,nan,nan,nan,nan,nan
8168,1,4,5,0,1,0,0,381,0,0,0,0,0,0,0,nan,nan,nan,nan,nan,nan,nan
8169,1,4,5,0,1,0,0,381,0,0,0,0,0,0,0,nan,nan,nan,nan,nan,nan,nan
8170,1,4,5,0,2,0,0,381,0,0,0,1,0,0,0,nan,nan,nan,16.627648345014677,nan,nan,nan
8171,1,4,4,0,2,0,0,381,0,0,0,0,0,0,0,nan,nan,11.631374778858117,nan,nan,nan,nan
8172,1,4,4,0,2,0,0,381,0,0,0,0,0,0,0,nan,nan,nan,nan,nan,nan,nan
8173,1,3,5,0,2,0,0,381,0,0,0,0,0,0,0,nan,13.846152801354947,nan,nan,nan,nan,nan
8174,1,3,5,0,2,0,0,381,0,0,0,0,0,0,0,nan,nan,nan,nan,nan,nan,nan
8175,1,3,5,0,2,0,0,382,0,0,0,0,0,0,1,nan,nan,nan,nan,nan,nan,34.890539692112725
8176,1,3,5,0,1,1,0,382,0,0,0,0,0,0,1,nan,nan,nan,nan,13.283543982433002,nan,nan
8177,1,3,5,0,1,1,0,382,0,0,0,0,0,0,1,nan,nan,nan,nan,nan,nan,nan
8178,1,3,5,0,1,1,0,382,0,0,0,0,0,0,1,nan,nan,nan,nan,nan,nan,nan
8179,1,3,5,0,1,1,0,382,0,0,0,0,0,0,1,nan,nan,nan,nan,nan,nan,nan
8180,1,4,5,0,1,1,0,382,0,0,0,0,0,0,1,28.254215217782075,nan,nan,nan,nan,nan,nan
8181,1,4,5,0,1,1,0,382,0,0,0,0,0,0,1,nan,nan,nan,nan,nan,nan,nan
8182,1,4,5,0,1,1,0,382,0,0,0,0,0,0,1,nan,nan,nan,nan,nan,nan,nan
8183,1,4,5,0,1,1,0,382,0,0,0,0,0,0,1,nan,nan,nan,nan,nan,nan,nan
8184,1,4,5,0,1,1,0,382,0,0,0,0,0,0,1,nan,nan,nan,nan,nan,nan,nan
8185,1,4,5,0,1,1,0,382,0,0,0,0,0,0,1,nan,nan,nan,nan,nan,nan,nan
8186,1,4,5,0,1,0,0,382,0,0,0,0,0,0,0,nan,nan,nan,nan,nan,38.193639113468635,nan
8187,1,4,5,0,1,0,0,382,0,0,0,0,0,0,0,nan,nan,nan,nan,nan,nan,nan
8188,1,4,5,0,1,0,0,382,0,2,0,0,0,0,0,nan,15.030899839066478,nan,nan,nan,nan,nan
8189,1,4,5,0,1,0,0,382,0,2,0,0,0,0,0,nan,nan,nan,nan,nan,nan,nan
8190,1,4,5,0,1,0,0,382,0,2,0,0,0,0,0,nan,nan,nan,nan,nan,nan,nan
8191,1,4,5,0,1,0,0,382,0,2,0,0,0,0,0,nan,nan,nan,nan,nan,nan,nan
8192,1,4,5,0,1,0,0,382,0,2,0,0,0,0,0,nan,nan,nan,nan,nan,nan,nan
8193,1,4,5,0,1,0,0,382,0,2,0,0,0,0,0,nan,nan,nan,nan,nan,nan,nan
8194,1,4,5,0,1,0,0,382,0,2,0,0,0,0,0,nan,nan,nan,nan,nan,nan,nan
8195,1,4,5,0,2,0,0,382,0,2,0,1,0,0,0,nan,nan,nan,24.76540973283045,nan,nan,nan
8196,1,4,5,0,2,0,0,382,0,0,0,0,0,0,0,15.502779862318675,nan,25.170401361629047,nan,nan,nan,nan
8197,1,4,5,0,2,0,0,382,0,0,0,0,0,0,0,nan,nan,nan,nan,nan,nan,nan
8198,1,4,5,0,2,0,0,382,0,0,0,0,0,0,0,nan,nan,nan,nan,nan,nan,nan
8199,1,4,5,0,2,0,0,382,0,0,0,0,0,0,0,nan,nan,nan,nan,nan,nan,nan
8200,1,4,5,0,2,0,0,382,0,0,0,0,0,0,0,nan,nan,nan,nan,nan,nan,nan
8201,1,4,5,0,2,0,0,382,0,0,0,0,0,0,0,nan,nan,nan,nan,nan,nan,nan
8202,1,4,5,0,2,0,0,383,0,0,0,0,0,0,1,nan,nan,nan,nan,nan,nan,27.505772446256742
8203,1,4,5,0,2,0,0,383,0,0,0,0,0,1,0,nan,nan,nan,nan,nan,17.366431339624796,nan
8204,1,4,5,0,2,0,0,383,0,0,0,0,0,1,0,nan,nan,nan,nan,nan,nan,nan
8205,1,4,5,0,2,0,0,383,0,0,0,0,0,1,0,nan,nan,nan,nan,nan,nan,nan
8206,1,4,5,0,2,0,0,383,0,0,0,0,0,1,0,nan,nan,nan,nan,nan,nan,nan
8207,1,4,5,0,2,0,0,383,0,0,0,0,0,1,0,nan,nan,nan,nan,nan,nan,nan
8208,1,4,5,0,2,0,0,383,0,0,0,0,0,1,0,nan,nan,nan,nan,nan,nan,nan
8209,1,4,5,0,1,0,0,383,0,0,0,0,0,0,0,nan,nan,nan,nan,33.35404099073912,nan,nan
8210,1,4,5,0,1,0,0,383,0,0,0,0,0,0,0,nan,nan,nan,nan,nan,nan,nan
8211,1,4,5,0,1,0,0,383,0,0,0,0,0,0,0,nan,nan,nan,nan,nan,nan,nan
8212,1,4,5,0,1,0,0,383,0,0,0,0,0,0,0,nan,nan,nan,nan,nan,nan,nan
8213,1,4,5,0,1,0,0,383,0,2,0,0,0,0,0,nan,25.186432763210178,nan,nan,nan,nan,nan
8214,1,5,5,0,1,0,0,384,0,2,0,0,0,0,1,18.40425251726083,nan,nan,nan,nan,nan,12.086768061397379
8215,1,5,5,0,1,0,0,384,0,2,0,0,0,0,1,nan,nan,nan,nan,nan,nan,nan
8216,1,5,5,0,1,0,0,384,0,2,0,0,0,0,1,nan,nan,nan,nan,nan,nan,nan
8217,1,5,5,0,1,0,0,384,0,2,0,0,0,0,1,nan,nan,nan,nan,nan,nan,nan
8218,1,5,5,0,2,0,0,384,0,2,0,1,0,0,1,nan,nan,nan,23.627671930535143,nan,nan,nan
8219,1,5,5,0,2,0,0,384,0,2,0,1,0,0,1,nan,nan,nan,nan,nan,nan,nan
8220,1,5,5,0,2,0,0,384,0,2,0,1,0,0,1,nan,nan,nan,nan,nan,nan,nan
8221,1,5,5,0,2,0,0,384,0,2,0,1,0,0,1,nan,nan,nan,nan,nan,nan,nan
8222,1,5,5,0,1,1,0,384,0,2,0,1,0,0,1,nan,nan,nan,nan,13.113799196957189,nan,nan
8223,1,5,5,0,1,1,0,384,0,2,0,1,0,0,1,nan,nan,nan,nan,nan,nan,nan
8224,1,5,5,0,1,1,0,384,0,2,0,1,0,0,1,nan,nan,nan,nan,nan,nan,nan
8225,1,5,5,0,1,1,0,384,0,2,0,1,0,0,1,nan,nan,nan,nan,nan,nan,nan
8226,1,5,5,0,1,1,0,384,0,2,0,1,0,0,1,nan,nan,nan,nan,nan,nan,nan
8227,1,4,5,0,1,1,0,384,0,0,0,0,0,0,1,nan,nan,30.4898038096635,nan,nan,nan,nan
8228,1,4,5,0,1,1,0,384,0,0,0,0,0,0,1,nan,nan,nan,nan,nan,nan,nan
8229,1,4,5,0,1,1,0,384,0,0,0,0,0,0,1,nan,nan,nan,nan,nan,nan,nan
8230,1,4,5,0,1,1,0,384,0,0,0,0,0,0,1,nan,nan,nan,nan,nan,nan,nan
8231,1,4,5,0,1,1,0,384,0,0,0,0,0,0,1,nan,nan,nan,nan,nan,nan,nan
8232,1,4,5,0,1,0,0,384,0,0,0,0,0,0,0,nan,nan,nan,nan,nan,29.250008983424777,nan
8233,1,4,5,0,1,0,0,384,0,0,0,0,0,0,0,nan,nan,nan,nan,nan,nan,nan
8234,1,4,5,0,1,0,0,384,0,0,0,0,0,0,0,nan,nan,nan,nan,nan,nan,nan
8235,1,4,5,0,1,0,0,384,0,0,0,0,0,0,0,nan,nan,nan,nan,nan,nan,nan
8236,1,4,5,0,1,0,0,384,0,0,0,0,0,0,0,nan,nan,nan,nan,nan,nan,nan
8237,1,4,5,0,1,0,0,384,0,0,0,0,0,0,0,nan,nan,nan,nan,nan,nan,nan
8238,1,4,5,0,1,0,0,384,0,0,0,0,0,0,0,nan,nan,nan,nan,nan,nan,nan
8239,1,4,5,0,1,0,0,384,0,0,0,0,0,0,0,nan,nan,nan,nan,nan,nan,nan
8240,1,4,5,0,1,0,0,384,0,0,0,0,0,0,0,nan,nan,nan,nan,nan,nan,nan
8241,1,4,5,0,1,0,0,384,0,0,0,0,0,0,0,nan,nan,nan,nan,nan,nan,nan
8242,1,4,5,0,2,0,0,384,0,0,0,1,0,0,0,nan,nan,nan,23.959488197438986,nan,nan,nan
8243,1,5,5,0,2,0,0,385,0,0,0,1,0,0,1,28.523742600335027,nan,nan,nan,nan,nan,29.007580670018797
8244,1,5,5,0,2,0,0,385,0,0,0,1,0,0,1,nan,nan,nan,nan,nan,nan,nan
8245,1,5,5,0,1,1,0,385,0,0,0,1,0,0,1,nan,nan,nan,nan,22.21405728239006,nan,nan
8246,1,5,5,0,1,1,0,385,0,0,0,1,0,0,1,nan,nan,nan,nan,nan,nan,nan
8247,1,5,5,0,1,1,0,385,0,0,0,1,0,0,1,nan,nan,nan,nan,nan,nan,nan
8248,1,5,5,0,1,0,0,385,0,0,0,1,0,0,0,nan,nan,nan,nan,nan,15.7601636852105,nan
8249,1,5,4,0,1,0,0,385,0,0,0,0,0,0,0,nan,nan,22.160276957529277,nan,nan,nan,nan
8250,1,5,4,0,1,0,0,385,0,0,0,0,0,0,0,nan,nan,nan,nan,nan,nan,nan
8251,1,4,5,0,1,0,0,385,0,0,0,0,0,0,0,nan,37.786052199642654,nan,nan,nan,nan,nan
8252,1,4,5,0,1,0,0,385,0,0,0,0,0,0,0,nan,nan,nan,nan,nan,nan,nan
8253,1,4,5,0,1,0,0,385,0,0,0,0,0,0,0,nan,nan,nan,nan,nan,nan,nan
8254,1,4,5,0,1,0,0,385,0,0,0,0,0,0,0,nan,nan,nan,nan,nan,nan,nan
8255,1,4,5,0,1,0,0,385,0,0,0,0,0,0,0,nan,nan,nan,nan,nan,nan,nan
8256,1,4,5,0,1,0,0,385,0,0,0,0,0,0,0,nan,nan,nan,nan,nan,nan,nan
8257,1,4,5,0,1,0,0,385,0,0,0,0,0,0,0,nan,nan,nan,nan,nan,nan,nan
8258,1,4,5,0,2,0,0,385,0,0,0,1,0,0,0,nan,nan,nan,15.905350699278642,nan,nan,nan
8259,1,4,5,0,2,0,0,385,0,0,0,1,0,0,0,nan,nan,nan,nan,nan,nan,nan
8260,1,5,5,0,2,0,0,385,0,0,0,1,0,0,0,16.732117082590776,nan,nan,nan,nan,nan,nan
8261,1,5,5,0,1,1,0,385,0,0,0,1,0,0,0,nan,nan,nan,nan,16.417707426462584,nan,nan
8262,1,5,5,0,1,1,0,385,0,2,0,1,0,0,0,nan,11.114509126307894,nan,nan,nan,nan,nan
8263,1,5,5,0,1,1,0,385,0,2,0,1,0,0,0,nan,nan,nan,nan,nan,nan,nan
8264,1,5,5,0,1,1,0,386,0,2,0,1,0,0,1,nan,nan,nan,nan,nan,nan,20.602210700848445
8265,1,5,5,0,1,0,0,386,0,2,0,1,0,0,0,nan,nan,nan,nan,nan,16.848093600048742,nan
8266,1,5,5,0,1,0,0,386,0,2,0,1,0,0,0,nan,nan,nan,nan,nan,nan,nan
8267,1,5,5,0,1,0,0,386,0,2,0,1,0,0,0,nan,nan,nan,nan,nan,nan,nan
8268,1,5,5,0,1,0,0,386,0,2,0,1,0,0,0,nan,nan,nan,nan,nan,nan,nan
8269,1,5,5,0,1,0,0,386,0,2,0,1,0,0,0,nan,nan,nan,nan,nan,nan,nan
8270,1,5,5,0,1,0,0,386,0,2,0,1,0,0,0,nan,nan,nan,nan,nan,nan,nan
8271,1,5,5,0,1,0,0,386,0,2,0,1,0,0,0,nan,nan,nan,nan,nan,nan,nan
8272,1,4,5,0,1,0,0,386,0,0,0,0,0,0,0,nan,nan,22.947807307215044,nan,nan,nan,nan
8273,1,4,5,0,1,0,0,386,0,0,0,0,0,0,0,nan,nan,nan,nan,nan,nan,nan
8274,1,4,5,0,1,0,0,386,0,0,0,0,0,0,0,nan,nan,nan,nan,nan,nan,nan
8275,1,4,5,0,1,0,0,386,0,0,0,0,0,0,0,nan,nan,nan,nan,nan,nan,nan
8276,1,4,5,0,1,0,1,386,0,0,0,0,0,1,0,nan,nan,nan,nan,nan,10.721827489347561,nan
8277,1,4,5,0,1,0,1,386,0,0,0,0,0,1,0,nan,nan,nan,nan,nan,nan,nan
8278,1,4,5,0,1,0,1,386,0,0,0,0,0,1,0,nan,nan,nan,nan,nan,nan,nan
8279,1,5,5,0,1,0,1,386,0,0,0,0,0,1,0,19.571233467580896,nan,nan,nan,nan,nan,nan
8280,1,5,5,0,0,0,1,386,0,0,0,0,0,0,0,nan,nan,nan,nan,19.438895533859977,nan,nan
8281,1,5,5,0,0,0,1,386,0,0,0,0,0,0,0,nan,nan,nan,nan,nan,nan,nan
8282,1,5,5,0,0,0,0,387,0,0,0,0,0,0,0,nan,nan,nan,nan,nan,nan,18.51699240402013
8283,1,5,4,1,0,0,0,387,0,0,0,0,0,0,0,nan,nan,11.26736314223308,nan,nan,nan,nan
8284,1,5,4,1,0,0,0,387,0,0,0,0,0,0,0,nan,nan,nan,nan,nan,nan,nan
8285,1,4,5,1,0,0,0,387,0,0,0,0,0,0,0,nan,23.240336425746136,nan,nan,nan,nan,nan
8286,1,4,5,1,0,0,0,387,0,0,0,0,0,0,0,nan,nan,nan,nan,nan,nan,nan
8287,1,4,5,1,0,0,0,387,0,0,0,0,0,0,0,nan,nan,nan,nan,nan,nan,nan
8288,1,4,5,0,1,0,0,387,0,0,0,0,0,0,0,nan,nan,nan,30.030210330329282,nan,nan,nan
8289,1,4,5,0,1,0,0,387,0,0,0,0,0,0,0,nan,nan,nan,nan,nan,nan,nan
8290,1,4,5,0,1,0,0,387,0,0,0,0,0,0,0,nan,nan,nan,nan,nan,nan,nan
8291,1,4,5,0,1,0,0,387,0,0,0,0,0,0,0,nan,nan,nan,nan,nan,nan,nan
8292,1,4,5,0,1,0,0,387,0,0,0,0,0,0,0,nan,nan,nan,nan,nan,nan,nan
8293,1,4,5,0,1,0,0,387,0,0,0,0,0,0,0,nan,nan,nan,nan,nan,nan,nan
8294,1,4,5,0,1,0,0,387,0,0,0,0,0,0,0,nan,nan,nan,nan,nan,nan,nan
8295,1,4,5,0,1,0,0,387,0,0,0,0,0,0,0,nan,nan,nan,nan,nan,nan,nan
8296,1,5,5,0,1,0,0,387,0,0,0,0,0,0,0,16.619659851396136,nan,nan,nan,nan,nan,nan
8297,1,5,4,1,1,0,0,387,0,0,0,0,0,0,0,nan,nan,14.140573967508317,nan,nan,nan,nan
8298,1,5,4,1,0,1,0,387,0,0,0,0,0,0,0,nan,nan,nan,nan,17.298369047210144,nan,nan
8299,1,5,4,1,0,0,1,387,0,0,0,0,0,0,0,nan,nan,nan,nan,nan,23.615243422691492,nan
8300,1,4,5,1,0,0,1,387,0,0,0,0,0,0,0,nan,14.286225075788025,nan,nan,nan,nan,nan
8301,1,4,5,1,0,0,1,387,0,0,0,0,0,0,0,nan,nan,nan,nan,nan,nan,nan
8302,1,4,5,1,0,0,1,387,0,0,0,0,0,0,0,nan,nan,nan,nan,nan,nan,nan
8303,1,4,5,1,0,0,1,387,0,0,0,0,0,0,0,nan,nan,nan,nan,nan,nan,nan
8304,1,4,5,1,0,0,0,388,0,0,0,0,0,0,0,nan,nan,nan,nan,nan,nan,21.671349818599992
8305,1,4,5,1,0,0,0,388,0,0,0,0,0,0,0,nan,nan,nan,nan,nan,nan,nan
8306,1,4,5,1,0,0,0,388,0,0,0,0,0,0,0,nan,nan,nan,nan,nan,nan,nan
8307,1,4,5,1,0,0,0,388,0,0,0,0,0,0,0,nan,nan,nan,nan,nan,nan,nan
8308,1,4,5,1,0,0,0,388,0,0,0,0,0,0,0,nan,nan,nan,nan,nan,nan,nan
8309,1,4,5,1,0,0,1,388,0,0,0,0,0,1,0,nan,nan,nan,nan,nan,9.707707571986248,nan
8310,1,4,5,1,0,0,1,388,0,0,0,0,0,1,0,nan,nan,nan,nan,nan,nan,nan
8311,1,4,5,1,0,0,1,388,0,0,0,0,0,1,0,nan,nan,nan,nan,nan,nan,nan
8312,1,4,5,1,0,0,1,388,0,0,0,0,0,1,0,nan,nan,nan,nan,nan,nan,nan
8313,1,4,5,1,0,0,1,388,0,0,0,0,0,1,0,nan,nan,nan,nan,nan,nan,nan
8314,1,4,5,0,1,0,1,388,0,0,0,0,0,1,0,nan,nan,nan,25.858712162786105,nan,nan,nan
8315,1,4,5,0,1,0,1,388,0,0,0,0,0,1,0,nan,nan,nan,nan,nan,nan,nan
8316,1,4,5,0,1,0,1,388,0,0,0,0,0,1,0,nan,nan,nan,nan,nan,nan,nan
8317,1,5,4,1,1,0,1,388,0,0,0,0,0,1,0,21.104509191216493,nan,19.837776605883846,nan,nan,nan,nan
8318,1,5,4,1,0,0,1,388,0,0,0,0,0,0,0,nan,nan,nan,nan,20.514113819092017,nan,nan
8319,1,5,4,1,0,0,1,388,0,0,0,0,0,0,0,nan,nan,nan,nan,nan,nan,nan
8320,1,4,5,1,0,0,1,388,0,0,0,0,0,0,0,nan,20.103347572026905,nan,nan,nan,nan,nan
8321,1,4,5,1,0,0,1,388,0,0,0,0,0,0,0,nan,nan,nan,nan,nan,nan,nan
8322,1,4,5,1,0,0,1,388,0,0,0,0,0,0,0,nan,nan,nan,nan,nan,nan,nan
8323,1,4,5,1,0,0,1,388,0,0,0,0,0,0,0,nan,nan,nan,nan,nan,nan,nan
8324,1,4,5,1,0,0,1,388,0,0,0,0,0,0,0,nan,nan,nan,nan,nan,nan,nan
8325,1,4,5,1,0,0,1,388,0,0,0,0,0,0,0,nan,nan,nan,nan,nan,nan,nan
8326,1,4,5,1,0,0,1,388,0,0,0,0,0,0,0,nan,nan,nan,nan,nan,nan,nan
8327,1,4,5,0,1,0,1,388,0,0,0,0,0,0,0,nan,nan,nan,13.168987465554892,nan,nan,nan
8328,1,4,5,0,0,1,1,388,0,0,0,0,0,0,0,nan,nan,nan,nan,10.061476994616896,nan,nan
8329,1,4,5,0,0,1,1,388,0,0,0,0,0,0,0,nan,nan,nan,nan,nan,nan,nan
8330,1,5,5,0,0,1,1,388,0,0,0,0,0,0,0,13.126387324458847,nan,nan,nan,nan,nan,nan
8331,1,5,5,0,0,1,1,388,0,0,0,0,0,0,0,nan,nan,nan,nan,nan,nan,nan
8332,1,5,5,0,0,0,2,388,0,2,0,0,0,0,0,nan,11.843606338657992,nan,nan,nan,23.315405246730734,nan
8333,1,5,5,0,0,0,2,388,0,2,0,0,0,0,0,nan,nan,nan,nan,nan,nan,nan
8334,1,5,5,0,0,0,1,389,0,2,0,0,0,0,0,nan,nan,nan,nan,nan,nan,29.5967553868486
8335,1,5,5,0,0,0,1,389,0,2,0,0,0,0,0,nan,nan,nan,nan,nan,nan,nan
8336,1,5,5,0,0,0,1,389,0,2,0,0,0,0,0,nan,nan,nan,nan,nan,nan,nan
8337,1,5,5,0,0,0,1,389,0,2,0,0,0,0,0,nan,nan,nan,nan,nan,nan,nan
8338,1,5,5,0,0,0,1,389,0,2,0,0,0,0,0,nan,nan,nan,nan,nan,nan,nan
8339,1,5,5,0,0,0,1,389,0,2,0,0,0,0,0,nan,nan,nan,nan,nan,nan,nan
8340,1,5,5,0,0,0,1,389,0,2,0,0,0,0,0,nan,nan,nan,nan,nan,nan,nan
8341,1,5,5,0,1,0,1,389,2,2,0,1,0,0,0,10.860221463051857,nan,nan,13.705670092169385,nan,nan,nan
8342,1,5,5,0,1,0,1,389,2,2,0,1,0,0,0,nan,nan,nan,nan,nan,nan,nan
8343,1,5,5,0,1,0,1,389,2,2,0,1,0,0,0,nan,nan,nan,nan,nan,nan,nan
8344,1,5,5,0,1,0,1,389,2,2,0,1,0,0,0,nan,nan,nan,nan,nan,nan,nan
8345,1,5,5,0,1,0,1,389,2,2,0,1,0,0,0,nan,nan,nan,nan,nan,nan,nan
8346,1,5,5,0,1,0,0,390,2,2,0,1,0,0,0,nan,nan,nan,nan,nan,nan,11.761222006469325
8347,1,5,5,0,1,0,0,390,2,2,0,1,0,0,0,nan,nan,nan,nan,nan,nan,nan
8348,1,5,5,0,1,0,0,390,0,0,0,0,0,0,0,nan,nan,30.550894962123493,nan,nan,nan,nan
8349,1,5,5,0,1,0,0,390,0,0,0,0,0,0,0,nan,nan,nan,nan,nan,nan,nan
8350,1,5,5,0,1,0,0,390,0,0,0,0,0,0,0,nan,nan,nan,nan,nan,nan,nan
8351,1,5,5,0,1,0,0,390,0,0,0,0,0,0,0,nan,nan,nan,nan,nan,nan,nan
8352,1,5,5,0,1,0,0,390,0,0,0,0,0,0,0,nan,nan,nan,nan,nan,nan,nan
8353,1,5,5,0,1,0,0,390,0,0,0,0,0,0,0,nan,nan,nan,nan,nan,nan,nan
8354,1,5,5,0,1,0,0,390,0,0,0,0,0,0,0,nan,nan,nan,nan,nan,nan,nan
8355,1,5,5,0,1,0,0,390,0,0,0,0,0,0,0,nan,nan,nan,nan,nan,nan,nan
8356,1,5,5,0,1,0,0,390,0,0,0,0,0,0,0,nan,nan,nan,nan,nan,nan,nan
8357,1,5,5,0,1,0,0,390,0,0,0,0,0,0,0,nan,nan,nan,nan,nan,nan,nan
8358,1,5,5,0,0,1,0,390,0,0,0,0,0,0,0,nan,nan,nan,nan,29.949486294877715,nan,nan
8359,1,5,5,0,0,1,0,390,0,0,0,0,0,0,0,nan,nan,nan,nan,nan,nan,nan
8360,1,5,5,0,0,1,0,390,2,0,0,0,0,0,0,18.93376483715656,nan,nan,nan,nan,nan,nan
8361,1,5,5,0,1,1,0,390,2,2,0,1,0,0,0,nan,29.239770891934313,nan,19.901289309218555,nan,nan,nan
8362,1,5,5,0,1,1,0,390,0,0,0,0,0,0,0,nan,nan,14.035772112845734,nan,nan,nan,nan
8363,1,5,5,0,1,1,0,391,0,0,0,0,0,0,1,nan,nan,nan,nan,nan,nan,17.4618623180304
8364,1,5,5,0,1,1,0,391,0,0,0,0,0,0,1,nan,nan,nan,nan,nan,nan,nan
8365,1,5,5,0,1,0,0,391,0,0,0,0,0,0,0,nan,nan,nan,nan,nan,32.98328645483889,nan
8366,1,5,5,0,1,0,0,391,0,0,0,0,0,0,0,nan,nan,nan,nan,nan,nan,nan
8367,1,5,5,0,1,0,0,391,0,0,0,0,0,0,0,nan,nan,nan,nan,nan,nan,nan
8368,1,5,5,0,1,0,0,391,0,0,0,0,0,0,0,nan,nan,nan,nan,nan,nan,nan
8369,1,5,5,0,1,0,0,391,0,0,0,0,0,0,0,nan,nan,nan,nan,nan,nan,nan
8370,1,5,5,0,1,0,0,391,0,0,0,0,0,0,0,nan,nan,nan,nan,nan,nan,nan
8371,1,5,5,0,1,0,0,391,0,0,0,0,0,0,0,nan,nan,nan,nan,nan,nan,nan
8372,1,5,5,0,1,0,0,391,0,0,0,0,0,0,0,nan,nan,nan,nan,nan,nan,nan
8373,1,5,5,0,1,0,0,391,0,0,0,0,0,0,0,nan,nan,nan,nan,nan,nan,nan
8374,1,5,4,1,1,0,0,391,0,0,0,0,0,0,0,nan,nan,12.324802866693062,nan,nan,nan,nan
8375,1,5,4,1,1,0,0,391,0,0,0,0,0,0,0,nan,nan,nan,nan,nan,nan,nan
8376,1,4,5,1,1,0,0,391,0,0,0,0,0,0,0,nan,14.992449714502072,nan,nan,nan,nan,nan
8377,1,4,5,1,1,0,1,391,0,0,0,0,0,1,0,nan,nan,nan,nan,nan,12.07380955370354,nan
8378,1,4,5,1,1,0,0,392,0,0,0,0,0,1,0,nan,nan,nan,nan,nan,nan,14.812524567005312
8379,1,4,5,0,2,0,0,392,0,0,0,0,0,1,0,nan,nan,nan,18.48956490380624,nan,nan,nan
8380,1,4,5,0,2,0,0,392,0,0,0,0,0,1,0,nan,nan,nan,nan,nan,nan,nan
8381,1,4,5,0,2,0,0,392,0,0,0,0,0,1,0,nan,nan,nan,nan,nan,nan,nan
8382,1,4,5,0,2,0,0,392,0,0,0,0,0,1,0,nan,nan,nan,nan,nan,nan,nan
8383,1,4,5,0,2,0,0,392,0,0,0,0,0,1,0,nan,nan,nan,nan,nan,nan,nan
8384,1,4,5,0,2,0,0,392,0,0,0,0,0,1,0,nan,nan,nan,nan,nan,nan,nan
8385,1,5,5,0,2,0,0,392,0,0,0,0,0,1,0,25.087482579845528,nan,nan,nan,nan,nan,nan
8386,1,5,5,0,2,0,0,392,0,0,0,0,0,1,0,nan,nan,nan,nan,nan,nan,nan
8387,1,5,5,0,2,0,0,392,0,0,0,0,0,1,0,nan,nan,nan,nan,nan,nan,nan
8388,1,5,5,0,1,0,0,392,0,0,0,0,0,0,0,nan,nan,nan,nan,30.243388600083563,nan,nan
8389,1,5,5,0,1,0,0,392,0,0,0,0,0,0,0,nan,nan,nan,nan,nan,nan,nan
8390,1,5,5,0,1,0,0,392,0,0,0,0,0,0,0,nan,nan,nan,nan,nan,nan,nan
8391,1,5,5,0,1,0,0,392,0,0,0,0,0,0,0,nan,nan,nan,nan,nan,nan,nan
8392,1,5,5,0,1,0,0,392,0,0,0,0,0,0,0,nan,nan,nan,nan,nan,nan,nan
8393,1,5,5,0,1,0,0,393,0,0,0,0,0,0,1,nan,nan,nan,nan,nan,nan,15.644205681699532
8394,1,5,4,1,1,0,0,393,0,0,0,0,0,0,1,nan,nan,19.922280646274885,nan,nan,nan,nan
8395,1,5,4,1,1,0,0,393,0,0,0,0,0,0,1,nan,nan,nan,nan,nan,nan,nan
8396,1,4,5,1,1,0,0,393,0,0,0,0,0,0,1,nan,20.38455050938137,nan,nan,nan,nan,nan
8397,1,4,5,1,1,0,0,393,0,0,0,0,0,0,1,nan,nan,nan,nan,nan,nan,nan
8398,1,4,5,1,1,0,0,393,0,0,0,0,0,0,1,nan,nan,nan,nan,nan,nan,nan
8399,1,4,5,1,1,0,0,393,0,0,0,0,0,0,1,nan,nan,nan,nan,nan,nan,nan
8400,1,4,5,1,1,0,0,393,0,0,0,0,0,0,1,nan,nan,nan,nan,nan,nan,nan
8401,1,4,5,1,1,0,0,393,0,0,0,0,0,0,1,nan,nan,nan,nan,nan,nan,nan
8402,1,4,5,1,1,0,0,393,0,0,0,0,0,0,1,nan,nan,nan,nan,nan,nan,nan
8403,1,5,5,0,2,0,0,393,0,0,0,0,0,0,1,18.08065991404328,nan,nan,23.829517890028,nan,nan,nan
8404,1,5,5,0,2,0,0,393,0,0,0,0,0,0,1,nan,nan,nan,nan,nan,nan,nan
8405,1,5,5,0,2,0,0,393,0,0,0,0,0,1,0,nan,nan,nan,nan,nan,27.869700680812457,nan
8406,1,5,5,0,2,0,0,393,0,0,0,0,0,1,0,nan,nan,nan,nan,nan,nan,nan
8407,1,5,5,0,2,0,0,393,0,0,0,0,0,1,0,nan,nan,nan,nan,nan,nan,nan
8408,1,5,5,0,1,0,0,393,0,2,0,0,0,0,0,nan,11.893073928469676,nan,nan,19.129584549507854,nan,nan
8409,1,5,5,0,1,0,0,393,0,2,0,0,0,0,0,nan,nan,nan,nan,nan,nan,nan
8410,1,5,5,0,1,0,0,393,0,2,0,0,0,0,0,nan,nan,nan,nan,nan,nan,nan
8411,1,5,5,0,1,0,0,393,0,2,0,0,0,0,0,nan,nan,nan,nan,nan,nan,nan
8412,1,5,5,0,1,0,0,393,0,2,0,0,0,0,0,nan,nan,nan,nan,nan,nan,nan
8413,1,5,5,0,1,0,0,393,0,2,0,0,0,0,0,nan,nan,nan,nan,nan,nan,nan
8414,1,5,5,0,1,0,0,394,0,2,0,0,0,0,1,nan,nan,nan,nan,nan,nan,21.00620478244491
8415,1,5,5,0,1,0,0,394,0,2,0,0,0,0,1,nan,nan,nan,nan,nan,nan,nan
8416,1,5,5,0,1,0,0,394,0,2,0,0,0,0,1,nan,nan,nan,nan,nan,nan,nan
8417,1,5,5,0,1,0,0,394,0,2,0,0,0,0,1,nan,nan,nan,nan,nan,nan,nan
8418,1,5,5,0,1,0,0,394,0,2,0,0,0,0,1,nan,nan,nan,nan,nan,nan,nan
8419,1,5,5,0,1,0,0,394,0,2,0,0,0,0,1,nan,nan,nan,nan,nan,nan,nan
8420,1,4,5,1,1,0,0,394,0,0,0,0,0,0,1,nan,nan,25.37254366696652,nan,nan,nan,nan
8421,1,4,5,1,1,0,0,394,0,0,0,0,0,0,1,nan,nan,nan,nan,nan,nan,nan
8422,1,4,5,1,1,0,0,394,0,0,0,0,0,0,1,nan,nan,nan,nan,nan,nan,nan
8423,1,4,5,1,1,0,0,394,0,0,0,0,0,0,1,nan,nan,nan,nan,nan,nan,nan
8424,1,4,5,1,1,0,0,394,0,0,0,0,0,0,1,nan,nan,nan,nan,nan,nan,nan
8425,1,5,5,1,1,0,0,394,0,0,0,0,0,0,1,22.11102711667627,nan,nan,nan,nan,nan,nan
8426,1,5,5,1,1,0,0,394,0,0,0,0,0,0,1,nan,nan,nan,nan,nan,nan,nan
8427,1,5,5,0,2,0,0,394,0,0,0,0,0,0,1,nan,nan,nan,23.299248380977588,nan,nan,nan
8428,1,5,5,0,2,0,0,394,0,0,0,0,0,1,0,nan,nan,nan,nan,nan,23.100205636432293,nan
8429,1,5,5,0,1,0,0,394,0,0,0,0,0,0,0,nan,nan,nan,nan,21.3154140905026,nan,nan
8430,1,5,5,0,1,0,0,394,0,0,0,0,0,0,0,nan,nan,nan,nan,nan,nan,nan
8431,1,5,5,0,1,0,0,394,0,0,0,0,0,0,0,nan,nan,nan,nan,nan,nan,nan
8432,1,5,5,0,1,0,0,394,0,0,0,0,0,0,0,nan,nan,nan,nan,nan,nan,nan
8433,1,5,5,0,1,0,0,394,0,0,0,0,0,0,0,nan,nan,nan,nan,nan,nan,nan
8434,1,5,5,0,1,0,0,394,0,0,0,0,0,0,0,nan,nan,nan,nan,nan,nan,nan
8435,1,5,5,0,1,0,0,394,0,0,0,0,0,0,0,nan,nan,nan,nan,nan,nan,nan
8436,1,5,5,0,1,0,0,394,0,0,0,0,0,0,0,nan,nan,nan,nan,nan,nan,nan
8437,1,5,5,0,1,0,0,394,0,0,0,0,0,0,0,nan,nan,nan,nan,nan,nan,nan
8438,1,5,5,0,1,0,0,394,0,0,0,0,0,0,0,nan,nan,nan,nan,nan,nan,nan
8439,1,5,5,0,1,0,0,394,0,0,0,0,0,0,0,nan,nan,nan,nan,nan,nan,nan
8440,1,5,5,0,0,1,0,394,2,0,0,0,0,0,0,15.297159634696072,nan,nan,nan,11.082216580613022,nan,nan
8441,1,5,5,0,0,1,0,394,2,0,0,0,0,0,0,nan,nan,nan,nan,nan,nan,nan
8442,1,5,5,0,0,1,0,395,2,2,0,0,0,0,1,nan,33.34954109010141,nan,nan,nan,nan,27.566150297932836
8443,1,5,5,0,0,1,0,395,2,2,0,0,0,0,1,nan,nan,nan,nan,nan,nan,nan
8444,1,5,5,0,0,1,0,395,2,2,0,0,0,0,1,nan,nan,nan,nan,nan,nan,nan
8445,1,5,5,0,0,1,0,395,2,2,0,0,0,0,1,nan,nan,nan,nan,nan,nan,nan
8446,1,5,5,0,0,1,0,395,2,2,0,0,0,0,1,nan,nan,nan,nan,nan,nan,nan
8447,1,5,5,0,0,1,0,395,2,2,0,0,0,0,1,nan,nan,nan,nan,nan,nan,nan
8448,1,5,5,0,0,0,0,395,2,2,0,0,0,0,0,nan,nan,nan,nan,nan,19.734242756565436,nan
8449,1,5,5,0,0,0,0,395,2,2,0,0,0,0,0,nan,nan,nan,nan,nan,nan,nan
8450,1,5,5,0,0,0,0,395,2,2,0,0,0,0,0,nan,nan,nan,nan,nan,nan,nan
8451,1,5,5,0,0,0,0,395,2,2,0,0,0,0,0,nan,nan,nan,nan,nan,nan,nan
8452,1,5,5,0,0,1,0,395,2,2,0,0,1,0,0,nan,nan,nan,nan,12.076307570003337,nan,nan
8453,1,5,5,0,0,1,0,395,2,2,0,0,1,0,0,nan,nan,nan,nan,nan,nan,nan
8454,1,5,5,1,0,1,0,395,0,0,0,0,1,0,0,nan,nan,34.163632050027445,nan,nan,nan,nan
8455,1,5,5,1,0,1,0,395,0,0,0,0,1,0,0,nan,nan,nan,nan,nan,nan,nan
8456,1,5,5,1,0,1,0,395,0,0,0,0,1,0,0,nan,nan,nan,nan,nan,nan,nan
8457,1,5,5,0,0,1,0,395,0,0,0,0,0,0,0,nan,nan,nan,30.724349449852525,nan,nan,nan
8458,1,5,5,0,0,0,1,395,0,0,0,0,0,0,0,nan,nan,nan,nan,nan,9.519445731215455,nan
8459,1,5,5,0,0,0,1,395,0,0,0,0,0,0,0,nan,nan,nan,nan,nan,nan,nan
8460,1,5,5,0,0,0,0,396,0,0,0,0,0,0,0,nan,nan,nan,nan,nan,nan,17.956226432286712
8461,1,5,5,0,0,0,0,396,0,0,0,0,0,0,0,nan,nan,nan,nan,nan,nan,nan
8462,1,5,5,0,0,0,0,396,0,0,0,0,0,0,0,nan,nan,nan,nan,nan,nan,nan
8463,1,5,5,0,0,0,0,396,0,0,0,0,0,0,0,nan,nan,nan,nan,nan,nan,nan
8464,1,5,5,0,0,0,0,396,0,0,0,0,0,0,0,nan,nan,nan,nan,nan,nan,nan
8465,1,5,5,0,0,0,0,396,2,0,0,0,0,0,0,24.315179418797925,nan,nan,nan,nan,nan,nan
8466,1,5,5,0,0,0,0,396,2,0,0,0,0,0,0,nan,nan,nan,nan,nan,nan,nan
8467,1,5,5,0,0,0,0,396,2,0,0,0,0,0,0,nan,nan,nan,nan,nan,nan,nan
8468,1,5,5,0,0,0,1,396,2,0,0,0,0,1,0,nan,nan,nan,nan,nan,10.558167613045953,nan
8469,1,5,5,0,1,0,1,396,2,2,0,1,0,1,0,nan,27.65236405071846,nan,11.724371673599308,nan,nan,nan
8470,1,5,5,0,1,0,1,396,2,2,0,1,0,1,0,nan,nan,nan,nan,nan,nan,nan
8471,1,5,5,0,1,0,1,396,2,2,0,1,0,1,0,nan,nan,nan,nan,nan,nan,nan
8472,1,5,5,0,1,0,1,396,2,2,0,1,0,1,0,nan,nan,nan,nan,nan,nan,nan
8473,1,5,5,0,1,0,1,396,2,2,0,1,0,1,0,nan,nan,nan,nan,nan,nan,nan
8474,1,5,5,0,1,0,0,397,2,2,0,1,0,1,0,nan,nan,nan,nan,nan,nan,13.796239736315329
8475,1,5,5,0,1,0,0,397,2,2,0,1,0,1,0,nan,nan,nan,nan,nan,nan,nan
8476,1,5,5,0,1,0,0,397,2,2,0,1,0,1,0,nan,nan,nan,nan,nan,nan,nan
8477,1,5,5,0,1,0,0,397,2,2,0,1,0,1,0,nan,nan,nan,nan,nan,nan,nan
8478,1,5,5,0,1,0,0,397,0,0,0,0,0,1,0,nan,nan,24.515445219618414,nan,nan,nan,nan
8479,1,5,5,0,0,0,0,397,0,0,0,0,0,0,0,nan,nan,nan,nan,26.735799606627552,nan,nan
8480,1,5,5,0,0,0,0,397,0,0,0,0,0,0,0,nan,nan,nan,nan,nan,nan,nan
8481,1,5,5,0,0,0,0,397,0,0,0,0,0,0,0,nan,nan,nan,nan,nan,nan,nan
8482,1,5,5,0,0,0,0,397,0,0,0,0,0,0,0,nan,nan,nan,nan,nan,nan,nan
8483,1,5,5,0,0,0,0,397,0,0,0,0,0,0,0,nan,nan,nan,nan,nan,nan,nan
8484,1,5,5,0,0,0,0,397,0,0,0,0,0,0,0,nan,nan,nan,nan,nan,nan,nan
8485,1,5,5,0,0,0,0,397,0,0,0,0,0,0,0,nan,nan,nan,nan,nan,nan,nan
8486,1,5,5,0,0,0,0,397,0,0,0,0,0,0,0,nan,nan,nan,nan,nan,nan,nan
8487,1,5,5,0,0,0,0,397,0,0,0,0,0,0,0,nan,nan,nan,nan,nan,nan,nan
8488,1,5,5,0,0,0,0,397,0,0,0,0,0,0,0,nan,nan,nan,nan,nan,nan,nan
8489,1,5,5,0,0,0,0,397,0,0,0,0,0,0,0,nan,nan,nan,nan,nan,nan,nan
8490,1,5,5,0,0,0,0,397,0,0,0,0,0,0,0,nan,nan,nan,nan,nan,nan,nan
8491,1,5,5,0,0,0,0,397,0,0,0,0,0,0,0,nan,nan,nan,nan,nan,nan,nan
8492,1,5,5,0,0,0,0,397,0,0,0,0,0,0,0,nan,nan,nan,nan,nan,nan,nan
8493,1,5,5,0,0,0,0,397,0,0,0,0,0,0,0,nan,nan,nan,nan,nan,nan,nan
8494,1,5,5,0,0,0,0,397,0,0,0,0,0,0,0,nan,nan,nan,nan,nan,nan,nan
8495,1,5,5,0,1,0,0,398,0,0,0,1,0,0,1,nan,nan,nan,25.649978216621093,nan,nan,21.698248595483165
8496,1,5,5,0,1,0,0,398,0,0,0,1,0,0,1,nan,nan,nan,nan,nan,nan,nan
8497,1,5,5,0,1,0,0,398,0,0,0,1,0,0,1,nan,nan,nan,nan,nan,nan,nan
8498,1,5,5,0,0,1,0,398,0,0,0,1,0,0,1,nan,nan,nan,nan,19.136971662674114,nan,nan
8499,1,5,5,0,0,1,0,398,0,0,0,1,0,0,1,nan,nan,nan,nan,nan,nan,nan
8500,1,5,5,0,0,0,0,398,0,0,0,1,0,0,0,nan,nan,nan,nan,nan,31.438730851317814,nan
8501,1,5,5,0,0,0,0,398,0,0,0,1,0,0,0,nan,nan,nan,nan,nan,nan,nan
8502,1,5,5,0,0,0,0,398,0,0,0,1,0,0,0,nan,nan,nan,nan,nan,nan,nan
8503,1,5,5,0,0,0,0,398,0,0,0,1,0,0,0,nan,nan,nan,nan,nan,nan,nan
8504,1,5,5,0,0,0,0,398,0,0,0,1,0,0,0,nan,nan,nan,nan,nan,nan,nan
8505,1,5,5,0,0,0,0,398,2,0,0,1,0,0,0,40.25847952735603,nan,nan,nan,nan,nan,nan
8506,1,5,4,0,0,0,0,398,2,0,0,0,0,0,0,nan,nan,28.07911030003561,nan,nan,nan,nan
8507,1,5,4,0,0,0,0,398,2,0,0,0,0,0,0,nan,nan,nan,nan,nan,nan,nan
8508,1,5,5,0,0,0,0,398,0,0,0,0,0,0,0,nan,38.970964506892415,nan,nan,nan,nan,nan
8509,1,5,5,0,0,0,0,398,0,0,0,0,0,0,0,nan,nan,nan,nan,nan,nan,nan
8510,1,5,5,0,0,0,0,398,0,0,0,0,0,0,0,nan,nan,nan,nan,nan,nan,nan
8511,1,5,5,0,0,0,0,398,0,0,0,0,0,0,0,nan,nan,nan,nan,nan,nan,nan
8512,1,5,5,0,0,0,0,398,0,0,0,0,0,0,0,nan,nan,nan,nan,nan,nan,nan
8513,1,5,5,0,0,0,0,398,0,0,0,0,0,0,0,nan,nan,nan,nan,nan,nan,nan
8514,1,5,5,0,0,0,0,398,0,0,0,0,0,0,0,nan,nan,nan,nan,nan,nan,nan
8515,1,5,5,0,0,0,0,399,0,0,0,0,0,0,1,nan,nan,nan,nan,nan,nan,19.98319473142692
8516,1,5,5,0,0,0,0,399,0,0,0,0,0,0,1,nan,nan,nan,nan,nan,nan,nan
8517,1,5,5,0,0,0,0,399,0,0,0,0,0,1,0,nan,nan,nan,nan,nan,17.12045387944272,nan
8518,1,5,5,0,0,0,0,399,0,0,0,0,0,1,0,nan,nan,nan,nan,nan,nan,nan
8519,1,5,5,0,0,0,0,399,0,0,0,0,0,1,0,nan,nan,nan,nan,nan,nan,nan
8520,1,5,5,0,0,0,0,399,2,2,0,0,0,1,0,15.15907785014133,11.585032473431056,nan,nan,nan,nan,nan
8521,1,5,5,0,0,0,0,399,2,2,0,0,1,0,0,nan,nan,nan,nan,23.335268241606173,nan,nan
8522,1,5,5,0,0,0,0,399,2,2,0,0,1,0,0,nan,nan,nan,nan,nan,nan,nan
8523,1,5,5,1,0,0,0,399,0,0,0,0,1,0,0,nan,nan,16.558520338317976,nan,nan,nan,nan
8524,1,5,5,1,0,0,0,399,0,0,0,0,1,0,0,nan,nan,nan,nan,nan,nan,nan
8525,1,5,5,1,0,0,0,399,0,0,0,0,1,0,0,nan,nan,nan,nan,nan,nan,nan
8526,1,5,5,0,0,0,0,399,0,0,0,0,0,0,0,nan,nan,nan,31.082632494335485,nan,nan,nan
8527,1,5,5,0,0,0,0,399,0,0,0,0,0,0,0,nan,nan,nan,nan,nan,nan,nan
8528,1,5,5,0,0,0,0,400,0,0,0,0,0,0,1,nan,nan,nan,nan,nan,nan,12.526079918825417
8529,1,5,5,0,0,0,0,400,0,0,0,0,0,0,1,nan,nan,nan,nan,nan,nan,nan
8530,1,5,5,0,0,0,0,400,0,0,0,0,0,0,1,nan,nan,nan,nan,nan,nan,nan
8531,1,5,5,0,0,0,0,400,0,0,0,0,0,0,1,nan,nan,nan,nan,nan,nan,nan
8532,1,5,5,0,0,0,0,400,0,0,0,0,0,0,1,nan,nan,nan,nan,nan,nan,nan
8533,1,5,5,0,0,0,0,400,0,0,0,0,0,0,1,nan,nan,nan,nan,nan,nan,nan
8534,1,5,5,0,0,0,0,400,0,0,0,0,0,0,1,nan,nan,nan,nan,nan,nan,nan
8535,1,5,5,0,0,0,0,400,0,0,0,0,0,0,1,nan,nan,nan,nan,nan,nan,nan
8536,1,5,5,0,0,0,0,400,0,0,0,0,0,1,0,nan,nan,nan,nan,nan,18.84130708255725,nan
8537,1,5,5,0,0,0,0,400,0,0,0,0,0,1,0,nan,nan,nan,nan,nan,nan,nan
8538,1,5,5,0,0,0,0,400,0,0,0,0,0,1,0,nan,nan,nan,nan,nan,nan,nan
8539,1,5,5,0,0,0,0,400,0,0,0,0,0,1,0,nan,nan,nan,nan,nan,nan,nan
8540,1,5,5,0,0,0,0,400,0,0,0,0,0,1,0,nan,nan,nan,nan,nan,nan,nan
8541,1,5,5,0,0,0,0,400,2,0,0,0,0,1,0,21.05584509406981,nan,nan,nan,nan,nan,nan
8542,1,5,5,0,0,0,0,400,2,2,0,0,0,1,0,nan,22.10584316357017,nan,nan,nan,nan,nan
8543,1,5,5,0,1,0,0,400,2,2,0,1,0,1,0,nan,nan,nan,17.625409096513977,nan,nan,nan
8544,1,5,5,0,1,0,0,400,2,2,0,1,0,1,0,nan,nan,nan,nan,nan,nan,nan
8545,1,5,5,0,1,0,0,400,2,2,0,1,0,1,0,nan,nan,nan,nan,nan,nan,nan
8546,1,5,5,0,0,0,0,400,2,2,0,1,0,0,0,nan,nan,nan,nan,24.900645673522376,nan,nan
8547,1,5,5,0,0,0,0,400,2,2,0,1,0,0,0,nan,nan,nan,nan,nan,nan,nan
8548,1,5,5,0,0,0,0,401,2,2,0,1,0,0,1,nan,nan,nan,nan,nan,nan,19.678557490928142
8549,1,5,5,0,0,0,0,401,2,2,0,1,0,0,1,nan,nan,nan,nan,nan,nan,nan
8550,1,5,5,0,0,0,0,401,0,0,0,0,0,0,1,nan,nan,27.6277718621277,nan,nan,nan,nan
8551,1,5,5,0,0,0,0,401,0,0,0,0,0,0,1,nan,nan,nan,nan,nan,nan,nan
8552,1,5,5,0,0,0,0,401,0,0,0,0,0,0,1,nan,nan,nan,nan,nan,nan,nan
8553,1,5,5,0,0,0,0,401,0,0,0,0,0,0,1,nan,nan,nan,nan,nan,nan,nan
8554,1,5,5,0,0,0,0,401,0,0,0,0,0,0,1,nan,nan,nan,nan,nan,nan,nan
8555,1,5,5,0,0,0,0,401,0,0,0,0,0,0,1,nan,nan,nan,nan,nan,nan,nan
8556,1,5,5,0,0,0,0,401,0,0,0,0,0,0,1,nan,nan,nan,nan,nan,nan,nan
8557,1,5,5,0,0,0,0,401,0,0,0,0,0,0,1,nan,nan,nan,nan,nan,nan,nan
8558,1,5,5,0,0,0,0,401,0,0,0,0,0,0,1,nan,nan,nan,nan,nan,nan,nan
8559,1,5,5,0,0,0,0,401,0,0,0,0,0,0,1,nan,nan,nan,nan,nan,nan,nan
8560,1,5,5,0,0,0,0,401,0,0,0,0,0,1,0,nan,nan,nan,nan,nan,24.245486896583316,nan
8561,1,5,5,0,0,0,0,401,0,0,0,0,1,0,0,nan,nan,nan,nan,14.958518605346399,nan,nan
8562,1,5,5,0,0,0,0,401,0,0,0,0,1,0,0,nan,nan,nan,nan,nan,nan,nan
8563,1,5,5,0,0,0,0,401,0,0,0,0,1,0,0,nan,nan,nan,nan,nan,nan,nan
8564,1,5,5,0,0,0,0,401,0,0,0,0,1,0,0,nan,nan,nan,nan,nan,nan,nan
8565,1,5,5,0,0,0,0,401,0,2,0,0,1,0,0,nan,22.857763292324307,nan,nan,nan,nan,nan
8566,1,5,5,0,0,0,0,401,0,2,0,0,1,0,0,nan,nan,nan,nan,nan,nan,nan
8567,1,5,5,0,0,0,0,401,0,2,0,0,1,0,0,nan,nan,nan,nan,nan,nan,nan
8568,1,5,5,0,0,0,0,401,2,2,0,0,1,0,0,27.01114614369726,nan,nan,nan,nan,nan,nan
8569,1,5,5,0,0,0,0,401,2,2,0,1,0,0,0,nan,nan,nan,25.98025280515867,nan,nan,nan
8570,1,5,5,0,0,0,0,401,2,2,0,1,0,0,0,nan,nan,nan,nan,nan,nan,nan
8571,1,5,5,0,0,0,0,401,2,2,0,1,0,0,0,nan,nan,nan,nan,nan,nan,nan
8572,1,5,5,0,0,0,0,401,2,2,0,1,0,0,0,nan,nan,nan,nan,nan,nan,nan
8573,1,5,5,0,0,0,1,401,2,2,0,1,0,1,0,nan,nan,nan,nan,nan,13.030858506341247,nan
8574,1,5,5,0,0,0,1,401,2,2,0,1,0,1,0,nan,nan,nan,nan,nan,nan,nan
8575,1,5,5,0,0,0,1,401,2,2,0,1,0,1,0,nan,nan,nan,nan,nan,nan,nan
8576,1,5,5,0,0,0,0,402,2,2,0,1,0,1,0,nan,nan,nan,nan,nan,nan,28.753219205991627
8577,1,5,5,0,0,0,0,402,2,2,0,1,0,1,0,nan,nan,nan,nan,nan,nan,nan
8578,1,5,5,0,0,0,0,402,2,2,0,1,0,1,0,nan,nan,nan,nan,nan,nan,nan
8579,1,5,5,0,0,0,0,402,2,2,0,1,0,1,0,nan,nan,nan,nan,nan,nan,nan
8580,1,5,5,0,0,0,0,402,2,2,0,1,0,1,0,nan,nan,nan,nan,nan,nan,nan
8581,1,5,5,0,0,0,0,402,2,2,0,1,0,1,0,nan,nan,nan,nan,nan,nan,nan
8582,1,5,5,0,0,0,0,402,2,2,0,1,0,1,0,nan,nan,nan,nan,nan,nan,nan
8583,1,5,5,0,0,0,0,402,0,0,0,0,0,1,0,nan,nan,32.37225323472558,nan,nan,nan,nan
8584,1,5,5,0,0,0,0,402,0,0,0,0,0,1,0,nan,nan,nan,nan,nan,nan,nan
8585,1,5,5,0,0,0,0,402,0,0,0,0,0,1,0,nan,nan,nan,nan,nan,nan,nan
8586,1,5,5,0,0,0,0,402,0,0,0,0,1,0,0,nan,nan,nan,nan,25.303554239213554,nan,nan
8587,1,5,5,0,0,0,0,402,0,0,0,0,1,0,0,nan,nan,nan,nan,nan,nan,nan
8588,1,5,5,0,0,0,0,402,0,0,0,0,1,0,0,nan,nan,nan,nan,nan,nan,nan
8589,1,5,5,0,0,0,0,402,0,0,0,0,1,0,0,nan,nan,nan,nan,nan,nan,nan
8590,1,5,5,0,0,0,0,402,0,0,0,0,1,0,0,nan,nan,nan,nan,nan,nan,nan
8591,1,5,5,0,0,0,0,402,0,0,0,0,1,0,0,nan,nan,nan,nan,nan,nan,nan
8592,1,5,5,0,0,0,0,402,0,0,0,0,1,0,0,nan,nan,nan,nan,nan,nan,nan
8593,1,5,5,0,0,0,0,402,0,0,0,0,1,0,0,nan,nan,nan,nan,nan,nan,nan
8594,1,5,5,0,0,0,0,402,0,0,0,0,1,0,0,nan,nan,nan,nan,nan,nan,nan
8595,1,5,5,0,0,0,0,402,0,0,0,0,1,0,0,nan,nan,nan,nan,nan,nan,nan
8596,1,5,5,0,0,0,0,402,0,0,0,1,0,0,0,nan,nan,nan,26.643779703876135,nan,nan,nan
8597,1,5,5,0,0,0,0,402,0,0,0,1,0,0,0,nan,nan,nan,nan,nan,nan,nan
8598,1,5,5,0,0,0,0,402,0,0,0,1,0,0,0,nan,nan,nan,nan,nan,nan,nan
8599,1,5,5,0,0,0,0,402,2,0,0,1,0,0,0,30.501571721601067,nan,nan,nan,nan,nan,nan
8600,1,5,5,0,0,0,0,402,2,0,0,1,0,0,0,nan,nan,nan,nan,nan,nan,nan
8601,1,5,5,0,0,0,1,402,2,0,0,1,0,1,0,nan,nan,nan,nan,nan,27.985202546486107,nan
8602,1,5,5,0,0,0,1,402,2,0,0,1,0,1,0,nan,nan,nan,nan,nan,nan,nan
8603,1,5,5,0,0,0,1,402,2,0,0,1,0,1,0,nan,nan,nan,nan,nan,nan,nan
8604,1,5,4,0,0,0,1,402,2,0,0,0,0,1,0,nan,nan,20.721917894366925,nan,nan,nan,nan
8605,1,5,4,0,0,0,1,402,2,0,0,0,0,1,0,nan,nan,nan,nan,nan,nan,nan
8606,1,5,4,0,0,0,0,403,2,0,0,0,0,1,0,nan,nan,nan,nan,nan,nan,29.740759253963915
8607,1,5,4,0,0,0,0,403,2,0,0,0,0,1,0,nan,nan,nan,nan,nan,nan,nan
8608,1,5,4,0,0,0,0,403,2,0,0,0,0,1,0,nan,nan,nan,nan,nan,nan,nan
8609,1,5,4,0,0,0,0,403,2,0,0,0,0,1,0,nan,nan,nan,nan,nan,nan,nan
8610,1,5,4,0,0,0,0,403,2,0,0,0,0,1,0,nan,nan,nan,nan,nan,nan,nan
8611,1,5,4,0,0,0,0,403,2,0,0,0,0,1,0,nan,nan,nan,nan,nan,nan,nan
8612,1,5,4,0,0,0,0,403,2,0,0,0,0,1,0,nan,nan,nan,nan,nan,nan,nan
8613,1,5,4,0,0,0,0,403,2,0,0,0,0,1,0,nan,nan,nan,nan,nan,nan,nan
8614,1,5,4,0,0,0,0,403,2,0,0,0,0,1,0,nan,nan,nan,nan,nan,nan,nan
8615,1,5,4,0,1,0,0,403,2,0,0,1,0,1,0,nan,nan,nan,19.241456107960403,nan,nan,nan
8616,1,5,3,0,1,0,0,403,2,0,0,0,0,1,0,nan,nan,12.216143890511376,nan,nan,nan,nan
8617,1,5,3,0,1,0,0,403,2,0,0,0,0,1,0,nan,nan,nan,nan,nan,nan,nan
8618,1,5,3,0,1,0,0,403,2,0,0,0,0,1,0,nan,nan,nan,nan,nan,nan,nan
8619,1,5,3,0,1,0,0,403,2,0,0,0,0,1,0,nan,nan,nan,nan,nan,nan,nan
8620,1,5,4,0,1,0,0,403,0,0,0,0,0,1,0,nan,54.99992085160375,nan,nan,nan,nan,nan
8621,1,5,4,0,0,0,0,403,0,0,0,0,0,0,0,nan,nan,nan,nan,34.900250634962504,nan,nan
8622,1,5,4,0,0,0,0,403,0,0,0,0,0,0,0,nan,nan,nan,nan,nan,nan,nan
8623,1,5,4,0,0,0,0,403,0,0,0,0,0,0,0,nan,nan,nan,nan,nan,nan,nan
8624,1,5,4,0,0,0,0,403,0,0,0,0,0,0,0,nan,nan,nan,nan,nan,nan,nan
8625,1,5,4,0,0,0,0,403,0,0,0,0,0,0,0,nan,nan,nan,nan,nan,nan,nan
8626,1,5,4,0,0,0,0,404,0,0,0,0,0,0,1,nan,nan,nan,nan,nan,nan,19.51675829672422
8627,1,5,4,0,0,0,0,404,0,0,0,0,0,0,1,nan,nan,nan,nan,nan,nan,nan
8628,1,5,4,0,0,0,0,404,2,0,0,0,0,0,1,29.606292019909233,nan,nan,nan,nan,nan,nan
8629,1,5,4,0,0,0,0,404,2,0,0,0,0,0,1,nan,nan,nan,nan,nan,nan,nan
8630,1,5,4,0,0,0,0,404,2,0,0,0,0,0,1,nan,nan,nan,nan,nan,nan,nan
8631,1,5,5,0,0,0,0,404,0,0,0,0,0,0,1,nan,11.462900282211194,nan,nan,nan,nan,nan
8632,1,5,5,0,0,0,0,404,0,0,0,0,0,0,1,nan,nan,nan,nan,nan,nan,nan
8633,1,5,5,0,0,0,0,404,0,0,0,0,0,0,1,nan,nan,nan,nan,nan,nan,nan
8634,1,5,5,0,0,0,0,404,0,0,0,0,0,0,1,nan,nan,nan,nan,nan,nan,nan
8635,1,5,5,0,0,0,0,404,0,0,0,0,0,0,1,nan,nan,nan,nan,nan,nan,nan
8636,1,5,5,0,1,0,0,404,0,0,0,1,0,0,1,nan,nan,nan,20.55480180827726,nan,nan,nan
8637,1,5,5,0,1,0,0,404,0,0,0,1,0,0,1,nan,nan,nan,nan,nan,nan,nan
8638,1,5,5,0,1,0,0,404,0,0,0,1,0,1,0,nan,nan,nan,nan,nan,36.69637493964183,nan
8639,1,5,5,0,0,0,0,404,0,0,0,1,0,0,0,nan,nan,nan,nan,17.617827284930172,nan,nan
8640,1,5,5,0,0,0,0,404,0,0,0,1,0,0,0,nan,nan,nan,nan,nan,nan,nan
8641,1,5,5,0,0,0,0,404,0,0,0,1,0,0,0,nan,nan,nan,nan,nan,nan,nan
8642,1,5,5,0,0,0,0,404,0,0,0,1,0,0,0,nan,nan,nan,nan,nan,nan,nan
8643,1,5,4,0,0,0,0,404,0,0,0,0,0,0,0,nan,nan,27.657699866453186,nan,nan,nan,nan
8644,1,5,4,0,0,0,0,404,0,0,0,0,0,0,0,nan,nan,nan,nan,nan,nan,nan
8645,1,5,4,0,0,0,0,404,0,0,0,0,0,0,0,nan,nan,nan,nan,nan,nan,nan
8646,1,5,4,0,0,0,0,404,0,0,0,0,0,0,0,nan,nan,nan,nan,nan,nan,nan
8647,1,5,4,0,0,0,0,404,0,0,0,0,0,0,0,nan,nan,nan,nan,nan,nan,nan
8648,1,5,4,0,0,0,0,404,0,0,0,0,0,0,0,nan,nan,nan,nan,nan,nan,nan
8649,1,5,4,0,0,0,0,404,0,0,0,0,0,0,0,nan,nan,nan,nan,nan,nan,nan
8650,1,5,4,0,0,0,0,404,0,0,0,0,0,0,0,nan,nan,nan,nan,nan,nan,nan
8651,1,5,4,0,0,0,0,405,0,0,0,0,0,0,1,nan,nan,nan,nan,nan,nan,25.516310318729666
8652,1,5,4,0,0,1,0,405,0,0,0,0,1,0,1,nan,nan,nan,nan,13.125780323260187,nan,nan
8653,1,5,4,0,0,1,0,405,0,0,0,0,1,0,1,nan,nan,nan,nan,nan,nan,nan
8654,1,5,4,0,0,1,0,405,0,0,0,0,1,0,1,nan,nan,nan,nan,nan,nan,nan
8655,1,5,4,0,0,1,0,405,0,0,0,0,1,0,1,nan,nan,nan,nan,nan,nan,nan
8656,1,5,4,0,0,1,0,405,0,0,0,0,1,0,1,nan,nan,nan,nan,nan,nan,nan
8657,1,4,5,0,0,1,0,405,0,0,0,1,0,0,1,nan,25.8894917323978,nan,20.73261062182246,nan,nan,nan
8658,1,4,5,0,0,1,0,405,0,0,0,1,0,0,1,nan,nan,nan,nan,nan,nan,nan
8659,1,4,5,0,0,1,0,405,0,0,0,1,0,0,1,nan,nan,nan,nan,nan,nan,nan
8660,1,4,5,0,0,1,0,405,0,0,0,1,0,0,1,nan,nan,nan,nan,nan,nan,nan
8661,1,4,5,0,0,1,0,405,0,0,0,1,0,0,1,nan,nan,nan,nan,nan,nan,nan
8662,1,4,5,0,0,0,0,405,0,0,0,1,0,0,0,nan,nan,nan,nan,nan,24.440787787314548,nan
8663,1,4,5,0,0,0,0,405,0,0,0,1,0,0,0,nan,nan,nan,nan,nan,nan,nan
8664,1,4,5,0,0,0,0,405,0,0,0,1,0,0,0,nan,nan,nan,nan,nan,nan,nan
8665,1,4,5,0,0,0,0,405,0,0,0,1,0,0,0,nan,nan,nan,nan,nan,nan,nan
8666,1,5,5,0,0,0,0,405,0,0,0,1,0,0,0,37.75683542123261,nan,nan,nan,nan,nan,nan
8667,1,5,4,0,0,0,0,405,0,0,0,0,0,0,0,nan,nan,23.76571638767382,nan,nan,nan,nan
8668,1,5,4,0,0,0,0,405,0,0,0,0,0,0,0,nan,nan,nan,nan,nan,nan,nan
8669,1,5,4,0,0,0,0,405,0,0,0,0,0,0,0,nan,nan,nan,nan,nan,nan,nan
8670,1,5,4,0,0,0,0,405,0,0,0,0,0,0,0,nan,nan,nan,nan,nan,nan,nan
8671,1,5,4,0,0,0,0,405,0,0,0,0,0,0,0,nan,nan,nan,nan,nan,nan,nan
8672,1,5,4,0,0,0,0,405,0,0,0,0,0,0,0,nan,nan,nan,nan,nan,nan,nan
8673,1,5,4,0,0,0,0,405,0,0,0,0,0,0,0,nan,nan,nan,nan,nan,nan,nan
8674,1,4,5,0,0,0,0,405,0,0,0,0,0,0,0,nan,17.10058498325816,nan,nan,nan,nan,nan
8675,1,5,5,0,0,0,0,405,0,0,0,0,0,0,0,8.942523165491366,nan,nan,nan,nan,nan,nan
8676,1,5,5,0,0,1,0,405,0,0,0,0,1,0,0,nan,nan,nan,nan,24.416880144885,nan,nan
8677,1,5,5,0,0,1,0,405,0,0,0,0,1,0,0,nan,nan,nan,nan,nan,nan,nan
8678,1,5,5,0,0,1,0,405,0,0,0,0,1,0,0,nan,nan,nan,nan,nan,nan,nan
8679,1,5,5,0,0,1,0,405,0,0,0,1,0,0,0,nan,nan,nan,22.940395971600083,nan,nan,nan
8680,1,5,5,0,0,1,0,405,0,0,0,1,0,0,0,nan,nan,nan,nan,nan,nan,nan
8681,1,5,5,0,0,1,0,405,0,0,0,1,0,0,0,nan,nan,nan,nan,nan,nan,nan
8682,1,5,5,0,0,1,0,405,0,0,0,1,0,0,0,nan,nan,nan,nan,nan,nan,nan
8683,1,5,5,0,0,1,0,405,0,0,0,1,0,0,0,nan,nan,nan,nan,nan,nan,nan
8684,1,5,5,0,0,1,0,406,0,0,0,1,0,0,1,nan,nan,nan,nan,nan,nan,32.865741158162564
8685,1,5,5,0,0,0,0,406,2,0,0,1,0,0,0,10.434718150278059,nan,nan,nan,nan,22.78585692865272,nan
8686,1,5,5,0,0,0,0,406,2,0,0,1,0,0,0,nan,nan,nan,nan,nan,nan,nan
8687,1,5,5,0,0,0,0,406,2,0,0,1,0,0,0,nan,nan,nan,nan,nan,nan,nan
8688,1,5,5,0,0,0,0,406,2,0,0,1,0,0,0,nan,nan,nan,nan,nan,nan,nan
8689,1,5,5,0,0,0,0,406,2,2,0,1,0,0,0,nan,14.72062326964624,nan,nan,nan,nan,nan
8690,1,5,5,0,0,1,0,406,2,2,0,1,1,0,0,nan,nan,nan,nan,13.438439373641813,nan,nan
8691,1,5,5,0,0,1,0,406,2,2,0,1,1,0,0,nan,nan,nan,nan,nan,nan,nan
8692,1,5,5,0,0,1,0,406,2,2,0,1,1,0,0,nan,nan,nan,nan,nan,nan,nan
8693,1,5,5,0,0,1,0,406,2,2,0,1,1,0,0,nan,nan,nan,nan,nan,nan,nan
8694,1,5,5,0,0,1,0,406,2,2,0,1,1,0,0,nan,nan,nan,nan,nan,nan,nan
8695,1,5,5,0,0,1,0,407,2,2,0,1,1,0,1,nan,nan,nan,nan,nan,nan,10.77183621977747
8696,1,5,5,0,0,1,0,407,2,2,0,1,1,0,1,nan,nan,nan,nan,nan,nan,nan
8697,1,5,5,0,0,1,0,407,2,2,0,1,1,0,1,nan,nan,nan,nan,nan,nan,nan
8698,1,5,5,0,0,1,0,407,2,2,0,1,1,0,1,nan,nan,nan,nan,nan,nan,nan
8699,1,5,5,0,0,1,0,407,2,2,0,1,1,0,1,nan,nan,nan,nan,nan,nan,nan
8700,1,5,5,0,0,0,0,407,0,0,0,0,1,0,0,nan,nan,33.05607981884714,nan,nan,15.490467658863054,nan
8701,1,5,5,0,0,0,0,407,0,0,0,0,1,0,0,nan,nan,nan,nan,nan,nan,nan
8702,1,5,5,0,0,0,0,407,0,0,0,0,1,0,0,nan,nan,nan,nan,nan,nan,nan
8703,1,5,5,0,0,0,0,407,0,0,0,0,1,0,0,nan,nan,nan,nan,nan,nan,nan
8704,1,5,5,0,0,0,0,407,0,0,0,0,1,0,0,nan,nan,nan,nan,nan,nan,nan
8705,1,5,5,0,0,0,0,407,0,0,0,0,1,0,0,nan,nan,nan,nan,nan,nan,nan
8706,1,5,5,0,0,0,0,407,0,0,0,0,1,0,0,nan,nan,nan,nan,nan,nan,nan
8707,1,5,5,0,0,0,0,407,0,0,0,0,1,0,0,nan,nan,nan,nan,nan,nan,nan
8708,1,5,5,0,0,0,0,407,0,0,0,0,1,0,0,nan,nan,nan,nan,nan,nan,nan
8709,1,5,5,0,0,0,0,407,0,0,0,0,1,0,0,nan,nan,nan,nan,nan,nan,nan
8710,1,5,5,0,0,0,0,407,0,2,0,0,1,0,0,nan,21.241541641744334,nan,nan,nan,nan,nan
8711,1,5,5,0,0,0,0,407,0,2,0,0,1,0,0,nan,nan,nan,nan,nan,nan,nan
8712,1,5,5,0,0,0,0,407,0,2,0,0,1,0,0,nan,nan,nan,nan,nan,nan,nan
8713,1,5,5,0,0,0,0,407,0,2,0,0,1,0,0,nan,nan,nan,nan,nan,nan,nan
8714,1,5,5,0,0,0,0,408,0,2,0,0,1,0,1,nan,nan,nan,nan,nan,nan,19.013098591536618
8715,1,5,5,0,0,0,0,408,0,2,0,0,1,1,0,nan,nan,nan,nan,nan,14.222140758281967,nan
8716,1,5,5,0,0,0,0,408,0,2,0,0,1,1,0,nan,nan,nan,nan,nan,nan,nan
8717,1,5,5,0,0,0,0,408,0,2,0,0,1,1,0,nan,nan,nan,nan,nan,nan,nan
8718,1,5,5,0,0,0,0,408,0,2,0,0,1,1,0,nan,nan,nan,nan,nan,nan,nan
8719,1,5,5,1,0,0,0,408,0,0,0,0,1,1,0,33.76509673567671,nan,18.968233652620256,nan,nan,nan,nan
8720,1,5,5,0,0,0,0,408,0,0,0,0,0,1,0,nan,nan,nan,40.78427594692221,nan,nan,nan
8721,1,5,5,0,0,0,0,408,0,0,0,0,0,1,0,nan,nan,nan,nan,nan,nan,nan
8722,1,5,5,0,0,0,0,408,0,0,0,0,0,1,0,nan,nan,nan,nan,nan,nan,nan
8723,1,5,5,0,0,0,0,408,0,0,0,0,0,1,0,nan,nan,nan,nan,nan,nan,nan
8724,1,5,5,0,0,0,0,408,0,0,0,0,0,1,0,nan,nan,nan,nan,nan,nan,nan
8725,1,5,5,0,0,0,0,408,0,0,0,0,0,1,0,nan,nan,nan,nan,nan,nan,nan
8726,1,5,5,0,0,0,0,408,0,0,0,0,0,1,0,nan,nan,nan,nan,nan,nan,nan
8727,1,5,5,0,0,0,0,408,0,0,0,0,0,1,0,nan,nan,nan,nan,nan,nan,nan
8728,1,5,5,0,0,0,0,409,0,0,0,0,0,1,1,nan,nan,nan,nan,nan,nan,14.355899440801295
8729,1,5,5,0,0,0,0,409,0,0,0,0,0,1,1,nan,nan,nan,nan,nan,nan,nan
8730,1,5,5,0,0,0,0,409,0,0,0,0,0,1,1,nan,nan,nan,nan,nan,nan,nan
8731,1,5,5,0,0,0,0,409,0,0,0,0,0,1,1,nan,nan,nan,nan,nan,nan,nan
8732,1,5,5,0,1,0,0,409,0,0,0,1,0,1,1,nan,nan,nan,11.299607300146818,nan,nan,nan
8733,1,5,5,0,1,0,0,409,0,0,0,1,0,1,1,nan,nan,nan,nan,nan,nan,nan
8734,1,5,4,0,1,0,0,409,0,0,0,0,0,1,1,nan,nan,15.124312734558771,nan,nan,nan,nan
8735,1,5,4,0,1,0,0,409,2,0,0,0,0,1,1,15.713464107062464,nan,nan,nan,nan,nan,nan
8736,1,5,4,0,1,0,0,409,2,0,0,0,0,1,1,nan,nan,nan,nan,nan,nan,nan
8737,1,5,5,0,1,0,0,409,0,0,0,0,0,1,1,nan,27.366836717725164,nan,nan,nan,nan,nan
8738,1,5,5,0,1,0,0,409,0,0,0,0,0,1,1,nan,nan,nan,nan,nan,nan,nan
8739,1,5,5,0,1,0,0,409,0,0,0,0,0,1,1,nan,nan,nan,nan,nan,nan,nan
8740,1,5,5,0,1,0,0,409,0,0,0,0,0,1,1,nan,nan,nan,nan,nan,nan,nan
8741,1,5,5,0,1,0,0,409,0,0,0,0,0,1,1,nan,nan,nan,nan,nan,nan,nan
8742,1,5,5,0,1,0,0,409,0,0,0,0,0,1,1,nan,nan,nan,nan,nan,nan,nan
8743,1,5,5,0,1,0,0,409,0,0,0,0,0,1,1,nan,nan,nan,nan,nan,nan,nan
8744,1,5,5,0,1,0,0,409,0,0,0,0,0,1,1,nan,nan,nan,nan,nan,nan,nan
8745,1,5,5,0,1,0,0,409,0,0,0,0,0,1,1,nan,nan,nan,nan,nan,nan,nan
8746,1,5,5,0,2,0,0,409,0,0,0,1,0,1,1,nan,nan,nan,14.205454360275326,nan,nan,nan
8747,1,5,5,0,2,0,0,409,0,0,0,1,0,1,1,nan,nan,nan,nan,nan,nan,nan
8748,1,5,5,0,2,0,0,409,0,0,0,1,0,1,1,nan,nan,nan,nan,nan,nan,nan
8749,1,5,5,0,2,0,0,409,0,0,0,1,0,1,1,nan,nan,nan,nan,nan,nan,nan
8750,1,5,5,0,2,0,0,409,0,0,0,1,0,1,1,nan,nan,nan,nan,nan,nan,nan
8751,1,5,5,0,2,0,0,409,0,0,0,1,0,1,1,nan,nan,nan,nan,nan,nan,nan
8752,1,5,5,0,1,0,0,409,0,0,0,1,0,0,1,nan,nan,nan,nan,62.517175826713355,nan,nan
8753,1,5,5,0,1,0,0,409,0,2,0,1,0,0,1,nan,15.992065457114222,nan,nan,nan,nan,nan
8754,1,5,5,0,1,0,0,409,0,2,0,1,0,0,1,nan,nan,nan,nan,nan,nan,nan
8755,1,5,5,0,1,0,0,409,2,2,0,1,0,0,1,19.73702379624774,nan,nan,nan,nan,nan,nan
8756,1,5,5,0,1,0,0,409,2,2,0,1,0,0,1,nan,nan,nan,nan,nan,nan,nan
8757,1,5,5,0,1,0,0,409,2,2,0,1,0,0,1,nan,nan,nan,nan,nan,nan,nan
8758,1,5,5,0,1,0,0,409,0,0,0,0,0,0,1,nan,nan,23.985782401305187,nan,nan,nan,nan
8759,1,5,5,0,1,0,0,409,0,0,0,0,0,0,1,nan,nan,nan,nan,nan,nan,nan
8760,1,5,5,0,1,0,0,409,0,0,0,0,0,0,1,nan,nan,nan,nan,nan,nan,nan
8761,1,5,5,0,1,0,0,409,0,0,0,0,0,0,1,nan,nan,nan,nan,nan,nan,nan
8762,1,5,5,0,1,0,0,409,0,0,0,0,0,0,1,nan,nan,nan,nan,nan,nan,nan
8763,1,5,5,0,1,0,0,409,0,0,0,0,0,0,1,nan,nan,nan,nan,nan,nan,nan
8764,1,5,5,0,1,0,0,409,0,0,0,0,0,0,1,nan,nan,nan,nan,nan,nan,nan
8765,1,5,5,0,0,1,0,409,0,0,0,0,0,0,1,nan,nan,nan,nan,12.379130352226639,nan,nan
8766,1,5,5,0,0,1,0,409,0,0,0,0,0,0,1,nan,nan,nan,nan,nan,nan,nan
8767,1,5,5,0,1,1,0,409,0,0,0,1,0,0,1,nan,nan,nan,21.331772506660855,nan,nan,nan
8768,1,5,5,0,1,1,0,409,0,0,0,1,0,0,1,nan,nan,nan,nan,nan,nan,nan
8769,1,5,5,0,1,0,0,409,2,0,0,1,0,0,0,14.856528177528162,nan,nan,nan,nan,54.04741093498342,nan
8770,1,5,5,0,1,0,0,409,2,0,0,1,0,0,0,nan,nan,nan,nan,nan,nan,nan
8771,1,5,5,0,1,0,0,409,2,0,0,1,0,0,0,nan,nan,nan,nan,nan,nan,nan
8772,1,5,5,0,1,0,0,409,2,2,0,1,0,0,0,nan,18.503001572271387,nan,nan,nan,nan,nan
8773,1,5,5,0,1,0,0,409,2,2,0,1,0,0,0,nan,nan,nan,nan,nan,nan,nan
8774,1,5,5,0,1,0,0,409,2,2,0,1,0,0,0,nan,nan,nan,nan,nan,nan,nan
8775,1,5,5,0,1,0,0,409,2,2,0,1,0,0,0,nan,nan,nan,nan,nan,nan,nan
8776,1,5,5,0,0,1,0,409,2,2,0,1,0,0,0,nan,nan,nan,nan,11.677278792501966,nan,nan
8777,1,5,5,0,0,1,0,409,2,2,0,1,0,0,0,nan,nan,nan,nan,nan,nan,nan
8778,1,5,5,0,0,1,0,409,2,2,0,1,0,0,0,nan,nan,nan,nan,nan,nan,nan
8779,1,5,5,0,0,1,0,409,2,2,0,1,0,0,0,nan,nan,nan,nan,nan,nan,nan
8780,1,5,5,0,0,1,0,409,2,2,0,1,0,0,0,nan,nan,nan,nan,nan,nan,nan
8781,1,5,5,0,0,1,0,409,2,2,0,1,0,0,0,nan,nan,nan,nan,nan,nan,nan
8782,1,5,5,0,0,0,1,409,2,2,0,1,0,0,0,nan,nan,nan,nan,nan,12.985235251497215,nan
8783,1,5,5,0,0,0,1,409,2,2,0,1,0,0,0,nan,nan,nan,nan,nan,nan,nan
8784,1,5,5,0,0,0,1,409,2,2,0,1,0,0,0,nan,nan,nan,nan,nan,nan,nan
8785,1,5,5,0,0,0,1,409,2,2,0,1,0,0,0,nan,nan,nan,nan,nan,nan,nan
8786,1,5,5,0,0,0,1,409,2,2,0,1,0,0,0,nan,nan,nan,nan,nan,nan,nan
8787,1,5,5,0,0,0,1,409,2,2,0,1,0,0,0,nan,nan,nan,nan,nan,nan,nan
8788,1,5,5,0,0,0,1,409,2,2,0,1,0,0,0,nan,nan,nan,nan,nan,nan,nan
8789,1,5,5,0,0,0,1,409,2,2,0,1,0,0,0,nan,nan,nan,nan,nan,nan,nan
8790,1,5,5,0,0,0,1,409,2,2,0,1,0,0,0,nan,nan,nan,nan,nan,nan,nan
8791,1,5,5,0,0,0,0,410,0,0,0,0,0,0,0,nan,nan,32.68533854460111,nan,nan,nan,62.90252865803632
8792,1,5,5,0,0,1,0,410,0,0,0,0,1,0,0,nan,nan,nan,nan,15.346116275344684,nan,nan
8793,1,5,5,0,0,1,0,410,0,0,0,0,1,0,0,nan,nan,nan,nan,nan,nan,nan
8794,1,5,5,0,0,1,0,410,0,0,0,0,1,0,0,nan,nan,nan,nan,nan,nan,nan
8795,1,5,5,0,0,1,0,410,0,0,0,0,1,0,0,nan,nan,nan,nan,nan,nan,nan
8796,1,5,5,0,0,0,1,410,0,0,0,0,1,0,0,nan,nan,nan,nan,nan,14.31195948540153,nan
8797,1,5,5,0,0,0,1,410,0,0,0,0,1,0,0,nan,nan,nan,nan,nan,nan,nan
8798,1,5,5,0,0,0,1,410,0,0,0,0,1,0,0,nan,nan,nan,nan,nan,nan,nan
8799,1,5,5,0,0,0,1,410,0,0,0,0,1,0,0,nan,nan,nan,nan,nan,nan,nan
8800,1,5,5,0,0,0,1,410,0,0,0,0,1,0,0,nan,nan,nan,nan,nan,nan,nan
8801,1,5,5,0,0,0,1,410,0,0,0,0,1,0,0,nan,nan,nan,nan,nan,nan,nan
8802,1,5,5,0,0,0,0,411,0,2,0,1,0,0,0,nan,29.81641374445644,nan,34.74750590473013,nan,nan,10.425249902105861
8803,1,5,5,0,0,0,0,411,0,2,0,1,0,0,0,nan,nan,nan,nan,nan,nan,nan
8804,1,5,5,0,0,0,0,411,0,2,0,1,0,0,0,nan,nan,nan,nan,nan,nan,nan
8805,1,5,5,0,0,0,0,411,0,2,0,1,0,0,0,nan,nan,nan,nan,nan,nan,nan
8806,1,5,5,0,0,0,0,411,0,2,0,1,0,0,0,nan,nan,nan,nan,nan,nan,nan
8807,1,5,5,0,0,0,0,411,2,2,0,1,0,0,0,37.68946858832169,nan,nan,nan,nan,nan,nan
8808,1,5,5,0,0,0,0,411,2,2,0,1,0,0,0,nan,nan,nan,nan,nan,nan,nan
8809,1,5,5,0,0,0,0,411,2,2,0,1,0,0,0,nan,nan,nan,nan,nan,nan,nan
8810,1,5,5,0,0,0,0,411,2,2,0,1,0,0,0,nan,nan,nan,nan,nan,nan,nan
8811,1,5,5,0,0,0,0,411,2,2,0,1,0,0,0,nan,nan,nan,nan,nan,nan,nan
8812,1,5,5,0,0,0,0,411,2,2,0,1,0,0,0,nan,nan,nan,nan,nan,nan,nan
8813,1,5,5,0,0,0,0,411,2,2,0,1,0,0,0,nan,nan,nan,nan,nan,nan,nan
8814,1,5,5,0,0,1,0,411,2,2,0,1,1,0,0,nan,nan,nan,nan,21.74759170573816,nan,nan
8815,1,5,5,0,0,1,0,411,2,2,0,1,1,0,0,nan,nan,nan,nan,nan,nan,nan
8816,1,5,5,0,0,1,0,411,0,0,0,0,1,0,0,nan,nan,25.394883756203853,nan,nan,nan,nan
8817,1,5,5,0,0,1,0,411,0,0,0,0,1,0,0,nan,nan,nan,nan,nan,nan,nan
8818,1,5,5,0,0,1,0,412,0,0,0,0,1,0,1,nan,nan,nan,nan,nan,nan,16.10930748264036
8819,1,5,5,0,0,1,0,412,0,0,0,0,1,0,1,nan,nan,nan,nan,nan,nan,nan
8820,1,5,5,0,0,1,0,412,0,0,0,0,1,0,1,nan,nan,nan,nan,nan,nan,nan
8821,1,5,5,0,0,1,0,412,0,0,0,0,1,0,1,nan,nan,nan,nan,nan,nan,nan
8822,1,5,5,0,0,1,0,412,0,0,0,0,1,0,1,nan,nan,nan,nan,nan,nan,nan
8823,1,5,5,0,0,1,0,412,0,0,0,0,1,0,1,nan,nan,nan,nan,nan,nan,nan
8824,1,5,5,0,0,1,0,412,0,0,0,0,1,0,1,nan,nan,nan,nan,nan,nan,nan
8825,1,5,5,0,0,0,0,412,0,0,0,0,1,0,0,nan,nan,nan,nan,nan,28.62722297952496,nan
8826,1,5,5,0,0,0,0,412,0,0,0,0,1,0,0,nan,nan,nan,nan,nan,nan,nan
8827,1,5,5,0,0,0,0,412,0,0,0,0,1,0,0,nan,nan,nan,nan,nan,nan,nan
8828,1,5,5,0,0,0,0,412,0,0,0,0,1,0,0,nan,nan,nan,nan,nan,nan,nan
8829,1,5,5,0,0,0,0,412,0,0,0,0,1,0,0,nan,nan,nan,nan,nan,nan,nan
8830,1,5,4,1,0,0,0,412,0,0,0,0,1,0,0,nan,nan,13.18195978553922,nan,nan,nan,nan
8831,1,5,4,0,0,0,0,412,0,0,0,0,0,0,0,nan,nan,nan,28.731993648838397,nan,nan,nan
8832,1,5,4,0,0,0,0,412,0,0,0,0,0,0,0,nan,nan,nan,nan,nan,nan,nan
8833,1,5,4,0,0,0,0,412,2,0,0,0,0,0,0,25.8794927522722,nan,nan,nan,nan,nan,nan
8834,1,5,4,0,0,0,1,412,2,0,0,0,0,1,0,nan,nan,nan,nan,nan,9.131799308701375,nan
8835,1,5,4,0,0,0,0,413,2,0,0,0,0,1,0,nan,nan,nan,nan,nan,nan,17.68417714716088
8836,1,5,4,0,0,0,0,413,2,0,0,0,0,1,0,nan,nan,nan,nan,nan,nan,nan
8837,1,5,4,0,0,0,0,413,2,0,0,0,0,1,0,nan,nan,nan,nan,nan,nan,nan
8838,1,5,4,0,0,0,0,413,2,0,0,0,0,1,0,nan,nan,nan,nan,nan,nan,nan
8839,1,5,5,0,0,0,0,413,0,0,0,0,0,1,0,nan,37.59071785404012,nan,nan,nan,nan,nan
8840,1,5,5,0,0,0,0,413,0,0,0,0,0,1,0,nan,nan,nan,nan,nan,nan,nan
8841,1,5,5,0,0,0,0,413,0,0,0,0,0,1,0,nan,nan,nan,nan,nan,nan,nan
8842,1,5,5,0,0,0,0,413,0,0,0,0,0,1,0,nan,nan,nan,nan,nan,nan,nan
8843,1,5,5,0,0,0,0,413,0,0,0,0,0,1,0,nan,nan,nan,nan,nan,nan,nan
8844,1,5,5,0,1,0,0,413,0,0,0,1,0,1,0,nan,nan,nan,13.098663550403217,nan,nan,nan
8845,1,5,5,0,1,0,0,413,0,0,0,1,0,1,0,nan,nan,nan,nan,nan,nan,nan
8846,1,5,5,0,1,0,0,413,0,0,0,1,0,1,0,nan,nan,nan,nan,nan,nan,nan
8847,1,5,5,0,1,0,0,413,0,0,0,1,0,1,0,nan,nan,nan,nan,nan,nan,nan
8848,1,5,5,0,1,0,0,414,0,0,0,1,0,1,1,nan,nan,nan,nan,nan,nan,12.939900530960585
8849,1,5,5,0,1,0,0,414,0,0,0,1,0,1,1,nan,nan,nan,nan,nan,nan,nan
8850,1,5,5,0,1,0,0,414,0,0,0,1,0,1,1,nan,nan,nan,nan,nan,nan,nan
8851,1,5,5,0,1,0,0,414,0,0,0,1,0,1,1,nan,nan,nan,nan,nan,nan,nan
8852,1,5,5,0,1,0,0,414,0,0,0,1,0,1,1,nan,nan,nan,nan,nan,nan,nan
8853,1,5,5,0,1,0,0,414,0,0,0,1,0,1,1,nan,nan,nan,nan,nan,nan,nan
8854,1,5,5,0,1,0,0,414,2,0,0,1,0,1,1,20.73675909740814,nan,nan,nan,nan,nan,nan
8855,1,5,5,0,1,0,0,414,2,0,0,1,0,1,1,nan,nan,nan,nan,nan,nan,nan
8856,1,5,5,0,1,0,0,414,2,0,0,1,0,1,1,nan,nan,nan,nan,nan,nan,nan
8857,1,5,5,0,1,0,0,414,2,0,0,1,0,1,1,nan,nan,nan,nan,nan,nan,nan
8858,1,5,5,0,1,0,0,414,2,0,0,1,0,1,1,nan,nan,nan,nan,nan,nan,nan
8859,1,5,5,0,0,0,0,414,2,0,0,1,0,0,1,nan,nan,nan,nan,45.63245917481254,nan,nan
8860,1,5,5,0,0,0,0,414,2,0,0,1,0,0,1,nan,nan,nan,nan,nan,nan,nan
8861,1,5,5,0,0,0,0,414,2,0,0,1,0,0,1,nan,nan,nan,nan,nan,nan,nan
8862,1,5,4,0,0,0,0,414,2,0,0,0,0,0,1,nan,nan,32.74962470794708,nan,nan,nan,nan
8863,1,5,4,0,0,0,0,414,2,0,0,0,0,0,1,nan,nan,nan,nan,nan,nan,nan
8864,1,5,4,0,0,0,0,414,2,0,0,0,0,0,1,nan,nan,nan,nan,nan,nan,nan
8865,1,5,4,0,0,0,0,414,2,0,0,0,0,0,1,nan,nan,nan,nan,nan,nan,nan
8866,1,5,4,0,0,0,0,414,2,0,0,0,0,0,1,nan,nan,nan,nan,nan,nan,nan
8867,1,5,4,0,0,0,0,414,2,0,0,0,0,0,1,nan,nan,nan,nan,nan,nan,nan
8868,1,5,4,0,0,0,0,414,2,0,0,0,0,0,1,nan,nan,nan,nan,nan,nan,nan
8869,1,5,4,0,0,0,0,414,2,0,0,0,0,0,1,nan,nan,nan,nan,nan,nan,nan
8870,1,5,4,0,0,0,0,414,2,0,0,0,0,0,1,nan,nan,nan,nan,nan,nan,nan
8871,1,5,4,0,0,0,0,414,2,0,0,0,0,0,1,nan,nan,nan,nan,nan,nan,nan
8872,1,5,4,0,0,0,0,414,2,0,0,0,1,0,0,nan,nan,nan,nan,12.274939891089161,38.27516081288013,nan
8873,1,5,4,0,0,0,0,414,2,0,0,0,1,0,0,nan,nan,nan,nan,nan,nan,nan
8874,1,5,4,0,0,0,0,414,2,0,0,0,1,0,0,nan,nan,nan,nan,nan,nan,nan
8875,1,5,4,0,0,0,0,414,2,0,0,0,1,0,0,nan,nan,nan,nan,nan,nan,nan
8876,1,5,4,0,0,0,0,414,2,0,0,0,1,0,0,nan,nan,nan,nan,nan,nan,nan
8877,1,5,4,0,0,0,0,414,2,0,0,0,1,0,0,nan,nan,nan,nan,nan,nan,nan
8878,1,5,4,0,0,0,0,414,2,0,0,0,1,0,0,nan,nan,nan,nan,nan,nan,nan
8879,1,5,4,0,0,0,0,414,2,0,0,0,1,0,0,nan,nan,nan,nan,nan,nan,nan
8880,1,5,5,0,0,0,0,414,0,0,0,0,1,0,0,nan,40.57233776914654,nan,nan,nan,nan,nan
8881,1,5,5,0,0,0,0,414,0,0,0,0,1,0,0,nan,nan,nan,nan,nan,nan,nan
8882,1,5,5,0,0,0,0,414,0,0,0,0,1,0,0,nan,nan,nan,nan,nan,nan,nan
8883,1,5,5,0,0,0,0,414,0,0,0,0,1,0,0,nan,nan,nan,nan,nan,nan,nan
8884,1,5,5,0,0,0,0,414,0,0,0,1,0,0,0,nan,nan,nan,40.5383814611796,nan,nan,nan
8885,1,5,5,0,0,0,0,414,0,0,0,1,0,0,0,nan,nan,nan,nan,nan,nan,nan
8886,1,5,5,0,0,0,0,414,0,0,0,1,0,0,0,nan,nan,nan,nan,nan,nan,nan
8887,1,5,5,0,0,0,0,414,0,0,0,1,0,0,0,nan,nan,nan,nan,nan,nan,nan
8888,1,5,5,0,0,0,0,414,0,0,0,1,0,0,0,nan,nan,nan,nan,nan,nan,nan
8889,1,5,5,0,0,0,0,414,0,0,0,1,0,0,0,nan,nan,nan,nan,nan,nan,nan
8890,1,5,5,0,0,0,0,414,0,0,0,1,0,0,0,nan,nan,nan,nan,nan,nan,nan
8891,1,5,5,0,0,0,0,414,0,2,0,1,0,0,0,nan,11.341128564674364,nan,nan,nan,nan,nan
8892,1,5,5,0,0,0,0,414,0,2,0,1,0,0,0,nan,nan,nan,nan,nan,nan,nan
8893,1,5,5,0,0,0,0,414,0,2,0,1,0,0,0,nan,nan,nan,nan,nan,nan,nan
8894,1,5,5,0,0,0,1,414,0,2,0,1,0,1,0,nan,nan,nan,nan,nan,22.412211446948277,nan
8895,1,5,5,0,0,0,1,414,0,2,0,1,0,1,0,nan,nan,nan,nan,nan,nan,nan
8896,1,5,5,0,0,0,1,414,0,2,0,1,0,1,0,nan,nan,nan,nan,nan,nan,nan
8897,1,5,5,0,0,0,1,414,0,2,0,1,0,1,0,nan,nan,nan,nan,nan,nan,nan
8898,1,5,5,0,0,0,1,414,0,2,0,1,0,1,0,nan,nan,nan,nan,nan,nan,nan
8899,1,5,5,0,0,0,1,414,0,2,0,1,0,1,0,nan,nan,nan,nan,nan,nan,nan
8900,1,5,5,0,0,0,1,414,0,2,0,1,0,1,0,nan,nan,nan,nan,nan,nan,nan
8901,1,5,5,0,0,0,1,414,0,2,0,1,0,1,0,nan,nan,nan,nan,nan,nan,nan
8902,1,4,5,0,0,0,1,414,0,0,0,0,1,0,0,nan,nan,39.944379968454086,nan,30.625054497566452,nan,nan
8903,1,4,5,0,0,0,1,414,0,0,0,0,1,0,0,nan,nan,nan,nan,nan,nan,nan
8904,1,4,5,0,0,0,1,414,0,0,0,0,1,0,0,nan,nan,nan,nan,nan,nan,nan
8905,1,4,5,0,0,0,1,414,0,0,0,0,1,0,0,nan,nan,nan,nan,nan,nan,nan
8906,1,4,5,0,0,0,1,414,0,0,0,0,1,0,0,nan,nan,nan,nan,nan,nan,nan
8907,1,4,5,0,0,0,1,414,0,0,0,0,1,0,0,nan,nan,nan,nan,nan,nan,nan
8908,1,4,5,0,0,0,1,414,0,0,0,0,1,0,0,nan,nan,nan,nan,nan,nan,nan
8909,1,4,5,0,0,0,0,415,0,0,0,0,1,0,0,nan,nan,nan,nan,nan,nan,60.347904020236456
8910,1,4,5,0,0,0,0,415,0,0,0,0,1,0,0,nan,nan,nan,nan,nan,nan,nan
8911,1,4,5,0,0,0,0,415,0,0,0,0,1,0,0,nan,nan,nan,nan,nan,nan,nan
8912,1,4,5,0,0,0,0,415,0,0,0,0,1,0,0,nan,nan,nan,nan,nan,nan,nan
8913,1,5,5,0,0,0,0,415,0,0,0,1,0,0,0,59.69404836618742,nan,nan,28.697661526055526,nan,nan,nan
8914,1,5,5,0,0,0,0,415,0,0,0,1,0,0,0,nan,nan,nan,nan,nan,nan,nan
8915,1,5,5,0,0,0,0,415,0,0,0,1,0,0,0,nan,nan,nan,nan,nan,nan,nan
8916,1,5,5,0,0,0,0,415,0,0,0,1,0,0,0,nan,nan,nan,nan,nan,nan,nan
8917,1,5,5,0,0,0,0,415,0,0,0,1,0,0,0,nan,nan,nan,nan,nan,nan,nan
8918,1,5,5,0,0,0,0,415,0,0,0,1,0,0,0,nan,nan,nan,nan,nan,nan,nan
8919,1,5,5,0,0,0,0,415,0,0,0,1,0,0,0,nan,nan,nan,nan,nan,nan,nan
8920,1,5,5,0,0,0,0,416,0,2,0,1,0,0,1,nan,28.622653400325362,nan,nan,nan,nan,11.05061886376825
8921,1,5,5,0,0,0,0,416,0,2,0,1,0,0,1,nan,nan,nan,nan,nan,nan,nan
8922,1,5,5,0,0,0,0,416,0,2,0,1,0,0,1,nan,nan,nan,nan,nan,nan,nan
8923,1,5,5,0,0,0,0,416,0,2,0,1,0,0,1,nan,nan,nan,nan,nan,nan,nan
8924,1,5,5,0,0,0,0,416,0,2,0,1,0,0,1,nan,nan,nan,nan,nan,nan,nan
8925,1,5,5,0,0,0,0,416,0,2,0,1,0,1,0,nan,nan,nan,nan,nan,30.487258795810703,nan
8926,1,5,5,0,0,0,0,416,0,0,0,0,1,0,0,12.47177983626716,nan,23.8823093537776,nan,23.719109522457074,nan,nan
8927,1,5,5,0,0,0,0,416,0,0,0,0,1,0,0,nan,nan,nan,nan,nan,nan,nan
8928,1,5,5,0,0,0,0,416,0,0,0,0,1,0,0,nan,nan,nan,nan,nan,nan,nan
8929,1,5,5,0,0,0,0,416,0,0,0,0,1,0,0,nan,nan,nan,nan,nan,nan,nan
8930,1,5,5,0,0,0,0,416,0,0,0,0,1,0,0,nan,nan,nan,nan,nan,nan,nan
8931,1,5,5,0,0,0,0,416,0,0,0,0,1,0,0,nan,nan,nan,nan,nan,nan,nan
8932,1,5,5,0,0,0,0,416,0,0,0,0,1,0,0,nan,nan,nan,nan,nan,nan,nan
8933,1,5,5,0,0,0,0,416,0,0,0,0,1,0,0,nan,nan,nan,nan,nan,nan,nan
8934,1,5,5,0,0,0,0,416,0,0,0,0,1,0,0,nan,nan,nan,nan,nan,nan,nan
8935,1,5,5,0,0,0,0,416,0,0,0,0,1,0,0,nan,nan,nan,nan,nan,nan,nan
8936,1,5,5,0,0,0,0,416,0,0,0,0,1,0,0,nan,nan,nan,nan,nan,nan,nan
8937,1,5,5,0,0,0,1,416,0,0,0,0,1,1,0,nan,nan,nan,nan,nan,12.435011638654032,nan
8938,1,5,5,0,0,0,1,416,0,0,0,0,1,1,0,nan,nan,nan,nan,nan,nan,nan
8939,1,5,5,0,0,0,1,416,0,2,0,0,1,1,0,nan,18.65186638731757,nan,nan,nan,nan,nan
8940,1,5,5,0,0,0,1,416,0,2,0,0,1,1,0,nan,nan,nan,nan,nan,nan,nan
8941,1,5,5,0,0,0,1,416,0,2,0,0,1,1,0,nan,nan,nan,nan,nan,nan,nan
8942,1,5,5,0,0,0,1,416,0,2,0,0,1,1,0,nan,nan,nan,nan,nan,nan,nan
8943,1,5,5,0,0,0,1,416,0,2,0,0,1,1,0,nan,nan,nan,nan,nan,nan,nan
8944,1,5,5,0,0,0,1,416,0,2,0,0,1,1,0,nan,nan,nan,nan,nan,nan,nan
8945,1,5,5,0,0,0,0,417,0,2,0,0,1,1,0,nan,nan,nan,nan,nan,nan,25.342852406121892
8946,1,5,5,0,0,0,0,417,0,2,0,0,1,1,0,nan,nan,nan,nan,nan,nan,nan
8947,1,5,5,0,0,0,0,417,0,2,0,0,1,1,0,nan,nan,nan,nan,nan,nan,nan
8948,1,5,5,0,0,0,0,417,0,2,0,0,1,1,0,nan,nan,nan,nan,nan,nan,nan
8949,1,5,5,0,0,0,0,417,0,2,0,0,1,1,0,nan,nan,nan,nan,nan,nan,nan
8950,1,5,5,0,0,0,0,417,0,2,0,0,1,1,0,nan,nan,nan,nan,nan,nan,nan
8951,1,5,5,0,0,0,0,417,0,2,0,0,1,1,0,nan,nan,nan,nan,nan,nan,nan
8952,1,5,5,0,0,0,0,417,0,2,0,0,1,1,0,nan,nan,nan,nan,nan,nan,nan
8953,1,5,5,0,0,0,0,417,2,2,0,0,1,1,0,27.191716006596835,nan,nan,nan,nan,nan,nan
8954,1,5,5,0,0,0,0,417,0,0,0,0,0,1,0,nan,nan,27.36505899860458,40.79450931555948,nan,nan,nan
8955,1,5,5,0,0,0,0,417,0,0,0,0,0,1,0,nan,nan,nan,nan,nan,nan,nan
8956,1,5,5,0,0,0,0,417,0,0,0,0,0,1,0,nan,nan,nan,nan,nan,nan,nan
8957,1,5,5,0,0,0,0,417,0,0,0,0,0,1,0,nan,nan,nan,nan,nan,nan,nan
8958,1,5,5,0,0,0,0,417,0,0,0,0,0,1,0,nan,nan,nan,nan,nan,nan,nan
8959,1,5,5,0,0,0,0,417,0,0,0,0,0,1,0,nan,nan,nan,nan,nan,nan,nan
8960,1,5,5,0,0,0,0,417,0,0,0,0,0,1,0,nan,nan,nan,nan,nan,nan,nan
8961,1,5,5,0,0,0,0,417,0,0,0,0,0,1,0,nan,nan,nan,nan,nan,nan,nan
8962,1,5,5,0,0,0,0,418,0,0,0,0,0,1,1,nan,nan,nan,nan,nan,nan,16.631707232598274
8963,1,5,5,0,0,0,0,418,0,0,0,0,0,1,1,nan,nan,nan,nan,nan,nan,nan
8964,1,5,5,0,0,0,0,418,0,0,0,0,0,1,1,nan,nan,nan,nan,nan,nan,nan
8965,1,5,5,0,0,0,0,418,2,0,0,0,0,1,1,12.342084862582851,nan,nan,nan,nan,nan,nan
8966,1,5,5,0,0,0,0,418,2,0,0,0,0,1,1,nan,nan,nan,nan,nan,nan,nan
8967,1,5,5,0,0,0,0,418,2,0,0,0,0,1,1,nan,nan,nan,nan,nan,nan,nan
8968,1,5,5,0,0,0,0,418,2,0,0,0,0,1,1,nan,nan,nan,nan,nan,nan,nan
8969,1,5,5,0,0,0,0,418,2,0,0,0,1,0,1,nan,nan,nan,nan,42.96041374731067,nan,nan
8970,1,5,5,0,0,0,0,418,2,0,0,0,1,0,1,nan,nan,nan,nan,nan,nan,nan
8971,1,5,5,0,0,0,0,418,2,0,0,0,1,0,1,nan,nan,nan,nan,nan,nan,nan
8972,1,5,5,0,0,0,0,418,2,0,0,0,1,0,1,nan,nan,nan,nan,nan,nan,nan
8973,1,5,5,0,0,0,0,418,2,2,0,0,1,0,1,nan,34.72138488874225,nan,nan,nan,nan,nan
8974,1,5,5,0,0,0,0,418,2,2,0,0,1,0,1,nan,nan,nan,nan,nan,nan,nan
8975,1,5,5,0,0,0,0,418,2,2,0,0,1,0,1,nan,nan,nan,nan,nan,nan,nan
8976,1,5,5,0,0,0,0,418,2,2,0,0,1,0,1,nan,nan,nan,nan,nan,nan,nan
8977,1,5,5,0,0,0,0,418,2,2,0,0,1,0,1,nan,nan,nan,nan,nan,nan,nan
8978,1,5,5,0,0,0,0,418,2,2,0,0,1,0,1,nan,nan,nan,nan,nan,nan,nan
8979,1,5,5,0,0,0,0,418,2,2,0,1,0,0,1,nan,nan,nan,25.53664195726924,nan,nan,nan
8980,1,5,5,0,0,0,0,418,2,2,0,1,0,0,1,nan,nan,nan,nan,nan,nan,nan
8981,1,5,5,0,0,0,0,418,2,2,0,1,0,0,1,nan,nan,nan,nan,nan,nan,nan
8982,1,5,5,0,0,0,0,418,2,2,0,1,0,0,1,nan,nan,nan,nan,nan,nan,nan
8983,1,5,5,0,0,0,0,418,2,2,0,1,0,0,1,nan,nan,nan,nan,nan,nan,nan
8984,1,5,5,0,0,0,0,418,2,2,0,1,0,0,1,nan,nan,nan,nan,nan,nan,nan
8985,1,5,5,0,0,0,0,418,2,2,0,1,0,0,1,nan,nan,nan,nan,nan,nan,nan
8986,1,5,5,0,0,0,0,418,2,2,0,1,0,0,1,nan,nan,nan,nan,nan,nan,nan
8987,1,5,5,0,0,0,0,418,2,2,0,1,0,0,1,nan,nan,nan,nan,nan,nan,nan
8988,1,5,5,0,0,0,0,418,2,2,0,1,0,0,1,nan,nan,nan,nan,nan,nan,nan
8989,1,5,5,0,0,0,0,418,2,2,0,1,0,0,1,nan,nan,nan,nan,nan,nan,nan
8990,1,5,5,0,0,0,0,418,2,2,0,1,0,0,1,nan,nan,nan,nan,nan,nan,nan
8991,1,5,5,0,0,0,0,418,2,2,0,1,0,0,1,nan,nan,nan,nan,nan,nan,nan
8992,1,5,5,0,0,0,0,418,2,2,0,1,0,0,1,nan,nan,nan,nan,nan,nan,nan
8993,1,5,5,0,0,1,0,418,2,2,0,1,1,0,1,nan,nan,nan,nan,24.04060991139886,nan,nan
8994,1,5,5,0,0,1,0,418,2,2,0,1,1,0,1,nan,nan,nan,nan,nan,nan,nan
8995,1,5,5,0,0,1,0,418,2,2,0,1,1,0,1,nan,nan,nan,nan,nan,nan,nan
8996,1,5,5,0,0,1,0,418,2,2,0,1,1,0,1,nan,nan,nan,nan,nan,nan,nan
8997,1,5,5,0,0,1,0,418,2,2,0,1,1,0,1,nan,nan,nan,nan,nan,nan,nan
8998,1,5,5,0,0,1,0,418,2,2,0,1,1,0,1,nan,nan,nan,nan,nan,nan,nan
8999,1,5,5,0,0,1,0,418,0,0,0,0,1,0,1,nan,nan,45.765606968912834,nan,nan,nan,nan
9000,1,5,5,0,0,1,0,418,0,0,0,0,1,0,1,nan,nan,nan,nan,nan,nan,nan
9001,1,5,5,0,0,0,0,418,0,0,0,0,1,0,0,nan,nan,nan,nan,nan,64.18530108873347,nan
9002,1,5,5,0,0,0,0,418,0,0,0,0,1,0,0,nan,nan,nan,nan,nan,nan,nan
9003,1,5,5,0,0,0,0,418,0,0,0,0,1,0,0,nan,nan,nan,nan,nan,nan,nan
9004,1,5,5,0,0,0,0,418,0,0,0,0,1,0,0,nan,nan,nan,nan,nan,nan,nan
9005,1,5,5,0,0,0,0,418,0,0,0,0,1,0,0,nan,nan,nan,nan,nan,nan,nan
9006,1,5,5,0,0,0,0,418,0,0,0,0,1,0,0,nan,nan,nan,nan,nan,nan,nan
9007,1,5,5,0,0,0,0,418,0,0,0,0,1,0,0,nan,nan,nan,nan,nan,nan,nan
9008,1,5,5,0,0,0,0,418,0,0,0,0,1,0,0,nan,nan,nan,nan,nan,nan,nan
9009,1,5,5,0,0,0,0,418,0,0,0,0,1,0,0,nan,nan,nan,nan,nan,nan,nan
9010,1,5,5,0,0,0,0,418,0,0,0,0,1,0,0,nan,nan,nan,nan,nan,nan,nan
9011,1,5,5,0,0,0,0,418,0,0,0,0,1,0,0,nan,nan,nan,nan,nan,nan,nan
9012,1,5,5,0,0,0,0,418,0,0,0,0,1,0,0,nan,nan,nan,nan,nan,nan,nan
9013,1,5,5,0,0,0,0,418,0,0,0,0,1,0,0,nan,nan,nan,nan,nan,nan,nan
9014,1,5,5,0,0,0,0,418,0,0,0,0,1,0,0,nan,nan,nan,nan,nan,nan,nan
9015,1,5,5,0,0,0,0,418,0,0,0,0,1,0,0,nan,nan,nan,nan,nan,nan,nan
9016,1,5,5,0,0,0,0,418,0,2,0,0,1,0,0,nan,42.270010742106024,nan,nan,nan,nan,nan
9017,1,5,5,1,0,0,0,418,0,0,0,0,1,0,0,51.047190059278364,nan,18.139718955522767,nan,nan,nan,nan
9018,1,5,5,1,0,0,0,419,0,0,0,0,1,1,0,nan,nan,nan,nan,nan,16.11658164864457,56.71481399692857
9019,1,5,5,1,0,0,0,419,0,0,0,0,1,1,0,nan,nan,nan,nan,nan,nan,nan
9020,1,5,5,1,0,0,0,419,0,0,0,0,1,1,0,nan,nan,nan,nan,nan,nan,nan
9021,1,5,5,1,0,0,0,419,0,0,0,0,1,1,0,nan,nan,nan,nan,nan,nan,nan
9022,1,5,5,1,0,0,0,419,0,0,0,0,1,1,0,nan,nan,nan,nan,nan,nan,nan
9023,1,5,5,0,0,0,0,419,0,0,0,0,0,1,0,nan,nan,nan,43.673332146323446,nan,nan,nan
9024,1,5,5,0,0,0,0,419,0,0,0,0,0,1,0,nan,nan,nan,nan,nan,nan,nan
9025,1,5,5,0,0,0,0,419,0,0,0,0,0,1,0,nan,nan,nan,nan,nan,nan,nan
9026,1,5,5,0,0,0,0,419,0,0,0,0,0,1,0,nan,nan,nan,nan,nan,nan,nan
9027,1,5,5,0,0,0,0,419,0,0,0,0,0,1,0,nan,nan,nan,nan,nan,nan,nan
9028,1,5,5,0,0,0,0,419,0,0,0,0,0,1,0,nan,nan,nan,nan,nan,nan,nan
9029,1,5,5,0,0,0,0,419,0,0,0,0,0,1,0,nan,nan,nan,nan,nan,nan,nan
9030,1,5,5,0,0,0,0,419,0,0,0,0,0,1,0,nan,nan,nan,nan,nan,nan,nan
9031,1,5,5,0,0,0,0,419,0,0,0,0,0,1,0,nan,nan,nan,nan,nan,nan,nan
9032,1,5,5,0,0,0,0,419,0,0,0,0,0,1,0,nan,nan,nan,nan,nan,nan,nan
9033,1,5,4,1,0,0,0,419,0,0,0,0,0,1,0,nan,nan,15.21561241956806,nan,nan,nan,nan
9034,1,5,4,1,0,0,0,419,0,0,0,0,0,1,0,nan,nan,nan,nan,nan,nan,nan
9035,1,5,4,1,0,0,0,419,0,0,0,0,0,1,0,nan,nan,nan,nan,nan,nan,nan
9036,1,5,4,1,0,0,0,420,0,0,0,0,0,1,1,nan,nan,nan,nan,nan,nan,17.813817970923992
9037,1,5,4,1,0,0,0,420,0,0,0,0,0,1,1,nan,nan,nan,nan,nan,nan,nan
9038,1,5,4,0,1,0,0,420,0,0,0,0,0,1,1,nan,nan,nan,15.196539467877301,nan,nan,nan
9039,1,4,5,0,1,0,0,420,0,0,0,0,0,1,1,nan,23.57632204370384,nan,nan,nan,nan,nan
9040,1,4,5,0,1,0,0,420,0,0,0,0,0,1,1,nan,nan,nan,nan,nan,nan,nan
9041,1,4,5,0,1,0,0,420,0,0,0,0,0,1,1,nan,nan,nan,nan,nan,nan,nan
9042,1,4,5,0,1,0,0,420,0,0,0,0,0,1,1,nan,nan,nan,nan,nan,nan,nan
9043,1,5,5,0,1,0,0,420,0,0,0,0,0,1,1,26.625554861977434,nan,nan,nan,nan,nan,nan
9044,1,5,5,0,1,0,0,420,0,0,0,0,0,1,1,nan,nan,nan,nan,nan,nan,nan
9045,1,5,5,0,1,0,0,420,0,0,0,0,0,1,1,nan,nan,nan,nan,nan,nan,nan
9046,1,5,5,0,1,0,0,420,0,0,0,0,0,1,1,nan,nan,nan,nan,nan,nan,nan
9047,1,5,5,0,1,0,0,420,0,0,0,0,0,1,1,nan,nan,nan,nan,nan,nan,nan
9048,1,5,5,0,1,0,0,420,0,0,0,0,0,1,1,nan,nan,nan,nan,nan,nan,nan
9049,1,5,5,0,1,0,0,420,0,0,0,0,0,1,1,nan,nan,nan,nan,nan,nan,nan
9050,1,5,5,0,1,0,0,420,0,0,0,0,0,1,1,nan,nan,nan,nan,nan,nan,nan
9051,1,5,5,0,1,0,0,420,0,0,0,0,0,1,1,nan,nan,nan,nan,nan,nan,nan
9052,1,5,5,0,1,0,0,420,0,0,0,0,0,1,1,nan,nan,nan,nan,nan,nan,nan
9053,1,5,5,0,1,0,0,420,0,0,0,0,0,1,1,nan,nan,nan,nan,nan,nan,nan
9054,1,5,5,0,1,0,0,420,0,0,0,0,0,1,1,nan,nan,nan,nan,nan,nan,nan
9055,1,5,5,0,0,0,0,420,2,0,0,0,0,0,1,11.553952616393872,nan,nan,nan,62.582013840024956,nan,nan
9056,1,5,5,0,1,0,0,420,2,0,0,1,0,0,1,nan,nan,nan,18.167249220938174,nan,nan,nan
9057,1,5,5,0,1,0,0,420,2,0,0,1,0,0,1,nan,nan,nan,nan,nan,nan,nan
9058,1,5,5,0,1,0,0,420,2,0,0,1,0,0,1,nan,nan,nan,nan,nan,nan,nan
9059,1,5,5,0,1,0,0,420,2,0,0,1,0,0,1,nan,nan,nan,nan,nan,nan,nan
9060,1,5,4,0,1,0,0,420,2,0,0,0,0,0,1,nan,nan,27.66049869130984,nan,nan,nan,nan
9061,1,5,4,0,1,0,0,420,2,0,0,0,0,0,1,nan,nan,nan,nan,nan,nan,nan
9062,1,5,4,0,1,0,0,420,2,0,0,0,0,0,1,nan,nan,nan,nan,nan,nan,nan
9063,1,5,4,0,1,0,0,420,2,0,0,0,0,0,1,nan,nan,nan,nan,nan,nan,nan
9064,1,5,4,0,1,0,0,420,2,0,0,0,0,0,1,nan,nan,nan,nan,nan,nan,nan
9065,1,5,4,0,1,0,0,420,2,0,0,0,0,0,1,nan,nan,nan,nan,nan,nan,nan
9066,1,5,4,0,1,0,0,420,2,0,0,0,0,0,1,nan,nan,nan,nan,nan,nan,nan
9067,1,5,4,0,1,0,0,420,2,0,0,0,0,0,1,nan,nan,nan,nan,nan,nan,nan
9068,1,5,4,0,1,0,0,420,2,0,0,0,0,0,1,nan,nan,nan,nan,nan,nan,nan
9069,1,5,4,0,1,0,0,420,2,0,0,0,0,0,1,nan,nan,nan,nan,nan,nan,nan
9070,1,5,4,0,1,0,0,420,2,0,0,0,0,0,1,nan,nan,nan,nan,nan,nan,nan
9071,1,5,4,0,0,1,0,420,2,0,0,0,0,0,1,nan,nan,nan,nan,15.488979791351085,nan,nan
9072,1,5,5,0,0,1,0,420,0,0,0,0,0,0,1,nan,32.897098446406744,nan,nan,nan,nan,nan
9073,1,5,5,0,0,1,0,420,0,0,0,0,0,0,1,nan,nan,nan,nan,nan,nan,nan
9074,1,5,4,1,0,1,0,420,0,0,0,0,0,0,1,nan,nan,13.751930641839863,nan,nan,nan,nan
9075,1,5,4,1,0,1,0,420,0,0,0,0,0,0,1,nan,nan,nan,nan,nan,nan,nan
9076,1,5,4,1,0,1,0,420,0,0,0,0,0,0,1,nan,nan,nan,nan,nan,nan,nan
9077,1,5,4,1,0,1,0,420,0,0,0,0,0,0,1,nan,nan,nan,nan,nan,nan,nan
9078,1,5,4,1,0,1,0,420,0,0,0,0,0,0,1,nan,nan,nan,nan,nan,nan,nan
9079,1,5,4,1,0,1,0,420,0,0,0,0,0,0,1,nan,nan,nan,nan,nan,nan,nan
9080,1,5,4,1,0,1,0,420,0,0,0,0,0,0,1,nan,nan,nan,nan,nan,nan,nan
9081,1,5,4,1,0,0,0,420,0,0,0,0,0,0,0,nan,nan,nan,nan,nan,63.29924681713419,nan
9082,1,4,5,1,0,0,0,420,0,0,0,0,0,0,0,nan,10.45724944448375,nan,nan,nan,nan,nan
9083,1,4,5,1,0,0,0,420,0,0,0,0,0,0,0,nan,nan,nan,nan,nan,nan,nan
9084,1,4,5,1,0,1,0,420,0,0,0,0,1,0,0,nan,nan,nan,nan,13.20847904414586,nan,nan
9085,1,4,5,0,0,1,0,420,0,0,0,0,0,0,0,nan,nan,nan,28.615159011960714,nan,nan,nan
9086,1,4,5,0,0,1,0,420,0,0,0,0,0,0,0,nan,nan,nan,nan,nan,nan,nan
9087,1,4,5,0,0,1,0,420,0,0,0,0,0,0,0,nan,nan,nan,nan,nan,nan,nan
9088,1,4,5,0,0,1,0,420,0,0,0,0,0,0,0,nan,nan,nan,nan,nan,nan,nan
9089,1,4,5,0,0,1,0,420,0,0,0,0,0,0,0,nan,nan,nan,nan,nan,nan,nan
9090,1,4,5,0,0,1,0,420,0,0,0,0,0,0,0,nan,nan,nan,nan,nan,nan,nan
9091,1,5,5,0,0,1,0,420,0,0,0,0,0,0,0,36.575835516374354,nan,nan,nan,nan,nan,nan
9092,1,5,4,1,0,1,0,420,0,0,0,0,0,0,0,nan,nan,17.565261610501693,nan,nan,nan,nan
9093,1,5,4,1,0,1,0,420,0,0,0,0,0,0,0,nan,nan,nan,nan,nan,nan,nan
9094,1,5,4,1,0,1,0,420,0,0,0,0,0,0,0,nan,nan,nan,nan,nan,nan,nan
9095,1,5,4,1,0,1,0,420,0,0,0,0,0,0,0,nan,nan,nan,nan,nan,nan,nan
9096,1,5,4,1,0,0,1,420,0,0,0,0,0,0,0,nan,nan,nan,nan,nan,14.945984782272717,nan
9097,1,5,4,1,0,0,1,420,0,0,0,0,0,0,0,nan,nan,nan,nan,nan,nan,nan
9098,1,5,4,1,0,1,1,420,0,0,0,0,1,0,0,nan,nan,nan,nan,13.976302419967396,nan,nan
9099,1,5,4,1,0,1,1,420,0,0,0,0,1,0,0,nan,nan,nan,nan,nan,nan,nan
9100,1,5,4,1,0,1,1,420,0,0,0,0,1,0,0,nan,nan,nan,nan,nan,nan,nan
9101,1,5,4,0,0,1,1,420,0,0,0,0,0,0,0,nan,nan,nan,16.07476742999279,nan,nan,nan
9102,1,5,4,0,0,1,1,420,0,0,0,0,0,0,0,nan,nan,nan,nan,nan,nan,nan
9103,1,5,4,0,0,1,1,420,0,0,0,0,0,0,0,nan,nan,nan,nan,nan,nan,nan
9104,1,5,4,0,0,1,1,420,0,0,0,0,0,0,0,nan,nan,nan,nan,nan,nan,nan
9105,1,4,5,0,0,1,1,420,0,0,0,0,0,0,0,nan,22.91781826507213,nan,nan,nan,nan,nan
9106,1,4,5,0,0,1,1,420,0,0,0,0,0,0,0,nan,nan,nan,nan,nan,nan,nan
9107,1,5,5,0,0,1,0,421,0,0,0,0,0,0,0,15.333259488246767,nan,nan,nan,nan,nan,70.4488160042165
9108,1,5,5,0,0,1,0,421,0,0,0,0,0,0,0,nan,nan,nan,nan,nan,nan,nan
9109,1,5,5,0,0,1,0,421,0,0,0,0,0,0,0,nan,nan,nan,nan,nan,nan,nan
9110,1,5,5,0,0,1,0,421,0,0,0,0,0,0,0,nan,nan,nan,nan,nan,nan,nan
9111,1,5,5,0,0,1,0,421,0,0,0,0,0,0,0,nan,nan,nan,nan,nan,nan,nan
9112,1,5,5,0,0,0,1,421,0,0,0,0,0,0,0,nan,nan,nan,nan,nan,16.49085296002704,nan
9113,1,5,5,0,0,0,1,421,0,0,0,0,0,0,0,nan,nan,nan,nan,nan,nan,nan
9114,1,5,5,0,0,0,1,421,0,0,0,0,0,0,0,nan,nan,nan,nan,nan,nan,nan
9115,1,5,5,0,0,0,1,421,2,0,0,0,0,0,0,8.721506405445325,nan,nan,nan,nan,nan,nan
9116,1,5,5,0,0,0,1,421,2,0,0,0,0,0,0,nan,nan,nan,nan,nan,nan,nan
9117,1,5,5,0,0,0,1,421,2,0,0,0,0,0,0,nan,nan,nan,nan,nan,nan,nan
9118,1,5,5,0,1,0,1,421,2,0,0,1,0,0,0,nan,nan,nan,16.85635270847706,nan,nan,nan
9119,1,5,4,0,1,0,1,421,2,0,0,0,0,0,0,nan,nan,27.145424648526387,nan,nan,nan,nan
9120,1,5,4,0,1,0,1,421,2,0,0,0,0,0,0,nan,nan,nan,nan,nan,nan,nan
9121,1,5,4,0,1,0,1,421,2,0,0,0,0,0,0,nan,nan,nan,nan,nan,nan,nan
9122,1,5,4,0,1,0,1,421,2,0,0,0,0,0,0,nan,nan,nan,nan,nan,nan,nan
9123,1,5,4,0,1,0,1,421,2,0,0,0,0,0,0,nan,nan,nan,nan,nan,nan,nan
9124,1,5,4,0,1,0,1,421,2,0,0,0,0,0,0,nan,nan,nan,nan,nan,nan,nan
9125,1,5,4,0,1,0,1,421,2,0,0,0,0,0,0,nan,nan,nan,nan,nan,nan,nan
9126,1,5,4,0,1,0,1,421,2,0,0,0,0,0,0,nan,nan,nan,nan,nan,nan,nan
9127,1,5,4,0,1,0,0,422,2,0,0,0,0,0,0,nan,nan,nan,nan,nan,nan,20.411156753778414
9128,1,5,5,0,1,0,0,422,0,0,0,0,0,0,0,nan,22.15256195850452,nan,nan,nan,nan,nan
9129,1,5,5,0,0,1,0,422,0,0,0,0,0,0,0,nan,nan,nan,nan,31.14136415010944,nan,nan
9130,1,5,5,0,0,1,0,422,0,0,0,0,0,0,0,nan,nan,nan,nan,nan,nan,nan
9131,1,5,5,0,0,1,0,422,0,0,0,0,0,0,0,nan,nan,nan,nan,nan,nan,nan
9132,1,5,5,0,0,1,0,422,0,0,0,0,0,0,0,nan,nan,nan,nan,nan,nan,nan
9133,1,5,5,0,0,1,0,422,0,0,0,0,0,0,0,nan,nan,nan,nan,nan,nan,nan
9134,1,5,5,0,0,1,0,422,0,0,0,0,0,0,0,nan,nan,nan,nan,nan,nan,nan
9135,1,5,5,0,0,1,0,422,0,0,0,0,0,0,0,nan,nan,nan,nan,nan,nan,nan
9136,1,5,5,0,0,1,0,422,0,2,0,0,0,0,0,nan,8.474275245604076,nan,nan,nan,nan,nan
9137,1,5,5,0,0,1,0,422,0,2,0,0,0,0,0,nan,nan,nan,nan,nan,nan,nan
9138,1,5,5,0,0,1,0,422,0,2,0,0,0,0,0,nan,nan,nan,nan,nan,nan,nan
9139,1,5,5,0,1,0,1,422,0,2,0,1,0,0,0,nan,nan,nan,21.61078416480268,nan,27.09092354984932,nan
9140,1,5,5,0,1,0,1,422,0,2,0,1,0,0,0,nan,nan,nan,nan,nan,nan,nan
9141,1,5,5,0,1,0,1,422,0,2,0,1,0,0,0,nan,nan,nan,nan,nan,nan,nan
9142,1,5,5,0,1,0,1,422,0,2,0,1,0,0,0,nan,nan,nan,nan,nan,nan,nan
9143,1,5,5,0,1,0,1,422,2,2,0,1,0,0,0,27.92756394110438,nan,nan,nan,nan,nan,nan
9144,1,5,5,0,0,1,1,422,2,2,0,1,0,0,0,nan,nan,nan,nan,14.821302460948573,nan,nan
9145,1,5,5,0,0,1,1,422,2,2,0,1,0,0,0,nan,nan,nan,nan,nan,nan,nan
9146,1,5,5,0,0,1,1,422,2,2,0,1,0,0,0,nan,nan,nan,nan,nan,nan,nan
9147,1,5,5,0,0,1,1,422,2,2,0,1,0,0,0,nan,nan,nan,nan,nan,nan,nan
9148,1,5,5,0,0,1,1,422,0,0,0,0,0,0,0,nan,nan,29.525172729980113,nan,nan,nan,nan
9149,1,5,5,0,0,1,0,423,0,0,0,0,0,0,0,nan,nan,nan,nan,nan,nan,22.375657398913972
9150,1,5,5,0,0,1,0,423,0,0,0,0,0,0,0,nan,nan,nan,nan,nan,nan,nan
9151,1,5,5,0,0,1,0,423,0,0,0,0,0,0,0,nan,nan,nan,nan,nan,nan,nan
9152,1,5,5,0,0,1,0,423,0,0,0,0,0,0,0,nan,nan,nan,nan,nan,nan,nan
9153,1,5,5,0,0,1,0,423,0,0,0,0,0,0,0,nan,nan,nan,nan,nan,nan,nan
9154,1,5,5,0,0,1,0,423,0,0,0,0,0,0,0,nan,nan,nan,nan,nan,nan,nan
9155,1,5,5,0,0,2,0,423,0,0,0,0,1,0,0,nan,nan,nan,nan,11.384454182632908,nan,nan
9156,1,5,5,0,0,2,0,423,0,0,0,0,1,0,0,nan,nan,nan,nan,nan,nan,nan
9157,1,5,5,0,0,2,0,423,0,0,0,0,1,0,0,nan,nan,nan,nan,nan,nan,nan
9158,1,5,5,0,0,2,0,423,0,0,0,0,1,0,0,nan,nan,nan,nan,nan,nan,nan
9159,1,5,5,0,0,2,0,423,0,2,0,0,1,0,0,nan,22.918186664803216,nan,nan,nan,nan,nan
9160,1,5,5,0,0,2,0,423,0,2,0,0,1,0,0,nan,nan,nan,nan,nan,nan,nan
9161,1,5,5,0,0,2,0,423,2,2,0,0,1,0,0,17.423713620324634,nan,nan,nan,nan,nan,nan
9162,1,5,5,0,0,2,0,423,2,2,0,0,1,0,0,nan,nan,nan,nan,nan,nan,nan
9163,1,5,5,0,0,2,0,423,2,2,0,0,1,0,0,nan,nan,nan,nan,nan,nan,nan
9164,1,5,5,0,0,2,0,423,2,2,0,0,1,0,0,nan,nan,nan,nan,nan,nan,nan
9165,1,5,5,0,0,2,0,424,2,2,0,1,0,0,1,nan,nan,nan,25.21307798892485,nan,nan,15.990283361426918
9166,1,5,5,0,0,2,0,424,2,2,0,1,0,0,1,nan,nan,nan,nan,nan,nan,nan
9167,1,5,5,0,0,1,0,424,2,2,0,1,0,0,0,nan,nan,nan,nan,nan,28.072253726375493,nan
9168,1,5,5,0,0,1,0,424,0,0,0,0,0,0,0,nan,nan,19.36377138853277,nan,nan,nan,nan
9169,1,5,5,0,0,1,0,424,0,0,0,0,0,0,0,nan,nan,nan,nan,nan,nan,nan
9170,1,5,5,0,0,1,0,424,0,0,0,0,0,0,0,nan,nan,nan,nan,nan,nan,nan
9171,1,5,5,0,0,1,0,424,0,0,0,0,0,0,0,nan,nan,nan,nan,nan,nan,nan
9172,1,5,5,0,0,1,0,424,0,0,0,0,0,0,0,nan,nan,nan,nan,nan,nan,nan
9173,1,5,5,0,0,1,0,424,0,0,0,0,0,0,0,nan,nan,nan,nan,nan,nan,nan
9174,1,5,5,0,0,2,0,424,0,0,0,0,1,0,0,nan,nan,nan,nan,18.159660438752326,nan,nan
9175,1,5,5,0,0,2,0,424,0,0,0,0,1,0,0,nan,nan,nan,nan,nan,nan,nan
9176,1,5,5,0,0,2,0,424,0,0,0,0,1,0,0,nan,nan,nan,nan,nan,nan,nan
9177,1,5,5,0,0,2,0,424,0,0,0,0,1,0,0,nan,nan,nan,nan,nan,nan,nan
9178,1,5,5,0,0,2,0,424,0,0,0,0,1,0,0,nan,nan,nan,nan,nan,nan,nan
9179,1,5,5,0,0,2,0,424,0,0,0,0,1,0,0,nan,nan,nan,nan,nan,nan,nan
9180,1,5,5,0,0,2,0,424,0,0,0,1,0,0,0,nan,nan,nan,15.8126570402801,nan,nan,nan
9181,1,5,5,0,0,2,0,424,2,0,0,1,0,0,0,20.78522878621152,nan,nan,nan,nan,nan,nan
9182,1,5,5,0,0,2,0,424,2,2,0,1,0,0,0,nan,23.41960618730627,nan,nan,nan,nan,nan
9183,1,5,5,0,0,2,0,424,2,2,0,1,0,0,0,nan,nan,nan,nan,nan,nan,nan
9184,1,5,5,0,0,2,0,424,2,2,0,1,0,0,0,nan,nan,nan,nan,nan,nan,nan
9185,1,5,5,0,0,2,0,424,2,2,0,1,0,0,0,nan,nan,nan,nan,nan,nan,nan
9186,1,5,5,0,0,2,0,424,2,2,0,1,0,0,0,nan,nan,nan,nan,nan,nan,nan
9187,1,5,5,0,0,1,1,424,2,2,0,1,0,0,0,nan,nan,nan,nan,nan,19.68678346813067,nan
9188,1,5,5,0,0,1,1,424,2,2,0,1,0,0,0,nan,nan,nan,nan,nan,nan,nan
9189,1,5,5,0,0,1,1,424,2,2,0,1,0,0,0,nan,nan,nan,nan,nan,nan,nan
9190,1,5,5,0,0,1,1,424,2,2,0,1,0,0,0,nan,nan,nan,nan,nan,nan,nan
9191,1,5,5,0,0,1,0,425,0,0,0,0,0,0,0,nan,nan,23.6513552828128,nan,nan,nan,25.82746476767352
9192,1,5,5,0,0,1,0,425,0,0,0,0,0,0,0,nan,nan,nan,nan,nan,nan,nan
9193,1,5,5,0,0,1,0,425,0,0,0,0,0,0,0,nan,nan,nan,nan,nan,nan,nan
9194,1,5,5,0,0,1,0,425,0,0,0,0,0,0,0,nan,nan,nan,nan,nan,nan,nan
9195,1,5,5,0,0,1,0,425,0,0,0,0,0,0,0,nan,nan,nan,nan,nan,nan,nan
9196,1,5,5,0,0,1,0,425,0,0,0,0,0,0,0,nan,nan,nan,nan,nan,nan,nan
9197,1,5,5,0,0,1,0,425,0,0,0,0,0,0,0,nan,nan,nan,nan,nan,nan,nan
9198,1,5,5,0,0,1,0,425,0,0,0,0,0,0,0,nan,nan,nan,nan,nan,nan,nan
9199,1,5,5,0,0,1,0,425,0,0,0,0,0,0,0,nan,nan,nan,nan,nan,nan,nan
9200,1,5,5,0,0,0,1,425,0,0,0,0,0,0,0,nan,nan,nan,nan,nan,12.870570304154171,nan
9201,1,5,5,0,0,0,1,425,0,0,0,0,0,0,0,nan,nan,nan,nan,nan,nan,nan
9202,1,5,5,0,0,0,1,425,0,0,0,0,0,0,0,nan,nan,nan,nan,nan,nan,nan
9203,1,5,5,0,0,0,1,425,0,0,0,0,0,0,0,nan,nan,nan,nan,nan,nan,nan
9204,1,5,5,0,0,0,1,425,0,0,0,0,0,0,0,nan,nan,nan,nan,nan,nan,nan
9205,1,5,5,0,0,0,1,425,2,0,0,0,0,0,0,23.77493129724826,nan,nan,nan,nan,nan,nan
9206,1,5,5,0,0,0,1,425,2,0,0,0,0,0,0,nan,nan,nan,nan,nan,nan,nan
9207,1,5,5,0,0,0,1,425,2,0,0,0,0,0,0,nan,nan,nan,nan,nan,nan,nan
9208,1,5,5,0,0,1,1,425,2,0,0,0,1,0,0,nan,nan,nan,nan,33.90523432565169,nan,nan
9209,1,5,5,0,0,1,1,425,2,2,0,0,1,0,0,nan,26.86071171947333,nan,nan,nan,nan,nan
9210,1,5,5,0,0,1,0,426,2,2,0,0,1,0,0,nan,nan,nan,nan,nan,nan,18.319657032039686
9211,1,5,5,0,0,1,0,426,2,2,0,0,1,0,0,nan,nan,nan,nan,nan,nan,nan
9212,1,5,5,0,0,1,0,426,2,2,0,0,1,0,0,nan,nan,nan,nan,nan,nan,nan
9213,1,5,5,0,0,1,0,426,2,2,0,0,1,0,0,nan,nan,nan,nan,nan,nan,nan
9214,1,5,5,0,0,1,0,426,2,2,0,0,1,0,0,nan,nan,nan,nan,nan,nan,nan
9215,1,5,5,0,0,1,0,426,2,2,0,0,1,0,0,nan,nan,nan,nan,nan,nan,nan
9216,1,5,5,0,0,0,1,426,2,2,0,0,1,0,0,nan,nan,nan,nan,nan,15.655862420637277,nan
9217,1,5,5,0,0,0,1,426,2,2,0,0,1,0,0,nan,nan,nan,nan,nan,nan,nan
9218,1,5,5,0,0,0,1,426,2,2,0,0,1,0,0,nan,nan,nan,nan,nan,nan,nan
9219,1,5,5,0,0,0,1,426,2,2,0,0,1,0,0,nan,nan,nan,nan,nan,nan,nan
9220,1,5,5,0,0,0,1,426,2,2,0,0,1,0,0,nan,nan,nan,nan,nan,nan,nan
9221,1,5,5,0,0,0,1,426,2,2,0,0,1,0,0,nan,nan,nan,nan,nan,nan,nan
9222,1,5,5,0,0,0,1,426,0,0,0,0,0,0,0,nan,nan,30.310540028776813,41.08371331245871,nan,nan,nan
9223,1,5,5,0,0,0,1,426,0,0,0,0,0,0,0,nan,nan,nan,nan,nan,nan,nan
9224,1,5,5,0,0,0,1,426,0,0,0,0,0,0,0,nan,nan,nan,nan,nan,nan,nan
9225,1,5,5,0,0,0,1,426,0,0,0,0,0,0,0,nan,nan,nan,nan,nan,nan,nan
9226,1,5,5,0,0,0,1,426,0,0,0,0,0,0,0,nan,nan,nan,nan,nan,nan,nan
9227,1,5,5,0,0,0,1,426,0,0,0,0,0,0,0,nan,nan,nan,nan,nan,nan,nan
9228,1,5,5,0,0,0,1,426,0,0,0,0,0,0,0,nan,nan,nan,nan,nan,nan,nan
9229,1,5,5,0,0,0,0,427,0,0,0,0,0,0,0,nan,nan,nan,nan,nan,nan,19.417305340146413
9230,1,5,5,0,0,0,0,427,0,0,0,0,0,0,0,nan,nan,nan,nan,nan,nan,nan
9231,1,5,5,0,0,0,0,427,0,0,0,0,0,0,0,nan,nan,nan,nan,nan,nan,nan
9232,1,5,5,0,0,0,0,427,0,0,0,0,0,0,0,nan,nan,nan,nan,nan,nan,nan
9233,1,5,5,0,0,0,0,427,2,0,0,0,0,0,0,27.672621728490412,nan,nan,nan,nan,nan,nan
9234,1,5,5,0,0,0,1,427,2,0,0,0,0,1,0,nan,nan,nan,nan,nan,18.76304550903842,nan
9235,1,5,5,0,1,0,1,427,2,0,0,1,0,1,0,nan,nan,nan,13.596508121263469,nan,nan,nan
9236,1,5,5,0,1,0,1,427,2,0,0,1,0,1,0,nan,nan,nan,nan,nan,nan,nan
9237,1,5,5,0,1,0,1,427,2,0,0,1,0,1,0,nan,nan,nan,nan,nan,nan,nan
9238,1,5,5,0,1,0,1,427,2,0,0,1,0,1,0,nan,nan,nan,nan,nan,nan,nan
9239,1,5,5,0,1,0,1,427,2,0,0,1,0,1,0,nan,nan,nan,nan,nan,nan,nan
9240,1,5,5,0,1,0,1,427,2,0,0,1,0,1,0,nan,nan,nan,nan,nan,nan,nan
9241,1,5,5,0,1,0,1,427,2,0,0,1,0,1,0,nan,nan,nan,nan,nan,nan,nan
9242,1,5,5,0,0,0,1,427,2,2,0,1,0,0,0,nan,32.338810644065234,nan,nan,34.27058771897828,nan,nan
9243,1,5,5,0,0,0,1,427,2,2,0,1,0,0,0,nan,nan,nan,nan,nan,nan,nan
9244,1,5,5,0,0,0,0,428,2,2,0,1,0,0,0,nan,nan,nan,nan,nan,nan,14.773408422830471
9245,1,5,5,0,0,0,0,428,2,2,0,1,0,0,0,nan,nan,nan,nan,nan,nan,nan
9246,1,5,5,0,0,0,0,428,2,2,0,1,0,0,0,nan,nan,nan,nan,nan,nan,nan
9247,1,5,5,0,0,0,0,428,2,2,0,1,0,0,0,nan,nan,nan,nan,nan,nan,nan
9248,1,5,5,0,0,0,0,428,0,0,0,0,0,0,0,nan,nan,26.055988185162278,nan,nan,nan,nan
9249,1,5,5,0,0,0,0,428,0,0,0,0,0,0,0,nan,nan,nan,nan,nan,nan,nan
9250,1,5,5,0,0,0,0,428,0,0,0,0,0,0,0,nan,nan,nan,nan,nan,nan,nan
9251,1,5,5,0,0,0,0,428,0,0,0,0,0,0,0,nan,nan,nan,nan,nan,nan,nan
9252,1,5,5,0,0,1,0,428,0,0,0,0,1,0,0,nan,nan,nan,nan,10.1399696567496,nan,nan
9253,1,5,5,0,0,1,0,428,0,0,0,0,1,0,0,nan,nan,nan,nan,nan,nan,nan
9254,1,5,5,0,0,1,0,428,0,0,0,0,1,0,0,nan,nan,nan,nan,nan,nan,nan
9255,1,5,5,0,0,1,0,428,0,0,0,0,1,0,0,nan,nan,nan,nan,nan,nan,nan
9256,1,5,5,0,0,1,0,428,0,0,0,0,1,0,0,nan,nan,nan,nan,nan,nan,nan
9257,1,5,5,0,0,1,0,429,0,0,0,0,1,0,1,nan,nan,nan,nan,nan,nan,13.074947241191694
9258,1,5,5,0,0,1,0,429,0,2,0,0,1,0,1,nan,16.643811191206623,nan,nan,nan,nan,nan
9259,1,5,5,0,0,1,0,429,0,2,0,0,1,0,1,nan,nan,nan,nan,nan,nan,nan
9260,1,5,5,0,0,1,0,429,0,2,0,0,1,0,1,nan,nan,nan,nan,nan,nan,nan
9261,1,5,5,0,0,1,0,429,2,2,0,0,1,0,1,27.637489381177147,nan,nan,nan,nan,nan,nan
9262,1,5,5,0,0,0,0,429,2,2,0,1,0,0,0,nan,nan,nan,26.47340463400542,nan,27.85715848509426,nan
9263,1,5,5,0,0,0,0,429,2,2,0,1,0,0,0,nan,nan,nan,nan,nan,nan,nan
9264,1,5,5,0,0,0,0,429,2,2,0,1,0,0,0,nan,nan,nan,nan,nan,nan,nan
9265,1,5,5,0,0,0,0,429,2,2,0,1,0,0,0,nan,nan,nan,nan,nan,nan,nan
9266,1,5,5,0,0,0,0,429,2,2,0,1,0,0,0,nan,nan,nan,nan,nan,nan,nan
9267,1,5,5,0,0,0,0,429,2,2,0,1,0,0,0,nan,nan,nan,nan,nan,nan,nan
9268,1,5,5,0,0,0,0,429,2,2,0,1,0,0,0,nan,nan,nan,nan,nan,nan,nan
9269,1,5,5,0,0,0,0,429,2,2,0,1,0,0,0,nan,nan,nan,nan,nan,nan,nan
9270,1,5,5,0,0,0,0,429,2,2,0,1,0,0,0,nan,nan,nan,nan,nan,nan,nan
9271,1,5,5,0,0,0,0,429,2,2,0,1,0,0,0,nan,nan,nan,nan,nan,nan,nan
9272,1,5,5,0,0,0,0,429,2,2,0,1,0,0,0,nan,nan,nan,nan,nan,nan,nan
9273,1,5,5,0,0,0,0,429,2,2,0,1,0,0,0,nan,nan,nan,nan,nan,nan,nan
9274,1,5,5,0,0,0,0,429,2,2,0,1,0,0,0,nan,nan,nan,nan,nan,nan,nan
9275,1,5,5,0,0,0,0,430,2,2,0,1,0,0,1,nan,nan,nan,nan,nan,nan,18.55576637453487
9276,1,5,5,0,0,0,0,430,2,2,0,1,0,0,1,nan,nan,nan,nan,nan,nan,nan
9277,1,5,5,0,0,0,0,430,2,2,0,1,0,0,1,nan,nan,nan,nan,nan,nan,nan
9278,1,5,5,0,0,0,0,430,2,2,0,1,0,0,1,nan,nan,nan,nan,nan,nan,nan
9279,1,5,5,0,0,0,0,430,2,2,0,1,0,0,1,nan,nan,nan,nan,nan,nan,nan
9280,1,5,5,0,0,0,0,430,2,2,0,1,0,0,1,nan,nan,nan,nan,nan,nan,nan
9281,1,5,5,0,0,0,0,430,2,2,0,1,0,1,0,nan,nan,nan,nan,nan,19.16292466970117,nan
9282,1,5,5,0,0,0,0,430,2,2,0,1,0,1,0,nan,nan,nan,nan,nan,nan,nan
9283,1,5,5,0,0,0,0,430,2,2,0,1,0,1,0,nan,nan,nan,nan,nan,nan,nan
9284,1,5,5,0,0,0,0,430,2,2,0,1,0,1,0,nan,nan,nan,nan,nan,nan,nan
9285,1,5,5,0,0,0,0,430,2,2,0,1,0,1,0,nan,nan,nan,nan,nan,nan,nan
9286,1,5,5,0,0,0,0,430,0,0,0,0,0,1,0,nan,nan,38.24504743966645,nan,nan,nan,nan
9287,1,5,5,0,0,0,0,430,0,0,0,0,0,1,0,nan,nan,nan,nan,nan,nan,nan
9288,1,5,5,0,0,0,0,430,0,0,0,0,0,1,0,nan,nan,nan,nan,nan,nan,nan
9289,1,5,5,0,0,0,0,430,0,0,0,0,0,1,0,nan,nan,nan,nan,nan,nan,nan
9290,1,5,5,0,0,0,0,430,0,0,0,0,0,1,0,nan,nan,nan,nan,nan,nan,nan
9291,1,5,5,0,0,0,0,430,0,0,0,0,0,1,0,nan,nan,nan,nan,nan,nan,nan
9292,1,5,5,0,0,0,0,430,0,0,0,0,0,1,0,nan,nan,nan,nan,nan,nan,nan
9293,1,5,5,0,0,0,0,430,0,0,0,0,0,1,0,nan,nan,nan,nan,nan,nan,nan
9294,1,5,5,0,0,0,0,430,0,0,0,0,0,1,0,nan,nan,nan,nan,nan,nan,nan
9295,1,5,5,0,0,0,0,430,0,0,0,0,0,1,0,nan,nan,nan,nan,nan,nan,nan
9296,1,5,5,0,0,0,0,430,0,0,0,0,1,0,0,nan,nan,nan,nan,44.196429430450735,nan,nan
9297,1,5,5,0,0,0,0,430,0,0,0,0,1,0,0,nan,nan,nan,nan,nan,nan,nan
9298,1,5,5,0,0,0,0,430,0,0,0,0,1,0,0,nan,nan,nan,nan,nan,nan,nan
9299,1,5,5,0,0,0,0,430,0,0,0,0,1,0,0,nan,nan,nan,nan,nan,nan,nan
9300,1,5,5,0,0,0,0,430,0,0,0,0,1,0,0,nan,nan,nan,nan,nan,nan,nan
9301,1,5,5,0,0,0,0,430,0,0,0,0,1,0,0,nan,nan,nan,nan,nan,nan,nan
9302,1,5,5,0,0,0,0,430,0,0,0,0,1,0,0,nan,nan,nan,nan,nan,nan,nan
9303,1,5,4,1,0,0,0,430,2,0,0,0,1,0,0,42.26173770288733,nan,16.936476732968003,nan,nan,nan,nan
9304,1,5,4,1,0,0,0,430,2,0,0,0,1,0,0,nan,nan,nan,nan,nan,nan,nan
9305,1,5,4,1,0,0,0,430,2,0,0,0,1,0,0,nan,nan,nan,nan,nan,nan,nan
9306,1,5,4,1,0,0,0,430,2,0,0,0,1,0,0,nan,nan,nan,nan,nan,nan,nan
9307,1,5,4,1,0,0,0,430,2,0,0,0,1,0,0,nan,nan,nan,nan,nan,nan,nan
9308,1,5,4,1,0,0,0,430,2,0,0,0,1,0,0,nan,nan,nan,nan,nan,nan,nan
9309,1,5,4,1,0,0,0,430,2,0,0,0,1,0,0,nan,nan,nan,nan,nan,nan,nan
9310,1,5,5,1,0,0,0,430,0,0,0,0,1,0,0,nan,51.86656105737529,nan,nan,nan,nan,nan
9311,1,5,5,1,0,0,0,430,0,0,0,0,1,0,0,nan,nan,nan,nan,nan,nan,nan
9312,1,5,5,1,0,0,0,431,0,0,0,0,1,0,1,nan,nan,nan,nan,nan,nan,36.25929919707778
9313,1,5,5,0,0,0,0,431,0,0,0,0,0,0,1,nan,nan,nan,51.016687177090716,nan,nan,nan
9314,1,5,5,0,0,0,0,431,0,0,0,0,0,0,1,nan,nan,nan,nan,nan,nan,nan
9315,1,5,5,0,0,0,0,431,0,0,0,0,0,1,0,nan,nan,nan,nan,nan,33.63717864355749,nan
9316,1,5,5,0,0,0,0,431,0,0,0,0,0,1,0,nan,nan,nan,nan,nan,nan,nan
9317,1,5,5,0,0,0,0,431,0,0,0,0,0,1,0,nan,nan,nan,nan,nan,nan,nan
9318,1,5,5,0,0,0,0,431,0,0,0,0,0,1,0,nan,nan,nan,nan,nan,nan,nan
9319,1,5,5,0,0,0,0,431,0,0,0,0,0,1,0,nan,nan,nan,nan,nan,nan,nan
9320,1,5,5,0,0,0,0,431,0,0,0,0,0,1,0,nan,nan,nan,nan,nan,nan,nan
9321,1,5,5,0,0,0,0,431,2,0,0,0,0,1,0,17.90830142145387,nan,nan,nan,nan,nan,nan
9322,1,5,5,0,0,0,0,431,2,0,0,0,0,1,0,nan,nan,nan,nan,nan,nan,nan
9323,1,5,5,0,0,0,0,431,2,0,0,0,0,1,0,nan,nan,nan,nan,nan,nan,nan
9324,1,5,5,0,0,0,0,431,2,0,0,0,1,0,0,nan,nan,nan,nan,28.037221932741886,nan,nan
9325,1,5,5,0,0,0,0,431,2,0,0,0,1,0,0,nan,nan,nan,nan,nan,nan,nan
9326,1,5,5,0,0,0,0,431,2,0,0,0,1,0,0,nan,nan,nan,nan,nan,nan,nan
9327,1,5,5,0,0,0,0,431,2,0,0,0,1,0,0,nan,nan,nan,nan,nan,nan,nan
9328,1,5,4,1,0,0,0,431,2,0,0,0,1,0,0,nan,nan,24.84712166645295,nan,nan,nan,nan
9329,1,5,4,1,0,0,0,431,2,0,0,0,1,0,0,nan,nan,nan,nan,nan,nan,nan
9330,1,5,4,1,0,0,0,431,2,0,0,0,1,0,0,nan,nan,nan,nan,nan,nan,nan
9331,1,5,4,1,0,0,0,431,2,0,0,0,1,0,0,nan,nan,nan,nan,nan,nan,nan
9332,1,5,4,1,0,0,0,431,2,0,0,0,1,0,0,nan,nan,nan,nan,nan,nan,nan
9333,1,5,4,1,0,0,0,431,2,0,0,0,1,0,0,nan,nan,nan,nan,nan,nan,nan
9334,1,5,4,1,0,0,0,431,2,0,0,0,1,0,0,nan,nan,nan,nan,nan,nan,nan
9335,1,5,4,1,0,0,0,431,2,0,0,0,1,0,0,nan,nan,nan,nan,nan,nan,nan
9336,1,5,4,1,0,0,0,431,2,0,0,0,1,0,0,nan,nan,nan,nan,nan,nan,nan
9337,1,5,4,0,0,0,1,431,2,0,0,0,0,1,0,nan,nan,nan,24.240170775243314,nan,21.82548762368242,nan
9338,1,5,4,0,0,0,1,431,2,0,0,0,0,1,0,nan,nan,nan,nan,nan,nan,nan
9339,1,5,4,0,0,0,1,431,2,0,0,0,0,1,0,nan,nan,nan,nan,nan,nan,nan
9340,1,5,4,0,0,0,0,432,2,0,0,0,0,1,0,nan,nan,nan,nan,nan,nan,28.213401754237566
9341,1,5,4,0,0,0,0,432,2,0,0,0,0,1,0,nan,nan,nan,nan,nan,nan,nan
9342,1,5,5,0,0,0,0,432,0,0,0,0,0,1,0,nan,31.556532652452006,nan,nan,nan,nan,nan
9343,1,5,5,0,0,0,0,432,0,0,0,0,0,1,0,nan,nan,nan,nan,nan,nan,nan
9344,1,5,5,0,0,0,0,432,0,0,0,0,0,1,0,nan,nan,nan,nan,nan,nan,nan
9345,1,5,5,0,0,0,0,432,0,0,0,0,0,1,0,nan,nan,nan,nan,nan,nan,nan
9346,1,5,4,1,0,0,0,432,0,0,0,0,0,1,0,nan,nan,17.865664275801464,nan,nan,nan,nan
9347,1,5,4,1,0,0,0,432,0,0,0,0,0,1,0,nan,nan,nan,nan,nan,nan,nan
9348,1,5,4,1,0,0,0,432,0,0,0,0,0,1,0,nan,nan,nan,nan,nan,nan,nan
9349,1,5,4,1,0,0,0,432,0,0,0,0,1,0,0,nan,nan,nan,nan,24.457174703617056,nan,nan
9350,1,5,4,1,0,0,0,432,0,0,0,0,1,0,0,nan,nan,nan,nan,nan,nan,nan
9351,1,5,4,1,0,0,0,433,0,0,0,0,1,0,1,nan,nan,nan,nan,nan,nan,11.20969521315783
9352,1,5,4,1,0,0,0,433,0,0,0,0,1,0,1,nan,nan,nan,nan,nan,nan,nan
9353,1,5,5,1,0,0,0,433,0,0,0,0,1,0,1,32.400821399091,11.258563711829993,nan,nan,nan,nan,nan
9354,1,5,5,1,0,0,0,433,0,0,0,0,1,0,1,nan,nan,nan,nan,nan,nan,nan
9355,1,5,5,1,0,0,0,433,0,0,0,0,1,0,1,nan,nan,nan,nan,nan,nan,nan
9356,1,5,5,1,0,0,0,433,0,0,0,0,1,0,1,nan,nan,nan,nan,nan,nan,nan
9357,1,5,5,1,0,0,0,433,0,0,0,0,1,0,1,nan,nan,nan,nan,nan,nan,nan
9358,1,5,5,1,0,0,0,433,0,0,0,0,1,0,1,nan,nan,nan,nan,nan,nan,nan
9359,1,5,5,1,0,0,0,433,0,0,0,0,1,0,1,nan,nan,nan,nan,nan,nan,nan
9360,1,5,5,1,0,0,0,433,0,0,0,0,1,0,1,nan,nan,nan,nan,nan,nan,nan
9361,1,5,5,1,0,0,0,433,0,0,0,0,1,0,1,nan,nan,nan,nan,nan,nan,nan
9362,1,5,5,1,0,0,0,433,0,0,0,0,1,0,1,nan,nan,nan,nan,nan,nan,nan
9363,1,5,5,1,0,0,0,433,0,0,0,0,1,0,1,nan,nan,nan,nan,nan,nan,nan
9364,1,5,5,1,0,0,0,433,0,0,0,0,1,0,1,nan,nan,nan,nan,nan,nan,nan
9365,1,5,5,1,0,0,0,433,2,0,0,0,1,0,1,12.291035421343622,nan,nan,nan,nan,nan,nan
9366,1,5,4,2,0,0,0,433,2,0,0,0,1,0,1,nan,nan,20.668369797536798,nan,nan,nan,nan
9367,1,5,5,2,0,0,0,433,0,0,0,0,1,1,0,nan,14.234835975548776,nan,nan,nan,29.827992705055294,nan
9368,1,5,5,2,0,0,0,433,0,0,0,0,1,1,0,nan,nan,nan,nan,nan,nan,nan
9369,1,5,5,2,0,0,0,433,0,0,0,0,1,1,0,nan,nan,nan,nan,nan,nan,nan
9370,1,5,5,2,0,0,0,433,0,0,0,0,1,1,0,nan,nan,nan,nan,nan,nan,nan
9371,1,5,5,2,0,0,0,433,0,0,0,0,1,1,0,nan,nan,nan,nan,nan,nan,nan
9372,1,5,5,2,0,0,0,433,0,0,0,0,1,1,0,nan,nan,nan,nan,nan,nan,nan
9373,1,5,5,2,0,0,0,433,0,0,0,0,1,1,0,nan,nan,nan,nan,nan,nan,nan
9374,1,5,5,1,0,0,0,433,0,0,0,0,0,1,0,nan,nan,nan,36.88413198188391,nan,nan,nan
9375,1,5,5,1,0,0,0,433,0,0,0,0,0,1,0,nan,nan,nan,nan,nan,nan,nan
9376,1,5,5,1,0,0,0,433,0,0,0,0,0,1,0,nan,nan,nan,nan,nan,nan,nan
9377,1,5,5,1,0,0,0,433,0,0,0,0,0,1,0,nan,nan,nan,nan,nan,nan,nan
9378,1,5,5,1,0,0,0,433,0,0,0,0,0,1,0,nan,nan,nan,nan,nan,nan,nan
9379,1,5,5,1,0,0,0,433,0,0,0,0,0,1,0,nan,nan,nan,nan,nan,nan,nan
9380,1,5,5,1,0,0,0,433,0,0,0,0,0,1,0,nan,nan,nan,nan,nan,nan,nan
9381,1,5,5,1,0,0,0,433,0,0,0,0,0,1,0,nan,nan,nan,nan,nan,nan,nan
9382,1,5,5,1,0,0,0,433,0,0,0,0,0,1,0,nan,nan,nan,nan,nan,nan,nan
9383,1,5,5,1,0,0,0,433,0,0,0,0,0,1,0,nan,nan,nan,nan,nan,nan,nan
9384,1,5,5,1,0,0,0,433,0,0,0,0,0,1,0,nan,nan,nan,nan,nan,nan,nan
9385,1,5,5,0,1,0,0,433,0,0,0,0,0,1,0,nan,nan,nan,11.277781083541413,nan,nan,nan
9386,1,5,5,0,1,0,0,433,0,0,0,0,0,1,0,nan,nan,nan,nan,nan,nan,nan
9387,1,5,5,0,1,0,0,433,0,0,0,0,0,1,0,nan,nan,nan,nan,nan,nan,nan
9388,1,5,5,0,1,0,0,433,0,0,0,0,0,1,0,nan,nan,nan,nan,nan,nan,nan
9389,1,5,5,0,1,0,0,433,0,2,0,0,0,1,0,nan,21.969329869227295,nan,nan,nan,nan,nan
9390,1,5,5,0,1,0,0,434,0,2,0,0,0,1,1,nan,nan,nan,nan,nan,nan,39.33641656202235
9391,1,5,5,0,1,0,0,434,0,2,0,0,0,1,1,nan,nan,nan,nan,nan,nan,nan
9392,1,5,5,0,1,0,0,434,0,2,0,0,0,1,1,nan,nan,nan,nan,nan,nan,nan
9393,1,5,5,0,1,0,0,434,2,2,0,0,0,1,1,27.410333607911525,nan,nan,nan,nan,nan,nan
9394,1,5,5,0,1,0,0,434,2,2,0,0,0,1,1,nan,nan,nan,nan,nan,nan,nan
9395,1,5,5,0,1,0,0,434,2,2,0,0,0,1,1,nan,nan,nan,nan,nan,nan,nan
9396,1,5,5,0,0,0,0,434,2,2,0,0,0,0,1,nan,nan,nan,nan,47.407824198597154,nan,nan
9397,1,5,5,0,0,0,0,434,2,2,0,0,0,0,1,nan,nan,nan,nan,nan,nan,nan
9398,1,5,5,1,0,0,0,434,0,0,0,0,0,0,1,nan,nan,31.46588782683284,nan,nan,nan,nan
9399,1,5,5,1,0,0,0,434,0,0,0,0,0,0,1,nan,nan,nan,nan,nan,nan,nan
9400,1,5,5,0,1,0,0,434,0,0,0,0,0,0,1,nan,nan,nan,14.628625910860137,nan,nan,nan
9401,1,5,5,0,1,0,0,434,0,0,0,0,0,0,1,nan,nan,nan,nan,nan,nan,nan
9402,1,5,5,0,1,0,0,434,0,0,0,0,0,0,1,nan,nan,nan,nan,nan,nan,nan
9403,1,5,5,0,1,0,0,434,0,0,0,0,0,0,1,nan,nan,nan,nan,nan,nan,nan
9404,1,5,5,0,1,0,0,434,0,0,0,0,0,0,1,nan,nan,nan,nan,nan,nan,nan
9405,1,5,5,0,1,0,0,434,0,0,0,0,0,0,1,nan,nan,nan,nan,nan,nan,nan
9406,1,5,5,0,1,0,0,434,0,0,0,0,0,0,1,nan,nan,nan,nan,nan,nan,nan
9407,1,5,5,0,1,0,0,434,0,0,0,0,0,0,1,nan,nan,nan,nan,nan,nan,nan
9408,1,5,5,0,1,0,0,434,0,0,0,0,0,0,1,nan,nan,nan,nan,nan,nan,nan
9409,1,5,5,0,1,0,0,434,0,2,0,0,0,1,0,nan,20.088321106506555,nan,nan,nan,41.86317246251747,nan
9410,1,5,5,0,1,0,0,434,0,2,0,0,0,1,0,nan,nan,nan,nan,nan,nan,nan
9411,1,5,5,0,2,0,0,434,0,2,0,1,0,1,0,nan,nan,nan,11.604362872201818,nan,nan,nan
9412,1,5,5,0,2,0,0,434,0,2,0,1,0,1,0,nan,nan,nan,nan,nan,nan,nan
9413,1,4,5,0,2,0,0,434,0,0,0,0,0,1,0,nan,nan,14.982998166204197,nan,nan,nan,nan
9414,1,4,5,0,1,0,0,434,0,0,0,0,0,0,0,nan,nan,nan,nan,17.509675762908955,nan,nan
9415,1,4,5,0,1,0,0,434,0,0,0,0,0,0,0,nan,nan,nan,nan,nan,nan,nan
9416,1,4,5,0,1,0,0,434,0,0,0,0,0,0,0,nan,nan,nan,nan,nan,nan,nan
9417,1,4,5,0,1,0,0,434,0,0,0,0,0,0,0,nan,nan,nan,nan,nan,nan,nan
9418,1,4,5,0,1,0,0,434,0,0,0,0,0,0,0,nan,nan,nan,nan,nan,nan,nan
9419,1,5,5,0,1,0,0,434,0,0,0,0,0,0,0,26.166570137256713,nan,nan,nan,nan,nan,nan
9420,1,5,5,0,1,0,0,434,0,0,0,0,0,0,0,nan,nan,nan,nan,nan,nan,nan
9421,1,5,5,0,1,0,0,434,0,0,0,0,0,0,0,nan,nan,nan,nan,nan,nan,nan
9422,1,5,5,0,1,0,0,434,0,0,0,0,0,0,0,nan,nan,nan,nan,nan,nan,nan
9423,1,5,5,0,1,0,0,434,0,0,0,0,0,0,0,nan,nan,nan,nan,nan,nan,nan
9424,1,5,5,0,1,0,0,435,0,0,0,0,0,0,1,nan,nan,nan,nan,nan,nan,33.87202674947366
9425,1,5,5,0,1,0,0,435,0,0,0,0,0,0,1,nan,nan,nan,nan,nan,nan,nan
9426,1,5,5,0,1,0,0,435,0,0,0,0,0,0,1,nan,nan,nan,nan,nan,nan,nan
9427,1,5,5,0,1,0,0,435,0,0,0,0,0,0,1,nan,nan,nan,nan,nan,nan,nan
9428,1,5,5,0,1,0,0,435,0,0,0,0,0,1,0,nan,nan,nan,nan,nan,19.512808009416403,nan
9429,1,5,5,0,1,0,0,435,0,0,0,0,0,1,0,nan,nan,nan,nan,nan,nan,nan
9430,1,5,5,0,1,0,0,435,0,0,0,0,0,1,0,nan,nan,nan,nan,nan,nan,nan
9431,1,5,5,0,1,0,0,435,0,0,0,0,0,1,0,nan,nan,nan,nan,nan,nan,nan
9432,1,5,5,0,1,0,0,435,0,0,0,0,0,1,0,nan,nan,nan,nan,nan,nan,nan
9433,1,5,5,0,0,0,0,435,2,0,0,0,0,0,0,13.913360488882972,nan,nan,nan,19.098901990066224,nan,nan
9434,1,5,4,0,1,0,0,435,2,0,0,0,0,0,0,nan,nan,21.421836059713314,22.380355292951208,nan,nan,nan
9435,1,5,4,0,1,0,0,435,2,0,0,0,0,0,0,nan,nan,nan,nan,nan,nan,nan
9436,1,5,4,0,1,0,0,435,2,0,0,0,0,0,0,nan,nan,nan,nan,nan,nan,nan
9437,1,5,4,0,1,0,0,435,2,0,0,0,0,0,0,nan,nan,nan,nan,nan,nan,nan
9438,1,5,4,0,1,0,0,435,2,0,0,0,0,0,0,nan,nan,nan,nan,nan,nan,nan
9439,1,5,4,0,1,0,0,435,2,0,0,0,0,0,0,nan,nan,nan,nan,nan,nan,nan
9440,1,5,4,0,1,0,0,435,2,0,0,0,0,0,0,nan,nan,nan,nan,nan,nan,nan
9441,1,5,4,0,1,0,0,436,2,0,0,0,0,0,1,nan,nan,nan,nan,nan,nan,16.978367653926398
9442,1,5,4,0,1,0,0,436,2,0,0,0,0,0,1,nan,nan,nan,nan,nan,nan,nan
9443,1,5,4,0,1,0,0,436,2,0,0,0,0,0,1,nan,nan,nan,nan,nan,nan,nan
9444,1,5,4,0,1,0,0,436,2,0,0,0,0,0,1,nan,nan,nan,nan,nan,nan,nan
9445,1,5,5,0,2,0,0,436,0,0,0,1,0,0,1,nan,35.93624360626927,nan,11.48408256543189,nan,nan,nan
9446,1,5,5,0,2,0,0,436,0,0,0,1,0,0,1,nan,nan,nan,nan,nan,nan,nan
9447,1,5,5,0,2,0,0,436,0,0,0,1,0,0,1,nan,nan,nan,nan,nan,nan,nan
9448,1,5,5,0,1,1,0,436,0,0,0,1,0,0,1,nan,nan,nan,nan,15.149859321820259,nan,nan
9449,1,5,5,0,1,1,0,436,0,0,0,1,0,0,1,nan,nan,nan,nan,nan,nan,nan
9450,1,5,5,0,1,0,0,436,0,0,0,1,0,0,0,nan,nan,nan,nan,nan,21.856336748591275,nan
9451,1,5,5,0,1,0,0,436,0,0,0,1,0,0,0,nan,nan,nan,nan,nan,nan,nan
9452,1,5,5,0,1,0,0,436,0,0,0,1,0,0,0,nan,nan,nan,nan,nan,nan,nan
9453,1,5,5,0,1,0,0,436,0,0,0,1,0,0,0,nan,nan,nan,nan,nan,nan,nan
9454,1,5,5,0,1,0,0,436,0,0,0,1,0,0,0,nan,nan,nan,nan,nan,nan,nan
9455,1,5,4,0,1,0,0,436,0,0,0,0,0,0,0,nan,nan,20.84533884675693,nan,nan,nan,nan
9456,1,5,4,0,1,0,0,436,0,0,0,0,0,0,0,nan,nan,nan,nan,nan,nan,nan
9457,1,5,4,0,1,0,0,436,0,0,0,0,0,0,0,nan,nan,nan,nan,nan,nan,nan
9458,1,5,4,0,1,0,0,436,0,0,0,0,0,0,0,nan,nan,nan,nan,nan,nan,nan
9459,1,5,4,0,1,0,0,436,0,0,0,0,0,0,0,nan,nan,nan,nan,nan,nan,nan
9460,1,5,4,0,1,0,0,436,0,0,0,0,0,0,0,nan,nan,nan,nan,nan,nan,nan
9461,1,5,4,0,1,0,0,436,0,0,0,0,0,0,0,nan,nan,nan,nan,nan,nan,nan
9462,1,5,4,0,1,0,0,437,0,0,0,0,0,0,1,nan,nan,nan,nan,nan,nan,21.230787029489875
9463,1,5,4,0,1,0,0,437,0,0,0,0,0,0,1,nan,nan,nan,nan,nan,nan,nan
9464,1,5,4,0,1,0,0,437,0,0,0,0,0,0,1,nan,nan,nan,nan,nan,nan,nan
9465,1,5,4,0,1,0,0,437,0,0,0,0,0,0,1,nan,nan,nan,nan,nan,nan,nan
9466,1,5,4,0,1,0,0,437,0,0,0,0,0,0,1,nan,nan,nan,nan,nan,nan,nan
9467,1,5,4,0,0,1,0,437,0,0,0,0,0,0,1,nan,nan,nan,nan,19.56887911643389,nan,nan
9468,1,5,4,0,0,1,0,437,2,0,0,0,0,0,1,35.33640920830112,nan,nan,nan,nan,nan,nan
9469,1,5,4,0,0,1,0,437,2,0,0,0,0,0,1,nan,nan,nan,nan,nan,nan,nan
9470,1,5,5,0,0,1,0,437,0,0,0,0,0,0,1,nan,24.45316480055226,nan,nan,nan,nan,nan
9471,1,5,5,0,0,1,0,437,0,0,0,0,0,0,1,nan,nan,nan,nan,nan,nan,nan
9472,1,5,5,0,0,1,0,437,0,0,0,0,0,0,1,nan,nan,nan,nan,nan,nan,nan
9473,1,5,5,0,0,1,0,437,0,0,0,0,0,0,1,nan,nan,nan,nan,nan,nan,nan
9474,1,5,5,0,1,1,0,437,0,0,0,1,0,0,1,nan,nan,nan,28.976967623933888,nan,nan,nan
9475,1,5,5,0,1,1,0,437,0,0,0,1,0,0,1,nan,nan,nan,nan,nan,nan,nan
9476,1,5,5,0,1,1,0,437,0,0,0,1,0,0,1,nan,nan,nan,nan,nan,nan,nan
9477,1,5,5,0,1,1,0,437,0,0,0,1,0,0,1,nan,nan,nan,nan,nan,nan,nan
9478,1,5,5,0,1,1,0,437,0,0,0,1,0,0,1,nan,nan,nan,nan,nan,nan,nan
9479,1,5,4,0,0,1,0,437,2,0,0,0,0,0,0,10.787483754058485,nan,24.331932461076576,nan,11.387172132544947,28.62793176542982,nan
9480,1,5,4,0,0,1,0,437,2,0,0,0,0,0,0,nan,nan,nan,nan,nan,nan,nan
9481,1,5,4,0,0,1,0,437,2,0,0,0,0,0,0,nan,nan,nan,nan,nan,nan,nan
9482,1,5,4,0,0,1,0,437,2,0,0,0,0,0,0,nan,nan,nan,nan,nan,nan,nan
9483,1,5,4,0,0,1,0,437,2,0,0,0,0,0,0,nan,nan,nan,nan,nan,nan,nan
9484,1,5,5,0,0,1,0,437,0,0,0,0,0,0,0,nan,14.864251591108768,nan,nan,nan,nan,nan
9485,1,5,5,0,0,1,0,437,0,0,0,0,0,0,0,nan,nan,nan,nan,nan,nan,nan
9486,1,5,5,0,0,1,0,437,0,0,0,0,0,0,0,nan,nan,nan,nan,nan,nan,nan
9487,1,5,5,0,0,1,0,437,0,0,0,0,0,0,0,nan,nan,nan,nan,nan,nan,nan
9488,1,5,5,0,0,1,0,437,0,0,0,0,0,0,0,nan,nan,nan,nan,nan,nan,nan
9489,1,5,5,0,0,0,1,437,0,0,0,0,0,0,0,nan,nan,nan,nan,nan,10.263397890104898,nan
9490,1,5,5,0,0,0,1,437,0,0,0,0,0,0,0,nan,nan,nan,nan,nan,nan,nan
9491,1,5,5,0,0,0,1,437,0,0,0,0,0,0,0,nan,nan,nan,nan,nan,nan,nan
9492,1,5,5,0,0,0,1,437,0,0,0,0,0,0,0,nan,nan,nan,nan,nan,nan,nan
9493,1,5,5,0,0,0,1,437,0,0,0,0,0,0,0,nan,nan,nan,nan,nan,nan,nan
9494,1,5,5,0,0,0,0,438,0,0,0,0,0,0,0,nan,nan,nan,nan,nan,nan,31.82710384089296
9495,1,5,5,0,0,0,0,438,0,0,0,0,0,0,0,nan,nan,nan,nan,nan,nan,nan
9496,1,5,5,0,0,0,0,438,0,0,0,0,0,0,0,nan,nan,nan,nan,nan,nan,nan
9497,1,5,5,0,0,0,0,438,2,0,0,0,0,0,0,17.870295161184913,nan,nan,nan,nan,nan,nan
9498,1,5,5,0,0,0,1,438,2,0,0,0,0,1,0,nan,nan,nan,nan,nan,9.36232622661555,nan
9499,1,5,5,0,0,0,1,438,2,0,0,0,0,1,0,nan,nan,nan,nan,nan,nan,nan
9500,1,5,5,0,0,0,1,438,2,0,0,0,0,1,0,nan,nan,nan,nan,nan,nan,nan
9501,1,5,5,0,0,0,1,438,2,0,0,0,0,1,0,nan,nan,nan,nan,nan,nan,nan
9502,1,5,5,1,0,0,1,438,0,0,0,0,0,1,0,nan,17.65621738169284,22.270007540704682,nan,nan,nan,nan
9503,1,5,5,1,0,0,1,438,0,0,0,0,1,0,0,nan,nan,nan,nan,24.44647054266352,nan,nan
9504,1,5,5,1,0,0,1,438,0,0,0,0,1,0,0,nan,nan,nan,nan,nan,nan,nan
9505,1,5,5,1,0,0,1,438,0,0,0,0,1,0,0,nan,nan,nan,nan,nan,nan,nan
9506,1,5,5,1,0,0,1,438,0,0,0,0,1,0,0,nan,nan,nan,nan,nan,nan,nan
9507,1,5,5,0,0,0,0,439,0,0,0,0,0,0,0,nan,nan,nan,33.15696195461169,nan,nan,12.29434685720662
9508,1,5,5,0,0,0,0,439,0,0,0,0,0,0,0,nan,nan,nan,nan,nan,nan,nan
9509,1,5,5,0,0,0,0,439,0,0,0,0,0,0,0,nan,nan,nan,nan,nan,nan,nan
9510,1,5,5,0,0,0,0,439,0,0,0,0,0,0,0,nan,nan,nan,nan,nan,nan,nan
9511,1,5,5,0,0,0,0,439,0,0,0,0,0,0,0,nan,nan,nan,nan,nan,nan,nan
9512,1,5,5,0,0,0,0,439,0,0,0,0,0,0,0,nan,nan,nan,nan,nan,nan,nan
9513,1,5,5,0,0,0,0,439,0,0,0,0,0,0,0,nan,nan,nan,nan,nan,nan,nan
9514,1,5,5,0,0,0,1,439,0,0,0,0,0,1,0,nan,nan,nan,nan,nan,16.124132511418793,nan
9515,1,5,5,0,0,0,1,439,0,0,0,0,0,1,0,nan,nan,nan,nan,nan,nan,nan
9516,1,5,5,0,0,0,1,439,0,0,0,0,0,1,0,nan,nan,nan,nan,nan,nan,nan
9517,1,5,5,0,0,0,1,439,0,0,0,0,0,1,0,nan,nan,nan,nan,nan,nan,nan
9518,1,5,5,0,0,0,1,439,0,0,0,0,0,1,0,nan,nan,nan,nan,nan,nan,nan
9519,1,5,5,0,0,0,1,439,0,0,0,0,0,1,0,nan,nan,nan,nan,nan,nan,nan
9520,1,5,5,0,1,0,1,439,0,0,0,1,0,1,0,nan,nan,nan,13.09607109350327,nan,nan,nan
9521,1,5,5,0,1,0,1,439,0,0,0,1,0,1,0,nan,nan,nan,nan,nan,nan,nan
9522,1,5,5,0,0,0,1,439,0,0,0,1,0,0,0,nan,nan,nan,nan,19.17244759458481,nan,nan
9523,1,5,5,0,0,0,1,439,2,0,0,1,0,0,0,26.315115398449052,nan,nan,nan,nan,nan,nan
9524,1,5,5,0,0,0,1,439,2,0,0,1,0,0,0,nan,nan,nan,nan,nan,nan,nan
9525,1,5,5,0,0,0,0,440,2,0,0,1,0,0,0,nan,nan,nan,nan,nan,nan,18.664277800284253
9526,1,5,5,0,0,0,0,440,2,0,0,1,0,0,0,nan,nan,nan,nan,nan,nan,nan
9527,1,5,5,0,0,0,0,440,2,2,0,1,0,0,0,nan,25.107270825856176,nan,nan,nan,nan,nan
9528,1,5,5,0,0,0,0,440,2,2,0,1,0,0,0,nan,nan,nan,nan,nan,nan,nan
9529,1,5,5,0,0,0,0,440,2,2,0,1,0,0,0,nan,nan,nan,nan,nan,nan,nan
9530,1,5,5,0,0,0,0,440,0,0,0,0,0,0,0,nan,nan,28.769771295856117,nan,nan,nan,nan
9531,1,5,5,0,0,0,0,440,0,0,0,0,0,0,0,nan,nan,nan,nan,nan,nan,nan
9532,1,5,5,0,0,0,0,440,0,0,0,0,0,0,0,nan,nan,nan,nan,nan,nan,nan
9533,1,5,5,0,0,0,0,440,0,0,0,0,0,0,0,nan,nan,nan,nan,nan,nan,nan
9534,1,5,5,0,0,0,0,440,0,0,0,0,0,0,0,nan,nan,nan,nan,nan,nan,nan
9535,1,5,5,0,0,0,1,440,0,0,0,0,0,1,0,nan,nan,nan,nan,nan,20.76378446106537,nan
9536,1,5,5,0,0,0,1,440,0,0,0,0,0,1,0,nan,nan,nan,nan,nan,nan,nan
9537,1,5,5,0,0,0,1,440,0,0,0,0,0,1,0,nan,nan,nan,nan,nan,nan,nan
9538,1,5,5,0,0,0,1,440,0,0,0,0,0,1,0,nan,nan,nan,nan,nan,nan,nan
9539,1,5,5,0,0,0,1,440,2,0,0,0,0,1,0,16.066743589080943,nan,nan,nan,nan,nan,nan
9540,1,5,5,0,0,0,1,440,2,0,0,0,0,1,0,nan,nan,nan,nan,nan,nan,nan
9541,1,5,5,0,0,0,1,440,2,0,0,0,0,1,0,nan,nan,nan,nan,nan,nan,nan
9542,1,5,5,0,0,0,1,440,2,0,0,0,0,1,0,nan,nan,nan,nan,nan,nan,nan
9543,1,5,5,0,0,0,1,440,2,0,0,0,0,1,0,nan,nan,nan,nan,nan,nan,nan
9544,1,5,4,1,0,0,1,440,2,0,0,0,0,1,0,nan,nan,13.623631886413932,nan,nan,nan,nan
9545,1,5,4,1,0,0,0,441,2,0,0,0,0,1,0,nan,nan,nan,nan,nan,nan,19.289780780627552
9546,1,5,5,1,0,0,0,441,0,0,0,0,0,1,0,nan,18.4608703896738,nan,nan,nan,nan,nan
9547,1,5,5,1,0,0,0,441,0,0,0,0,0,1,0,nan,nan,nan,nan,nan,nan,nan
9548,1,5,5,1,0,0,0,441,0,0,0,0,0,1,0,nan,nan,nan,nan,nan,nan,nan
9549,1,5,5,1,0,0,0,441,0,0,0,0,1,0,0,nan,nan,nan,nan,26.707388725017154,nan,nan
9550,1,5,5,1,0,0,0,441,0,0,0,0,1,0,0,nan,nan,nan,nan,nan,nan,nan
9551,1,5,5,1,0,0,0,441,0,0,0,0,1,0,0,nan,nan,nan,nan,nan,nan,nan
9552,1,5,5,1,0,0,0,441,0,0,0,0,1,0,0,nan,nan,nan,nan,nan,nan,nan
9553,1,5,5,1,0,0,0,441,0,0,0,0,1,0,0,nan,nan,nan,nan,nan,nan,nan
9554,1,5,5,1,0,0,0,441,0,0,0,0,1,0,0,nan,nan,nan,nan,nan,nan,nan
9555,1,5,5,1,0,0,0,441,0,0,0,0,1,0,0,nan,nan,nan,nan,nan,nan,nan
9556,1,5,5,0,0,0,0,441,0,0,0,0,0,0,0,nan,nan,nan,35.25781683569039,nan,nan,nan
9557,1,5,5,0,0,0,0,441,0,0,0,0,0,0,0,nan,nan,nan,nan,nan,nan,nan
9558,1,5,5,0,0,0,0,441,0,0,0,0,0,0,0,nan,nan,nan,nan,nan,nan,nan
9559,1,5,5,0,0,0,0,441,0,0,0,0,0,0,0,nan,nan,nan,nan,nan,nan,nan
9560,1,5,5,0,0,0,0,442,0,0,0,0,0,0,1,nan,nan,nan,nan,nan,nan,15.751677046795521
9561,1,5,5,0,0,0,0,442,0,0,0,0,0,0,1,nan,nan,nan,nan,nan,nan,nan
9562,1,5,5,0,0,0,0,442,0,0,0,0,0,1,0,nan,nan,nan,nan,nan,27.270615636152797,nan
9563,1,5,5,0,0,0,0,442,0,0,0,0,0,1,0,nan,nan,nan,nan,nan,nan,nan
9564,1,5,5,0,0,0,0,442,0,0,0,0,0,1,0,nan,nan,nan,nan,nan,nan,nan
9565,1,5,5,0,0,0,0,442,0,0,0,0,0,1,0,nan,nan,nan,nan,nan,nan,nan
9566,1,5,5,0,0,0,0,442,0,0,0,0,0,1,0,nan,nan,nan,nan,nan,nan,nan
9567,1,5,5,0,0,0,0,442,0,0,0,0,0,1,0,nan,nan,nan,nan,nan,nan,nan
9568,1,5,4,1,0,0,0,442,0,0,0,0,0,1,0,nan,nan,23.646255415063933,nan,nan,nan,nan
9569,1,5,4,1,0,0,0,442,0,0,0,0,0,1,0,nan,nan,nan,nan,nan,nan,nan
9570,1,5,4,1,0,0,0,442,2,0,0,0,0,1,0,31.063018842853126,nan,nan,nan,nan,nan,nan
9571,1,5,4,1,0,0,0,442,2,0,0,0,0,1,0,nan,nan,nan,nan,nan,nan,nan
9572,1,5,4,1,0,0,0,442,2,0,0,0,1,0,0,nan,nan,nan,nan,23.123501144367765,nan,nan
9573,1,5,4,1,0,0,0,442,2,0,0,0,1,0,0,nan,nan,nan,nan,nan,nan,nan
9574,1,5,4,1,0,0,0,442,2,0,0,0,1,0,0,nan,nan,nan,nan,nan,nan,nan
9575,1,5,4,1,0,0,0,442,2,0,0,0,1,0,0,nan,nan,nan,nan,nan,nan,nan
9576,1,5,4,1,0,0,0,442,2,0,0,0,1,0,0,nan,nan,nan,nan,nan,nan,nan
9577,1,5,4,1,0,0,0,442,2,0,0,0,1,0,0,nan,nan,nan,nan,nan,nan,nan
9578,1,5,4,1,0,0,0,442,2,0,0,0,1,0,0,nan,nan,nan,nan,nan,nan,nan
9579,1,5,4,1,0,0,0,442,2,0,0,0,1,0,0,nan,nan,nan,nan,nan,nan,nan
9580,1,5,4,1,0,0,0,442,2,0,0,0,1,0,0,nan,nan,nan,nan,nan,nan,nan
9581,1,5,4,1,0,0,0,442,2,0,0,0,1,0,0,nan,nan,nan,nan,nan,nan,nan
9582,1,5,4,1,0,0,0,443,2,0,0,0,1,0,1,nan,nan,nan,nan,nan,nan,22.113791831199705
9583,1,5,5,1,0,0,0,443,0,0,0,0,1,1,0,nan,37.1402178092103,nan,nan,nan,21.07973751443933,nan
9584,1,5,4,2,0,0,0,443,0,0,0,0,1,1,0,nan,nan,16.615540622142362,nan,nan,nan,nan
9585,1,5,4,2,0,0,0,443,0,0,0,0,1,1,0,nan,nan,nan,nan,nan,nan,nan
9586,1,5,4,2,0,0,0,443,0,0,0,0,1,1,0,nan,nan,nan,nan,nan,nan,nan
9587,1,5,4,2,0,0,0,443,0,0,0,0,1,1,0,nan,nan,nan,nan,nan,nan,nan
9588,1,5,4,2,0,0,0,443,0,0,0,0,1,1,0,nan,nan,nan,nan,nan,nan,nan
9589,1,5,4,2,0,0,0,443,0,0,0,0,1,1,0,nan,nan,nan,nan,nan,nan,nan
9590,1,5,4,1,0,0,0,443,0,0,0,0,0,1,0,nan,nan,nan,34.66356361690305,nan,nan,nan
9591,1,5,4,1,0,0,0,443,0,0,0,0,0,1,0,nan,nan,nan,nan,nan,nan,nan
9592,1,5,4,1,0,0,0,443,0,0,0,0,0,1,0,nan,nan,nan,nan,nan,nan,nan
9593,1,5,4,1,0,0,0,443,0,0,0,0,0,1,0,nan,nan,nan,nan,nan,nan,nan
9594,1,5,4,1,0,0,0,443,0,0,0,0,0,1,0,nan,nan,nan,nan,nan,nan,nan
9595,1,5,3,2,0,0,0,443,0,0,0,0,0,1,0,nan,nan,10.717082500952529,nan,nan,nan,nan
9596,1,5,3,2,0,0,0,443,0,0,0,0,0,1,0,nan,nan,nan,nan,nan,nan,nan
9597,1,5,3,2,0,0,0,443,0,0,0,0,0,1,0,nan,nan,nan,nan,nan,nan,nan
9598,1,5,3,2,0,0,0,443,0,0,0,0,0,1,0,nan,nan,nan,nan,nan,nan,nan
9599,1,5,3,2,0,0,0,443,2,0,0,0,0,1,0,28.46870537439645,nan,nan,nan,nan,nan,nan
9600,1,5,3,2,0,0,0,443,2,0,0,0,0,1,0,nan,nan,nan,nan,nan,nan,nan
9601,1,5,3,2,0,0,0,443,2,0,0,0,0,1,0,nan,nan,nan,nan,nan,nan,nan
9602,1,5,3,2,0,0,0,443,2,0,0,0,1,0,0,nan,nan,nan,nan,29.355783600234645,nan,nan
9603,1,5,4,2,0,0,0,443,0,0,0,0,1,0,0,nan,19.914958495304745,nan,nan,nan,nan,nan
9604,1,5,4,2,0,0,0,444,0,0,0,0,1,0,1,nan,nan,nan,nan,nan,nan,21.61585240963359
9605,1,5,4,2,0,0,0,444,0,0,0,0,1,0,1,nan,nan,nan,nan,nan,nan,nan
9606,1,5,3,3,0,0,0,444,0,0,0,0,1,0,1,nan,nan,10.795176387016909,nan,nan,nan,nan
9607,1,5,3,3,0,0,0,444,0,0,0,0,1,0,1,nan,nan,nan,nan,nan,nan,nan
9608,1,5,3,3,0,0,0,444,0,0,0,0,1,0,1,nan,nan,nan,nan,nan,nan,nan
9609,1,5,3,3,0,0,0,444,0,0,0,0,1,0,1,nan,nan,nan,nan,nan,nan,nan
9610,1,5,3,3,0,0,0,444,0,0,0,0,1,0,1,nan,nan,nan,nan,nan,nan,nan
9611,1,5,3,3,0,0,0,444,0,0,0,0,1,0,1,nan,nan,nan,nan,nan,nan,nan
9612,1,5,3,2,0,0,0,444,0,0,0,0,0,0,1,nan,nan,nan,21.90136006258217,nan,nan,nan
9613,1,5,3,2,0,0,0,444,0,0,0,0,0,0,1,nan,nan,nan,nan,nan,nan,nan
9614,1,5,3,2,0,0,0,444,0,0,0,0,0,0,1,nan,nan,nan,nan,nan,nan,nan
9615,1,5,3,2,0,0,0,444,0,0,0,0,0,0,1,nan,nan,nan,nan,nan,nan,nan
9616,1,5,3,2,0,0,0,444,0,0,0,0,0,1,0,nan,nan,nan,nan,nan,32.92524718239838,nan
9617,1,5,3,2,0,0,0,444,0,0,0,0,0,1,0,nan,nan,nan,nan,nan,nan,nan
9618,1,5,3,2,0,0,0,444,0,0,0,0,0,1,0,nan,nan,nan,nan,nan,nan,nan
9619,1,5,3,2,0,0,0,444,0,0,0,0,0,1,0,nan,nan,nan,nan,nan,nan,nan
9620,1,5,3,2,0,0,0,444,2,0,0,0,0,1,0,21.498542795570756,nan,nan,nan,nan,nan,nan
9621,1,5,2,3,0,0,0,444,2,0,0,0,0,1,0,nan,nan,15.0429681152782,nan,nan,nan,nan
9622,1,5,2,3,0,0,0,444,2,0,0,0,0,1,0,nan,nan,nan,nan,nan,nan,nan
9623,1,5,2,2,1,0,0,444,2,0,0,0,0,1,0,nan,nan,nan,11.24224894100189,nan,nan,nan
9624,1,5,2,2,1,0,0,444,2,0,0,0,0,1,0,nan,nan,nan,nan,nan,nan,nan
9625,1,5,2,2,1,0,0,444,2,0,0,0,0,1,0,nan,nan,nan,nan,nan,nan,nan
9626,1,5,3,2,0,0,0,444,0,0,0,0,0,0,0,nan,23.797492104178673,nan,nan,24.928902783192825,nan,nan
9627,1,5,3,2,0,0,0,444,0,0,0,0,0,0,0,nan,nan,nan,nan,nan,nan,nan
9628,1,5,3,2,0,0,0,444,0,0,0,0,0,0,0,nan,nan,nan,nan,nan,nan,nan
9629,1,5,3,2,0,0,0,444,0,0,0,0,0,0,0,nan,nan,nan,nan,nan,nan,nan
9630,1,5,3,2,0,0,0,444,0,0,0,0,0,0,0,nan,nan,nan,nan,nan,nan,nan
9631,1,5,3,2,0,0,0,444,0,0,0,0,0,0,0,nan,nan,nan,nan,nan,nan,nan
9632,1,5,3,2,0,0,0,444,0,0,0,0,0,0,0,nan,nan,nan,nan,nan,nan,nan
9633,1,5,3,2,0,0,0,445,0,0,0,0,0,0,1,nan,nan,nan,nan,nan,nan,28.630834765719555
9634,1,5,3,2,0,0,0,445,0,0,0,0,0,0,1,nan,nan,nan,nan,nan,nan,nan
9635,1,5,3,2,0,0,0,445,0,0,0,0,0,0,1,nan,nan,nan,nan,nan,nan,nan
9636,1,5,3,1,1,0,0,445,0,0,0,0,0,0,1,nan,nan,nan,13.089066604485197,nan,nan,nan
9637,1,5,3,1,1,0,0,445,0,0,0,0,0,0,1,nan,nan,nan,nan,nan,nan,nan
9638,1,5,3,1,1,0,0,445,0,0,0,0,0,0,1,nan,nan,nan,nan,nan,nan,nan
9639,1,5,3,1,1,0,0,445,0,0,0,0,0,0,1,nan,nan,nan,nan,nan,nan,nan
9640,1,5,3,1,1,0,0,445,0,0,0,0,0,0,1,nan,nan,nan,nan,nan,nan,nan
9641,1,5,2,2,1,0,0,445,0,0,0,0,0,0,1,nan,nan,20.59600535811296,nan,nan,nan,nan
9642,1,4,3,2,0,1,0,445,0,0,0,0,0,0,1,nan,15.986562908869018,nan,nan,15.523729386459308,nan,nan
9643,1,4,3,2,0,1,0,445,0,0,0,0,0,0,1,nan,nan,nan,nan,nan,nan,nan
9644,1,4,3,2,0,1,0,445,0,0,0,0,0,0,1,nan,nan,nan,nan,nan,nan,nan
9645,1,4,3,2,0,1,0,445,0,0,0,0,0,0,1,nan,nan,nan,nan,nan,nan,nan
9646,1,4,3,2,0,1,0,445,0,0,0,0,0,0,1,nan,nan,nan,nan,nan,nan,nan
9647,1,4,3,2,0,1,0,445,0,0,0,0,0,0,1,nan,nan,nan,nan,nan,nan,nan
9648,1,4,3,2,0,1,0,445,0,0,0,0,0,0,1,nan,nan,nan,nan,nan,nan,nan
9649,1,4,3,2,0,1,0,445,0,0,0,0,0,0,1,nan,nan,nan,nan,nan,nan,nan
9650,1,4,3,2,0,1,0,445,0,0,0,0,0,0,1,nan,nan,nan,nan,nan,nan,nan
9651,1,4,3,2,0,0,0,445,0,0,0,0,0,0,0,nan,nan,nan,nan,nan,34.2570699166954,nan
9652,1,5,3,2,0,0,0,445,0,0,0,0,0,0,0,32.030794216110735,nan,nan,nan,nan,nan,nan
9653,1,5,3,1,1,0,0,445,0,0,0,0,0,0,0,nan,nan,nan,16.024768654820946,nan,nan,nan
9654,1,5,3,1,1,0,0,445,0,0,0,0,0,0,0,nan,nan,nan,nan,nan,nan,nan
9655,1,5,3,1,1,0,0,445,0,0,0,0,0,0,0,nan,nan,nan,nan,nan,nan,nan
9656,1,5,3,1,1,0,0,445,0,0,0,0,0,0,0,nan,nan,nan,nan,nan,nan,nan
9657,1,5,3,1,1,0,0,445,0,0,0,0,0,0,0,nan,nan,nan,nan,nan,nan,nan
9658,1,5,3,1,0,1,0,445,0,0,0,0,0,0,0,nan,nan,nan,nan,16.038402221092838,nan,nan
9659,1,5,3,1,0,1,0,445,0,0,0,0,0,0,0,nan,nan,nan,nan,nan,nan,nan
9660,1,5,3,1,0,1,0,445,0,0,0,0,0,0,0,nan,nan,nan,nan,nan,nan,nan
9661,1,5,3,1,0,1,0,445,0,0,0,0,0,0,0,nan,nan,nan,nan,nan,nan,nan
9662,1,5,3,1,0,1,0,445,0,0,0,0,0,0,0,nan,nan,nan,nan,nan,nan,nan
9663,1,5,3,1,0,1,0,445,0,0,0,0,0,0,0,nan,nan,nan,nan,nan,nan,nan
9664,1,5,3,1,0,1,0,445,2,0,0,0,0,0,0,11.263779854245513,nan,nan,nan,nan,nan,nan
9665,1,5,4,1,0,1,0,445,0,0,0,0,0,0,0,nan,22.490136337881268,nan,nan,nan,nan,nan
9666,1,5,4,1,0,1,0,445,0,0,0,0,0,0,0,nan,nan,nan,nan,nan,nan,nan
9667,1,5,4,1,0,1,0,445,0,0,0,0,0,0,0,nan,nan,nan,nan,nan,nan,nan
9668,1,5,4,0,1,1,0,445,0,0,0,0,0,0,0,nan,nan,nan,15.835100313899602,nan,nan,nan
9669,1,5,4,0,1,1,0,445,0,0,0,0,0,0,0,nan,nan,nan,nan,nan,nan,nan
9670,1,5,4,0,0,2,0,445,0,0,0,0,0,0,0,nan,nan,nan,nan,11.693689959591211,nan,nan
9671,1,5,4,0,0,2,0,446,0,0,0,0,0,0,1,nan,nan,nan,nan,nan,nan,38.340943490220525
9672,1,5,4,0,0,2,0,446,0,0,0,0,0,0,1,nan,nan,nan,nan,nan,nan,nan
9673,1,5,4,0,0,2,0,446,0,0,0,0,0,0,1,nan,nan,nan,nan,nan,nan,nan
9674,1,5,4,0,0,2,0,446,0,0,0,0,0,0,1,nan,nan,nan,nan,nan,nan,nan
9675,1,5,4,0,0,2,0,446,0,0,0,0,0,0,1,nan,nan,nan,nan,nan,nan,nan
9676,1,5,4,0,0,1,0,446,0,0,0,0,0,0,0,nan,nan,nan,nan,nan,24.86322663762803,nan
9677,1,5,4,0,0,1,0,446,0,0,0,0,0,0,0,nan,nan,nan,nan,nan,nan,nan
9678,1,5,4,0,0,1,0,446,2,0,0,0,0,0,0,14.223406258219256,nan,nan,nan,nan,nan,nan
9679,1,5,4,0,0,1,0,446,2,0,0,0,0,0,0,nan,nan,nan,nan,nan,nan,nan
9680,1,5,4,0,1,1,0,446,2,0,0,1,0,0,0,nan,nan,nan,11.99166547547793,nan,nan,nan
9681,1,5,4,0,1,1,0,446,2,0,0,1,0,0,0,nan,nan,nan,nan,nan,nan,nan
9682,1,5,4,0,1,1,0,446,2,0,0,1,0,0,0,nan,nan,nan,nan,nan,nan,nan
9683,1,5,4,0,1,1,0,446,2,0,0,1,0,0,0,nan,nan,nan,nan,nan,nan,nan
9684,1,5,4,0,0,2,0,446,2,0,0,1,0,0,0,nan,nan,nan,nan,13.928756020648507,nan,nan
9685,1,5,4,0,0,2,0,446,0,0,0,0,0,0,0,nan,20.115307880259934,43.85793565116364,nan,nan,nan,nan
9686,1,5,4,0,0,2,0,446,0,0,0,0,0,0,0,nan,nan,nan,nan,nan,nan,nan
9687,1,5,4,0,0,2,0,446,0,0,0,0,0,0,0,nan,nan,nan,nan,nan,nan,nan
9688,1,5,4,0,0,2,0,446,0,0,0,0,0,0,0,nan,nan,nan,nan,nan,nan,nan
9689,1,5,4,0,0,2,0,446,0,0,0,0,0,0,0,nan,nan,nan,nan,nan,nan,nan
9690,1,5,4,0,0,2,0,446,0,0,0,0,0,0,0,nan,nan,nan,nan,nan,nan,nan
9691,1,5,4,0,0,2,0,446,0,0,0,0,0,0,0,nan,nan,nan,nan,nan,nan,nan
9692,1,5,4,0,0,2,0,446,0,0,0,0,0,0,0,nan,nan,nan,nan,nan,nan,nan
9693,1,5,4,0,0,2,0,446,0,0,0,0,0,0,0,nan,nan,nan,nan,nan,nan,nan
9694,1,5,4,0,0,2,0,447,0,0,0,0,0,0,1,nan,nan,nan,nan,nan,nan,23.423296707996997
9695,1,5,4,0,0,3,0,447,0,0,0,0,1,0,1,nan,nan,nan,nan,11.313845145201412,nan,nan
9696,1,5,4,0,0,3,0,447,0,0,0,0,1,0,1,nan,nan,nan,nan,nan,nan,nan
9697,1,5,4,0,0,2,0,447,0,0,0,0,1,0,0,nan,nan,nan,nan,nan,21.975516795258955,nan
9698,1,5,4,0,0,2,0,447,0,0,0,0,1,0,0,nan,nan,nan,nan,nan,nan,nan
9699,1,5,4,0,0,2,0,447,0,0,0,0,1,0,0,nan,nan,nan,nan,nan,nan,nan
9700,1,5,4,0,0,2,0,447,0,0,0,0,1,0,0,nan,nan,nan,nan,nan,nan,nan
9701,1,5,4,0,0,2,0,447,0,0,0,0,1,0,0,nan,nan,nan,nan,nan,nan,nan
9702,1,5,4,0,0,2,0,447,2,0,0,0,1,0,0,23.773660520037083,nan,nan,nan,nan,nan,nan
9703,1,5,4,0,0,2,0,447,2,0,0,0,1,0,0,nan,nan,nan,nan,nan,nan,nan
9704,1,5,4,0,0,2,0,447,2,0,0,0,1,0,0,nan,nan,nan,nan,nan,nan,nan
9705,1,5,5,0,0,2,0,447,0,0,0,1,0,0,0,nan,20.16693020375351,nan,24.53905129971281,nan,nan,nan
9706,1,5,5,0,0,2,0,447,0,0,0,1,0,0,0,nan,nan,nan,nan,nan,nan,nan
9707,1,5,5,0,0,2,0,447,0,0,0,1,0,0,0,nan,nan,nan,nan,nan,nan,nan
9708,1,5,5,0,0,2,0,448,0,0,0,1,0,0,1,nan,nan,nan,nan,nan,nan,14.0439693068638
9709,1,5,5,0,0,2,0,448,0,0,0,1,0,0,1,nan,nan,nan,nan,nan,nan,nan
9710,1,5,5,0,0,2,0,448,0,0,0,1,0,0,1,nan,nan,nan,nan,nan,nan,nan
9711,1,5,5,0,0,2,0,448,0,0,0,1,0,0,1,nan,nan,nan,nan,nan,nan,nan
9712,1,5,5,0,0,2,0,448,0,0,0,1,0,0,1,nan,nan,nan,nan,nan,nan,nan
9713,1,5,5,0,0,1,0,448,0,0,0,1,0,0,0,nan,nan,nan,nan,nan,15.464559407491834,nan
9714,1,5,4,0,0,1,0,448,0,0,0,0,0,0,0,nan,nan,28.92333679316289,nan,nan,nan,nan
9715,1,5,4,0,0,1,0,448,0,0,0,0,0,0,0,nan,nan,nan,nan,nan,nan,nan
9716,1,5,4,0,0,1,0,448,0,0,0,0,0,0,0,nan,nan,nan,nan,nan,nan,nan
9717,1,5,4,0,0,1,0,448,0,0,0,0,0,0,0,nan,nan,nan,nan,nan,nan,nan
9718,1,5,4,0,0,1,0,448,0,0,0,0,0,0,0,nan,nan,nan,nan,nan,nan,nan
9719,1,5,4,0,0,1,0,448,2,0,0,0,0,0,0,17.674617079512245,nan,nan,nan,nan,nan,nan
9720,1,5,4,0,0,1,0,448,2,0,0,0,0,0,0,nan,nan,nan,nan,nan,nan,nan
9721,1,5,4,0,0,1,0,448,2,0,0,0,0,0,0,nan,nan,nan,nan,nan,nan,nan
9722,1,5,4,0,0,1,0,448,2,0,0,0,0,0,0,nan,nan,nan,nan,nan,nan,nan
9723,1,5,4,0,0,1,0,448,2,0,0,0,0,0,0,nan,nan,nan,nan,nan,nan,nan
9724,1,5,4,0,0,1,0,448,2,0,0,0,0,0,0,nan,nan,nan,nan,nan,nan,nan
9725,1,5,4,0,0,1,0,448,2,0,0,0,0,0,0,nan,nan,nan,nan,nan,nan,nan
9726,1,5,5,0,0,2,0,448,0,0,0,0,1,0,0,nan,20.3736443952821,nan,nan,31.09151474025566,nan,nan
9727,1,5,5,0,0,2,0,449,0,0,0,0,1,0,1,nan,nan,nan,nan,nan,nan,18.160568383294958
9728,1,5,5,0,0,2,0,449,0,0,0,0,1,0,1,nan,nan,nan,nan,nan,nan,nan
9729,1,5,5,0,0,2,0,449,0,0,0,0,1,0,1,nan,nan,nan,nan,nan,nan,nan
9730,1,5,5,0,0,2,0,449,0,0,0,0,1,0,1,nan,nan,nan,nan,nan,nan,nan
9731,1,5,5,0,0,2,0,449,0,0,0,0,1,0,1,nan,nan,nan,nan,nan,nan,nan
9732,1,5,5,0,0,2,0,449,0,0,0,0,1,0,1,nan,nan,nan,nan,nan,nan,nan
9733,1,5,5,0,0,2,0,449,0,0,0,0,1,0,1,nan,nan,nan,nan,nan,nan,nan
9734,1,5,5,0,0,1,0,449,0,0,0,0,1,0,0,nan,nan,nan,nan,nan,20.662668637085517,nan
9735,1,5,4,1,0,1,0,449,0,0,0,0,1,0,0,nan,nan,20.6548065283514,nan,nan,nan,nan
9736,1,5,5,1,0,1,0,449,0,0,0,0,1,0,0,16.97592950818398,10.652435300995421,nan,nan,nan,nan,nan
9737,1,5,5,1,0,1,0,449,0,0,0,0,1,0,0,nan,nan,nan,nan,nan,nan,nan
9738,1,5,5,1,0,1,0,449,0,0,0,0,1,0,0,nan,nan,nan,nan,nan,nan,nan
9739,1,5,5,1,0,1,0,449,0,0,0,0,1,0,0,nan,nan,nan,nan,nan,nan,nan
9740,1,5,5,1,0,1,0,449,0,0,0,0,1,0,0,nan,nan,nan,nan,nan,nan,nan
9741,1,5,5,1,0,1,0,449,0,0,0,0,1,0,0,nan,nan,nan,nan,nan,nan,nan
9742,1,5,5,1,0,1,0,449,0,0,0,0,1,0,0,nan,nan,nan,nan,nan,nan,nan
9743,1,5,5,0,0,1,0,449,0,0,0,0,0,0,0,nan,nan,nan,37.67150028086871,nan,nan,nan
9744,1,5,5,0,0,1,0,449,0,0,0,0,0,0,0,nan,nan,nan,nan,nan,nan,nan
9745,1,5,5,0,0,1,0,449,0,0,0,0,0,0,0,nan,nan,nan,nan,nan,nan,nan
9746,1,5,5,0,0,1,0,449,0,0,0,0,0,0,0,nan,nan,nan,nan,nan,nan,nan
9747,1,5,5,0,0,1,0,449,0,0,0,0,0,0,0,nan,nan,nan,nan,nan,nan,nan
9748,1,5,5,0,0,1,0,449,0,0,0,0,0,0,0,nan,nan,nan,nan,nan,nan,nan
9749,1,5,5,0,0,1,0,449,0,0,0,0,0,0,0,nan,nan,nan,nan,nan,nan,nan
9750,1,5,5,0,0,1,0,449,0,0,0,0,0,0,0,nan,nan,nan,nan,nan,nan,nan
9751,1,5,5,0,0,1,0,449,0,0,0,0,0,0,0,nan,nan,nan,nan,nan,nan,nan
9752,1,5,5,0,0,1,0,449,0,0,0,0,0,0,0,nan,nan,nan,nan,nan,nan,nan
9753,1,5,5,0,0,1,0,449,0,0,0,0,0,0,0,nan,nan,nan,nan,nan,nan,nan
9754,1,5,5,0,0,1,0,449,0,0,0,0,0,0,0,nan,nan,nan,nan,nan,nan,nan
9755,1,5,5,0,0,1,0,450,0,0,0,0,1,0,0,nan,nan,nan,nan,29.056715678450928,21.671429748626906,28.75337693505753
9756,1,5,5,0,0,1,0,450,0,2,0,0,1,0,0,nan,19.41997488078232,nan,nan,nan,nan,nan
9757,1,5,5,0,0,1,0,450,0,2,0,0,1,0,0,nan,nan,nan,nan,nan,nan,nan
9758,1,5,5,0,0,1,0,450,0,2,0,0,1,0,0,nan,nan,nan,nan,nan,nan,nan
9759,1,5,5,0,0,1,0,450,2,2,0,1,0,0,0,22.281956817922037,nan,nan,16.296938775829403,nan,nan,nan
9760,1,5,5,0,0,1,0,450,2,2,0,1,0,0,0,nan,nan,nan,nan,nan,nan,nan
9761,1,5,5,0,0,1,0,450,2,2,0,1,0,0,0,nan,nan,nan,nan,nan,nan,nan
9762,1,5,5,0,0,1,0,450,2,2,0,1,0,0,0,nan,nan,nan,nan,nan,nan,nan
9763,1,5,5,0,0,1,0,450,2,2,0,1,0,0,0,nan,nan,nan,nan,nan,nan,nan
9764,1,5,5,0,0,1,0,450,2,2,0,1,0,0,0,nan,nan,nan,nan,nan,nan,nan
9765,1,5,5,0,0,1,0,450,2,2,0,1,0,0,0,nan,nan,nan,nan,nan,nan,nan
9766,1,5,5,0,0,1,0,450,2,2,0,1,0,0,0,nan,nan,nan,nan,nan,nan,nan
9767,1,5,5,0,0,1,0,450,2,2,0,1,0,0,0,nan,nan,nan,nan,nan,nan,nan
9768,1,5,5,0,0,1,0,450,2,2,0,1,0,0,0,nan,nan,nan,nan,nan,nan,nan
9769,1,5,5,0,0,1,0,450,2,2,0,1,0,0,0,nan,nan,nan,nan,nan,nan,nan
9770,1,5,5,0,0,0,1,450,2,2,0,1,0,0,0,nan,nan,nan,nan,nan,14.526857900200412,nan
9771,1,5,5,0,0,0,1,450,2,2,0,1,0,0,0,nan,nan,nan,nan,nan,nan,nan
9772,1,5,5,0,0,0,1,450,2,2,0,1,0,0,0,nan,nan,nan,nan,nan,nan,nan
9773,1,5,5,0,0,0,1,450,2,2,0,1,0,0,0,nan,nan,nan,nan,nan,nan,nan
9774,1,5,5,0,0,0,1,450,0,0,0,0,0,0,0,nan,nan,39.126356468848826,nan,nan,nan,nan
9775,1,5,5,0,0,0,1,450,0,0,0,0,0,0,0,nan,nan,nan,nan,nan,nan,nan
9776,1,5,5,0,0,0,1,450,0,0,0,0,0,0,0,nan,nan,nan,nan,nan,nan,nan
9777,1,5,5,0,0,0,1,450,0,0,0,0,0,0,0,nan,nan,nan,nan,nan,nan,nan
9778,1,5,5,0,0,0,1,450,0,0,0,0,0,0,0,nan,nan,nan,nan,nan,nan,nan
9779,1,5,5,0,0,0,0,451,0,0,0,0,0,0,0,nan,nan,nan,nan,nan,nan,23.9618811417713
9780,1,5,5,0,0,0,0,451,0,0,0,0,0,0,0,nan,nan,nan,nan,nan,nan,nan
9781,1,5,5,0,0,1,0,451,0,0,0,0,1,0,0,nan,nan,nan,nan,25.50213741198786,nan,nan
9782,1,5,5,0,0,1,0,451,0,0,0,0,1,0,0,nan,nan,nan,nan,nan,nan,nan
9783,1,5,5,0,0,1,0,451,0,0,0,0,1,0,0,nan,nan,nan,nan,nan,nan,nan
9784,1,5,5,0,0,1,0,451,0,0,0,0,1,0,0,nan,nan,nan,nan,nan,nan,nan
9785,1,5,5,0,0,0,1,451,0,2,0,1,0,0,0,nan,29.57126433121448,nan,26.137276153049243,nan,14.697779299289323,nan
9786,1,5,5,0,0,0,1,451,0,2,0,1,0,0,0,nan,nan,nan,nan,nan,nan,nan
9787,1,5,5,0,0,0,1,451,0,2,0,1,0,0,0,nan,nan,nan,nan,nan,nan,nan
9788,1,5,5,0,0,0,1,451,0,2,0,1,0,0,0,nan,nan,nan,nan,nan,nan,nan
9789,1,5,5,0,0,0,1,451,0,2,0,1,0,0,0,nan,nan,nan,nan,nan,nan,nan
9790,1,5,5,0,0,0,1,451,0,2,0,1,0,0,0,nan,nan,nan,nan,nan,nan,nan
9791,1,5,5,0,0,0,0,452,0,2,0,1,0,0,0,nan,nan,nan,nan,nan,nan,11.593727051316819
9792,1,5,5,0,0,0,0,452,0,2,0,1,0,0,0,nan,nan,nan,nan,nan,nan,nan
9793,1,5,5,0,0,0,0,452,2,2,0,1,0,0,0,34.71360416347488,nan,nan,nan,nan,nan,nan
9794,1,5,5,0,0,0,0,452,0,0,0,0,0,0,0,nan,nan,19.718665957017947,nan,nan,nan,nan
9795,1,5,5,0,0,0,1,452,0,0,0,0,0,1,0,nan,nan,nan,nan,nan,10.391316391618602,nan
9796,1,5,5,0,0,0,1,452,0,0,0,0,0,1,0,nan,nan,nan,nan,nan,nan,nan
9797,1,5,5,0,0,0,1,452,0,0,0,0,0,1,0,nan,nan,nan,nan,nan,nan,nan
9798,1,5,5,0,0,0,1,452,0,0,0,0,1,0,0,nan,nan,nan,nan,17.407258962266496,nan,nan
9799,1,5,5,0,0,0,1,452,0,0,0,0,1,0,0,nan,nan,nan,nan,nan,nan,nan
9800,1,5,5,0,0,0,1,452,0,0,0,0,1,0,0,nan,nan,nan,nan,nan,nan,nan
9801,1,5,5,0,0,0,1,452,0,0,0,0,1,0,0,nan,nan,nan,nan,nan,nan,nan
9802,1,5,5,0,0,0,1,452,0,0,0,0,1,0,0,nan,nan,nan,nan,nan,nan,nan
9803,1,5,5,0,0,0,1,452,0,0,0,0,1,0,0,nan,nan,nan,nan,nan,nan,nan
9804,1,5,5,0,0,0,1,452,0,0,0,0,1,0,0,nan,nan,nan,nan,nan,nan,nan
9805,1,5,5,0,0,0,1,452,0,0,0,0,1,0,0,nan,nan,nan,nan,nan,nan,nan
9806,1,5,5,0,0,0,1,452,0,0,0,0,1,0,0,nan,nan,nan,nan,nan,nan,nan
9807,1,5,5,0,0,0,1,452,0,0,0,0,1,0,0,nan,nan,nan,nan,nan,nan,nan
9808,1,5,5,0,0,0,1,452,0,0,0,0,1,0,0,nan,nan,nan,nan,nan,nan,nan
9809,1,5,5,0,0,0,1,452,0,0,0,0,1,0,0,nan,nan,nan,nan,nan,nan,nan
9810,1,5,5,0,0,0,1,452,0,0,0,0,1,0,0,nan,nan,nan,nan,nan,nan,nan
9811,1,5,5,0,0,0,1,452,0,0,0,0,1,0,0,nan,nan,nan,nan,nan,nan,nan
9812,1,5,5,0,0,0,1,452,0,0,0,0,1,0,0,nan,nan,nan,nan,nan,nan,nan
9813,1,5,5,0,0,0,0,453,0,0,0,0,1,0,0,nan,nan,nan,nan,nan,nan,22.35415926382848
9814,1,5,5,0,0,0,0,453,0,0,0,0,1,0,0,nan,nan,nan,nan,nan,nan,nan
9815,1,5,5,0,0,0,0,453,0,0,0,0,1,0,0,nan,nan,nan,nan,nan,nan,nan
9816,1,5,5,0,0,0,0,453,0,0,0,0,1,0,0,nan,nan,nan,nan,nan,nan,nan
9817,1,5,5,0,0,0,0,453,0,0,0,0,1,0,0,nan,nan,nan,nan,nan,nan,nan
9818,1,5,5,0,0,0,0,453,0,0,0,0,1,0,0,nan,nan,nan,nan,nan,nan,nan
9819,1,5,5,0,0,0,0,453,0,0,0,0,1,0,0,nan,nan,nan,nan,nan,nan,nan
9820,1,5,5,0,0,0,0,453,0,0,0,0,1,0,0,nan,nan,nan,nan,nan,nan,nan
9821,1,5,4,1,0,0,0,453,0,0,0,0,1,0,0,nan,nan,27.287436961138155,nan,nan,nan,nan
9822,1,5,4,1,0,0,0,453,0,0,0,0,1,0,0,nan,nan,nan,nan,nan,nan,nan
9823,1,5,4,1,0,0,0,453,2,0,0,0,1,0,0,30.207101832251283,nan,nan,nan,nan,nan,nan
9824,1,5,4,1,0,0,0,453,2,0,0,0,1,0,0,nan,nan,nan,nan,nan,nan,nan
9825,1,5,5,1,0,0,0,453,0,0,0,0,1,0,0,nan,39.28239909136937,nan,nan,nan,nan,nan
9826,1,5,5,1,0,0,0,453,0,0,0,0,1,0,0,nan,nan,nan,nan,nan,nan,nan
9827,1,5,5,1,0,0,0,453,0,0,0,0,1,0,0,nan,nan,nan,nan,nan,nan,nan
9828,1,5,5,1,0,0,0,453,0,0,0,0,1,0,0,nan,nan,nan,nan,nan,nan,nan
9829,1,5,5,1,0,0,1,453,0,0,0,0,1,1,0,nan,nan,nan,nan,nan,34.332014906822224,nan
9830,1,5,5,0,0,0,1,453,0,0,0,0,0,1,0,nan,nan,nan,45.29126602657561,nan,nan,nan
9831,1,5,5,0,0,0,1,453,0,0,0,0,0,1,0,nan,nan,nan,nan,nan,nan,nan
9832,1,5,5,0,0,0,1,453,0,0,0,0,0,1,0,nan,nan,nan,nan,nan,nan,nan
9833,1,5,5,0,0,0,0,454,0,0,0,0,0,1,0,nan,nan,nan,nan,nan,nan,20.058206473930113
9834,1,5,5,0,0,0,0,454,0,0,0,0,0,1,0,nan,nan,nan,nan,nan,nan,nan
9835,1,5,5,0,0,0,0,454,0,0,0,0,0,1,0,nan,nan,nan,nan,nan,nan,nan
9836,1,5,5,0,0,0,0,454,0,0,0,0,0,1,0,nan,nan,nan,nan,nan,nan,nan
9837,1,5,5,0,0,0,0,454,0,0,0,0,0,1,0,nan,nan,nan,nan,nan,nan,nan
9838,1,5,4,1,0,0,0,454,0,0,0,0,0,1,0,nan,nan,17.30475289439164,nan,nan,nan,nan
9839,1,5,4,1,0,0,0,454,2,0,0,0,0,1,0,15.828911589966083,nan,nan,nan,nan,nan,nan
9840,1,5,4,1,0,0,0,454,2,0,0,0,0,1,0,nan,nan,nan,nan,nan,nan,nan
9841,1,5,4,1,0,0,0,454,2,0,0,0,0,1,0,nan,nan,nan,nan,nan,nan,nan
9842,1,5,4,1,0,0,0,454,2,0,0,0,0,1,0,nan,nan,nan,nan,nan,nan,nan
9843,1,5,4,0,1,0,0,454,2,0,0,0,0,1,0,nan,nan,nan,12.76346441637179,nan,nan,nan
9844,1,5,4,0,1,0,0,454,2,0,0,0,0,1,0,nan,nan,nan,nan,nan,nan,nan
9845,1,5,4,0,1,0,0,454,2,0,0,0,0,1,0,nan,nan,nan,nan,nan,nan,nan
9846,1,5,4,0,1,0,0,454,2,0,0,0,0,1,0,nan,nan,nan,nan,nan,nan,nan
9847,1,5,4,0,1,0,0,454,2,0,0,0,0,1,0,nan,nan,nan,nan,nan,nan,nan
9848,1,5,4,0,1,0,0,454,2,0,0,0,0,1,0,nan,nan,nan,nan,nan,nan,nan
9849,1,5,4,0,0,0,0,454,2,0,0,0,0,0,0,nan,nan,nan,nan,50.84890332727264,nan,nan
9850,1,5,5,0,0,0,0,454,0,0,0,0,0,0,0,nan,25.61203370176554,nan,nan,nan,nan,nan
9851,1,5,4,1,0,0,0,454,0,0,0,0,0,0,0,nan,nan,12.738220077346341,nan,nan,nan,nan
9852,1,5,4,1,0,0,0,454,0,0,0,0,0,0,0,nan,nan,nan,nan,nan,nan,nan
9853,1,5,4,1,0,0,0,454,0,0,0,0,0,0,0,nan,nan,nan,nan,nan,nan,nan
9854,1,5,4,1,0,0,0,454,0,0,0,0,0,0,0,nan,nan,nan,nan,nan,nan,nan
9855,1,5,4,1,0,0,0,454,0,0,0,0,0,0,0,nan,nan,nan,nan,nan,nan,nan
9856,1,5,4,1,0,0,0,455,0,0,0,0,0,0,1,nan,nan,nan,nan,nan,nan,22.401521049476287
9857,1,5,4,0,1,0,0,455,0,0,0,0,0,0,1,nan,nan,nan,13.62304945498181,nan,nan,nan
9858,1,5,4,0,1,0,0,455,0,0,0,0,0,0,1,nan,nan,nan,nan,nan,nan,nan
9859,1,5,4,0,1,0,0,455,0,0,0,0,0,0,1,nan,nan,nan,nan,nan,nan,nan
9860,1,5,4,0,1,0,0,455,0,0,0,0,0,0,1,nan,nan,nan,nan,nan,nan,nan
9861,1,5,4,0,1,0,0,455,0,0,0,0,0,0,1,nan,nan,nan,nan,nan,nan,nan
9862,1,5,4,0,1,0,0,455,0,0,0,0,0,0,1,nan,nan,nan,nan,nan,nan,nan
9863,1,5,4,0,1,0,0,455,0,0,0,0,0,0,1,nan,nan,nan,nan,nan,nan,nan
9864,1,5,4,0,1,0,0,455,0,0,0,0,0,0,1,nan,nan,nan,nan,nan,nan,nan
9865,1,4,4,1,1,0,0,455,0,0,0,0,0,0,1,nan,15.252033046837823,13.989535454587894,nan,nan,nan,nan
9866,1,5,4,1,1,0,0,455,0,0,0,0,0,0,1,26.505241633938567,nan,nan,nan,nan,nan,nan
9867,1,5,4,1,1,0,0,455,0,0,0,0,0,0,1,nan,nan,nan,nan,nan,nan,nan
9868,1,5,4,1,1,0,0,455,0,0,0,0,0,1,0,nan,nan,nan,nan,nan,38.728223530592004,nan
9869,1,5,4,1,1,0,0,455,0,0,0,0,0,1,0,nan,nan,nan,nan,nan,nan,nan
9870,1,5,4,1,1,0,0,455,0,0,0,0,0,1,0,nan,nan,nan,nan,nan,nan,nan
9871,1,5,4,1,1,0,0,455,0,0,0,0,0,1,0,nan,nan,nan,nan,nan,nan,nan
9872,1,5,4,1,1,0,0,455,0,0,0,0,0,1,0,nan,nan,nan,nan,nan,nan,nan
9873,1,5,4,1,1,0,0,455,0,0,0,0,0,1,0,nan,nan,nan,nan,nan,nan,nan
9874,1,5,4,1,1,0,0,455,0,0,0,0,0,1,0,nan,nan,nan,nan,nan,nan,nan
9875,1,5,4,1,1,0,0,455,0,0,0,0,0,1,0,nan,nan,nan,nan,nan,nan,nan
9876,1,5,4,0,2,0,0,455,0,0,0,0,0,1,0,nan,nan,nan,19.13453865180054,nan,nan,nan
9877,1,5,4,0,2,0,0,455,0,0,0,0,0,1,0,nan,nan,nan,nan,nan,nan,nan
9878,1,5,4,0,1,0,0,456,0,0,0,0,0,0,1,nan,nan,nan,nan,29.04471391064726,nan,22.131881634817546
9879,1,5,4,0,1,0,0,456,0,0,0,0,0,0,1,nan,nan,nan,nan,nan,nan,nan
9880,1,5,4,0,1,0,0,456,0,0,0,0,0,0,1,nan,nan,nan,nan,nan,nan,nan
9881,1,5,4,0,1,0,0,456,0,0,0,0,0,0,1,nan,nan,nan,nan,nan,nan,nan
9882,1,5,4,0,1,0,0,456,0,0,0,0,0,0,1,nan,nan,nan,nan,nan,nan,nan
9883,1,5,4,0,1,0,0,456,0,0,0,0,0,0,1,nan,nan,nan,nan,nan,nan,nan
9884,1,5,4,0,1,0,0,456,2,0,0,0,0,0,1,18.178036108340166,nan,nan,nan,nan,nan,nan
9885,1,5,4,0,1,0,0,456,2,0,0,0,0,0,1,nan,nan,nan,nan,nan,nan,nan
9886,1,5,4,0,1,0,0,456,2,0,0,0,0,0,1,nan,nan,nan,nan,nan,nan,nan
9887,1,5,4,0,1,0,0,456,2,0,0,0,0,0,1,nan,nan,nan,nan,nan,nan,nan
9888,1,5,4,0,1,0,0,456,2,0,0,0,0,0,1,nan,nan,nan,nan,nan,nan,nan
9889,1,5,4,0,1,0,0,456,2,0,0,0,0,0,1,nan,nan,nan,nan,nan,nan,nan
9890,1,5,4,0,1,0,0,456,2,0,0,0,0,1,0,nan,nan,nan,nan,nan,22.42715302268698,nan
9891,1,5,4,0,0,0,0,456,2,0,0,0,0,0,0,nan,nan,nan,nan,13.1368548190203,nan,nan
9892,1,5,5,0,0,0,0,456,0,0,0,0,0,0,0,nan,26.483855152882825,nan,nan,nan,nan,nan
9893,1,5,5,0,1,0,0,456,0,0,0,1,0,0,0,nan,nan,nan,17.330293511457057,nan,nan,nan
9894,1,5,5,0,1,0,0,456,0,0,0,1,0,0,0,nan,nan,nan,nan,nan,nan,nan
9895,1,5,5,0,1,0,0,456,0,0,0,1,0,0,0,nan,nan,nan,nan,nan,nan,nan
9896,1,5,5,0,1,0,0,456,0,0,0,1,0,0,0,nan,nan,nan,nan,nan,nan,nan
9897,1,5,5,0,1,0,0,456,0,0,0,1,0,0,0,nan,nan,nan,nan,nan,nan,nan
9898,1,5,5,0,1,0,0,456,0,0,0,1,0,0,0,nan,nan,nan,nan,nan,nan,nan
9899,1,5,5,0,1,0,0,456,0,0,0,1,0,0,0,nan,nan,nan,nan,nan,nan,nan
9900,1,5,4,0,1,0,0,456,0,0,0,0,0,0,0,nan,nan,35.19120131593991,nan,nan,nan,nan
9901,1,5,4,0,1,0,0,456,0,0,0,0,0,0,0,nan,nan,nan,nan,nan,nan,nan
9902,1,5,4,0,1,0,1,456,0,0,0,0,0,1,0,nan,nan,nan,nan,nan,11.175595619430169,nan
9903,1,5,4,0,1,0,1,456,0,0,0,0,0,1,0,nan,nan,nan,nan,nan,nan,nan
9904,1,5,4,0,1,0,1,456,0,0,0,0,0,1,0,nan,nan,nan,nan,nan,nan,nan
9905,1,5,4,0,0,0,1,456,0,0,0,0,0,0,0,nan,nan,nan,nan,14.174562451900783,nan,nan
9906,1,4,5,0,0,0,1,456,0,0,0,0,0,0,0,nan,14.275227669088054,nan,nan,nan,nan,nan
9907,1,4,5,0,0,0,0,457,0,0,0,0,0,0,0,nan,nan,nan,nan,nan,nan,29.06280959655669
9908,1,4,5,0,0,0,0,457,0,0,0,0,0,0,0,nan,nan,nan,nan,nan,nan,nan
9909,1,4,5,0,0,0,0,457,0,0,0,0,0,0,0,nan,nan,nan,nan,nan,nan,nan
9910,1,4,5,0,0,0,0,457,0,0,0,0,0,0,0,nan,nan,nan,nan,nan,nan,nan
9911,1,4,5,0,0,0,0,457,0,0,0,0,0,0,0,nan,nan,nan,nan,nan,nan,nan
9912,1,4,5,0,0,0,0,457,0,0,0,0,0,0,0,nan,nan,nan,nan,nan,nan,nan
9913,1,4,5,0,1,0,0,457,0,0,0,1,0,0,0,nan,nan,nan,19.981693110894412,nan,nan,nan
9914,1,4,5,0,1,0,0,457,0,0,0,1,0,0,0,nan,nan,nan,nan,nan,nan,nan
9915,1,4,5,0,1,0,0,457,0,0,0,1,0,0,0,nan,nan,nan,nan,nan,nan,nan
9916,1,4,5,0,1,0,0,457,0,0,0,1,0,0,0,nan,nan,nan,nan,nan,nan,nan
9917,1,4,5,0,1,0,0,457,0,0,0,1,0,0,0,nan,nan,nan,nan,nan,nan,nan
9918,1,4,5,0,1,0,0,457,0,0,0,1,0,0,0,nan,nan,nan,nan,nan,nan,nan
9919,1,4,5,0,1,0,0,457,0,0,0,1,0,0,0,nan,nan,nan,nan,nan,nan,nan
9920,1,5,5,0,1,0,1,457,0,0,0,1,0,1,0,35.54162881355296,nan,nan,nan,nan,18.323159013143595,nan
9921,1,5,5,0,1,0,1,457,0,0,0,1,0,1,0,nan,nan,nan,nan,nan,nan,nan
9922,1,5,5,0,1,0,0,458,0,0,0,1,0,1,0,nan,nan,nan,nan,nan,nan,14.971386340625031
9923,1,5,5,0,1,0,0,458,0,0,0,1,0,1,0,nan,nan,nan,nan,nan,nan,nan
9924,1,5,5,0,1,0,0,458,0,0,0,1,0,1,0,nan,nan,nan,nan,nan,nan,nan
9925,1,5,5,0,1,0,0,458,0,0,0,1,0,1,0,nan,nan,nan,nan,nan,nan,nan
9926,1,5,4,0,1,0,0,458,0,0,0,0,0,1,0,nan,nan,25.573888838580388,nan,nan,nan,nan
9927,1,5,4,0,0,0,0,458,0,0,0,0,0,0,0,nan,nan,nan,nan,22.131636369978878,nan,nan
9928,1,5,4,0,0,0,0,458,0,0,0,0,0,0,0,nan,nan,nan,nan,nan,nan,nan
9929,1,4,5,0,0,0,0,458,0,0,0,0,0,0,0,nan,23.098237634967518,nan,nan,nan,nan,nan
9930,1,4,5,0,0,0,0,458,0,0,0,0,0,0,0,nan,nan,nan,nan,nan,nan,nan
9931,1,4,5,0,0,0,0,458,0,0,0,0,0,0,0,nan,nan,nan,nan,nan,nan,nan
9932,1,4,5,0,0,0,0,458,0,0,0,0,0,0,0,nan,nan,nan,nan,nan,nan,nan
9933,1,4,5,0,0,0,0,458,0,0,0,0,0,0,0,nan,nan,nan,nan,nan,nan,nan
9934,1,4,5,0,0,0,0,458,0,0,0,0,0,0,0,nan,nan,nan,nan,nan,nan,nan
9935,1,4,5,0,0,0,0,458,0,0,0,0,0,0,0,nan,nan,nan,nan,nan,nan,nan
9936,1,5,5,0,0,0,0,458,0,0,0,0,0,0,0,16.610170209691205,nan,nan,nan,nan,nan,nan
9937,1,5,5,0,0,0,0,458,0,0,0,0,0,0,0,nan,nan,nan,nan,nan,nan,nan
9938,1,5,5,0,0,0,1,458,0,0,0,0,0,1,0,nan,nan,nan,nan,nan,18.490094414079067,nan
9939,1,5,5,0,0,0,1,458,0,0,0,0,0,1,0,nan,nan,nan,nan,nan,nan,nan
9940,1,5,5,0,0,0,1,458,0,0,0,0,0,1,0,nan,nan,nan,nan,nan,nan,nan
9941,1,5,5,0,0,0,1,458,0,0,0,0,0,1,0,nan,nan,nan,nan,nan,nan,nan
9942,1,5,5,0,0,0,1,458,0,0,0,0,0,1,0,nan,nan,nan,nan,nan,nan,nan
9943,1,5,5,0,0,0,1,458,0,0,0,0,0,1,0,nan,nan,nan,nan,nan,nan,nan
9944,1,5,5,0,0,0,1,458,0,0,0,0,0,1,0,nan,nan,nan,nan,nan,nan,nan
9945,1,5,5,0,1,0,0,459,0,2,0,1,0,1,0,nan,15.553512338659857,nan,31.48380712584003,nan,nan,22.99660987874813
9946,1,5,5,0,1,0,0,459,0,2,0,1,0,1,0,nan,nan,nan,nan,nan,nan,nan
9947,1,5,5,0,1,0,0,459,0,2,0,1,0,1,0,nan,nan,nan,nan,nan,nan,nan
9948,1,5,5,0,1,0,0,459,0,2,0,1,0,1,0,nan,nan,nan,nan,nan,nan,nan
9949,1,5,5,0,1,0,0,459,0,2,0,1,0,1,0,nan,nan,nan,nan,nan,nan,nan
9950,1,5,5,0,1,0,0,459,0,2,0,1,0,1,0,nan,nan,nan,nan,nan,nan,nan
9951,1,5,5,0,0,0,0,459,0,2,0,1,0,0,0,nan,nan,nan,nan,23.666357111676916,nan,nan
9952,1,5,5,0,0,0,0,459,0,2,0,1,0,0,0,nan,nan,nan,nan,nan,nan,nan
9953,1,5,5,0,0,0,0,459,0,2,0,1,0,0,0,nan,nan,nan,nan,nan,nan,nan
9954,1,5,5,0,0,0,0,459,0,2,0,1,0,0,0,nan,nan,nan,nan,nan,nan,nan
9955,1,5,5,0,0,0,0,459,0,2,0,1,0,0,0,nan,nan,nan,nan,nan,nan,nan
9956,1,5,5,0,0,0,0,459,0,2,0,1,0,0,0,nan,nan,nan,nan,nan,nan,nan
9957,1,4,5,0,0,0,0,459,0,0,0,0,0,0,0,nan,nan,31.290122305417754,nan,nan,nan,nan
9958,1,4,5,0,0,0,0,459,0,0,0,0,0,0,0,nan,nan,nan,nan,nan,nan,nan
9959,1,4,5,0,0,0,0,459,0,0,0,0,0,0,0,nan,nan,nan,nan,nan,nan,nan
9960,1,4,5,0,0,0,0,459,0,0,0,0,0,0,0,nan,nan,nan,nan,nan,nan,nan
9961,1,4,5,0,0,0,0,459,0,0,0,0,0,0,0,nan,nan,nan,nan,nan,nan,nan
9962,1,4,5,0,0,0,0,459,0,0,0,0,0,0,0,nan,nan,nan,nan,nan,nan,nan
9963,1,4,5,0,0,0,0,459,0,0,0,0,0,0,0,nan,nan,nan,nan,nan,nan,nan
9964,1,4,5,0,0,0,0,459,0,0,0,0,0,0,0,nan,nan,nan,nan,nan,nan,nan
9965,1,5,5,0,0,0,0,459,0,0,0,0,0,0,0,29.03005271913935,nan,nan,nan,nan,nan,nan
9966,1,5,5,0,0,0,0,459,0,0,0,0,0,0,0,nan,nan,nan,nan,nan,nan,nan
9967,1,5,5,0,0,0,0,459,0,0,0,0,0,0,0,nan,nan,nan,nan,nan,nan,nan
9968,1,5,5,0,0,0,0,460,0,0,0,0,0,1,0,nan,nan,nan,nan,nan,29.554755590301284,22.86750160907286
9969,1,5,5,0,0,0,0,460,0,0,0,0,1,0,0,nan,nan,nan,nan,18.081412527568318,nan,nan
9970,1,5,5,0,0,0,0,460,0,0,0,0,1,0,0,nan,nan,nan,nan,nan,nan,nan
9971,1,5,4,1,0,0,0,460,0,0,0,0,1,0,0,nan,nan,14.099453303248083,nan,nan,nan,nan
9972,1,5,4,1,0,0,0,460,0,0,0,0,1,0,0,nan,nan,nan,nan,nan,nan,nan
9973,1,5,4,1,0,0,0,460,0,0,0,0,1,0,0,nan,nan,nan,nan,nan,nan,nan
9974,1,5,4,1,0,0,0,460,0,0,0,0,1,0,0,nan,nan,nan,nan,nan,nan,nan
9975,1,5,4,1,0,0,0,460,0,0,0,0,1,0,0,nan,nan,nan,nan,nan,nan,nan
9976,1,5,4,1,0,0,0,460,0,0,0,0,1,0,0,nan,nan,nan,nan,nan,nan,nan
9977,1,5,4,1,0,0,0,460,0,0,0,0,1,0,0,nan,nan,nan,nan,nan,nan,nan
9978,1,5,4,1,0,0,0,460,0,0,0,0,1,0,0,nan,nan,nan,nan,nan,nan,nan
9979,1,4,5,1,0,0,0,460,0,0,0,0,1,0,0,nan,33.743667560849644,nan,nan,nan,nan,nan
9980,1,4,5,1,0,0,0,460,0,0,0,0,1,0,0,nan,nan,nan,nan,nan,nan,nan
9981,1,4,5,1,0,0,0,460,0,0,0,0,1,0,0,nan,nan,nan,nan,nan,nan,nan
9982,1,4,5,1,0,0,0,460,0,0,0,0,1,0,0,nan,nan,nan,nan,nan,nan,nan
9983,1,4,5,1,0,0,0,460,0,0,0,0,1,0,0,nan,nan,nan,nan,nan,nan,nan
9984,1,4,5,1,0,0,0,460,0,0,0,0,1,0,0,nan,nan,nan,nan,nan,nan,nan
9985,1,4,5,1,0,0,0,460,0,0,0,0,1,0,0,nan,nan,nan,nan,nan,nan,nan
9986,1,4,5,1,0,0,1,460,0,0,0,0,1,1,0,nan,nan,nan,nan,nan,17.996840202849853,nan
9987,1,4,5,1,0,0,1,460,0,0,0,0,1,1,0,nan,nan,nan,nan,nan,nan,nan
9988,1,4,5,1,0,0,1,460,0,0,0,0,1,1,0,nan,nan,nan,nan,nan,nan,nan
9989,1,4,4,1,0,0,0,461,0,0,0,0,0,1,0,nan,nan,18.062283151795782,44.511310910922475,nan,nan,20.959287000932818
9990,1,3,5,1,0,0,0,461,0,0,0,0,0,1,0,nan,11.078521705856474,nan,nan,nan,nan,nan
9991,1,4,5,1,0,0,0,461,0,0,0,0,0,1,0,25.989793057849965,nan,nan,nan,nan,nan,nan
9992,1,4,5,1,0,0,0,461,0,0,0,0,0,1,0,nan,nan,nan,nan,nan,nan,nan
9993,1,4,5,1,0,0,0,461,0,0,0,0,0,1,0,nan,nan,nan,nan,nan,nan,nan
9994,1,4,5,1,0,0,0,461,0,0,0,0,0,1,0,nan,nan,nan,nan,nan,nan,nan
9995,1,4,5,1,0,0,0,461,0,0,0,0,0,1,0,nan,nan,nan,nan,nan,nan,nan
9996,1,4,5,1,0,0,0,461,0,0,0,0,0,1,0,nan,nan,nan,nan,nan,nan,nan
9997,1,4,5,1,0,0,0,461,0,0,0,0,0,1,0,nan,nan,nan,nan,nan,nan,nan
9998,1,4,5,1,0,0,0,461,0,0,0,0,0,1,0,nan,nan,nan,nan,nan,nan,nan
9999,1,4,5,1,0,0,0,461,0,2,0,0,0,1,0,nan,8.918335828753698,nan,nan,nan,nan,nan
10000,1,4,5,1,0,0,0,461,0,2,0,0,0,1,0,nan,nan,nan,nan,nan,nan,nan
10001,1,3,5,2,0,0,0,461,0,0,0,0,0,1,0,nan,nan,12.072905695798909,nan,nan,nan,nan
10002,1,3,5,2,0,0,0,461,0,0,0,0,0,1,0,nan,nan,nan,nan,nan,nan,nan
10003,1,3,5,2,0,0,0,461,0,0,0,0,0,1,0,nan,nan,nan,nan,nan,nan,nan
10004,1,3,5,1,1,0,0,461,0,0,0,0,0,1,0,nan,nan,nan,14.62035078635381,nan,nan,nan
10005,1,3,5,1,1,0,0,461,0,0,0,0,0,1,0,nan,nan,nan,nan,nan,nan,nan
10006,1,3,5,1,1,0,0,461,0,0,0,0,0,1,0,nan,nan,nan,nan,nan,nan,nan
10007,1,3,5,1,1,0,0,461,0,0,0,0,0,1,0,nan,nan,nan,nan,nan,nan,nan
10008,1,3,5,1,0,0,0,461,0,0,0,0,0,0,0,nan,nan,nan,nan,38.93550953041995,nan,nan
10009,1,3,5,1,0,0,0,461,0,0,0,0,0,0,0,nan,nan,nan,nan,nan,nan,nan
10010,1,3,5,1,0,0,0,462,0,0,0,0,0,0,1,nan,nan,nan,nan,nan,nan,21.21255780620777
10011,1,3,5,1,0,0,0,462,0,0,0,0,0,0,1,nan,nan,nan,nan,nan,nan,nan
10012,1,3,5,1,0,0,0,462,0,0,0,0,0,0,1,nan,nan,nan,nan,nan,nan,nan
10013,1,3,5,1,0,0,0,462,0,2,0,0,0,0,1,nan,14.827070279439795,nan,nan,nan,nan,nan
10014,1,3,5,1,0,0,0,462,0,2,0,0,0,0,1,nan,nan,nan,nan,nan,nan,nan
10015,1,3,5,1,0,0,0,462,0,2,0,0,0,0,1,nan,nan,nan,nan,nan,nan,nan
10016,1,3,5,1,0,0,0,462,0,2,0,0,0,0,1,nan,nan,nan,nan,nan,nan,nan
10017,1,3,5,1,0,0,0,462,0,2,0,0,0,0,1,nan,nan,nan,nan,nan,nan,nan
10018,1,3,5,1,0,0,0,462,0,2,0,0,0,0,1,nan,nan,nan,nan,nan,nan,nan
10019,1,4,5,0,1,0,0,462,0,2,0,0,0,0,1,27.593104444871642,nan,nan,14.880158650530575,nan,nan,nan
10020,1,4,5,0,1,0,0,462,0,2,0,0,0,0,1,nan,nan,nan,nan,nan,nan,nan
10021,1,4,5,0,1,0,0,462,0,2,0,0,0,0,1,nan,nan,nan,nan,nan,nan,nan
10022,1,4,5,0,1,0,0,462,0,2,0,0,0,0,1,nan,nan,nan,nan,nan,nan,nan
10023,1,4,5,0,1,0,0,462,0,2,0,0,0,0,1,nan,nan,nan,nan,nan,nan,nan
10024,1,4,5,0,1,0,0,462,0,2,0,0,0,0,1,nan,nan,nan,nan,nan,nan,nan
10025,1,3,5,1,1,0,0,462,0,0,0,0,0,0,1,nan,nan,23.297247101934772,nan,nan,nan,nan
10026,1,3,5,1,1,0,0,462,0,0,0,0,0,0,1,nan,nan,nan,nan,nan,nan,nan
10027,1,3,5,1,1,0,0,462,0,0,0,0,0,1,0,nan,nan,nan,nan,nan,41.258462704046906,nan
10028,1,3,5,1,0,0,0,462,0,0,0,0,0,0,0,nan,nan,nan,nan,19.482537710271572,nan,nan
10029,1,3,5,1,0,0,0,462,0,0,0,0,0,0,0,nan,nan,nan,nan,nan,nan,nan
10030,1,3,5,1,0,0,0,462,0,0,0,0,0,0,0,nan,nan,nan,nan,nan,nan,nan
10031,1,3,5,1,0,0,0,462,0,0,0,0,0,0,0,nan,nan,nan,nan,nan,nan,nan
10032,1,3,5,0,1,0,0,462,0,0,0,0,0,0,0,nan,nan,nan,13.66873667814616,nan,nan,nan
10033,1,3,5,0,1,0,0,462,0,0,0,0,0,0,0,nan,nan,nan,nan,nan,nan,nan
10034,1,4,5,0,1,0,0,462,0,0,0,0,0,0,0,15.317156911200072,nan,nan,nan,nan,nan,nan
10035,1,4,5,0,1,0,0,462,0,0,0,0,0,0,0,nan,nan,nan,nan,nan,nan,nan
10036,1,4,5,0,1,0,0,462,0,0,0,0,0,0,0,nan,nan,nan,nan,nan,nan,nan
10037,1,4,4,1,1,0,0,462,0,0,0,0,0,0,0,nan,nan,12.2071579842559,nan,nan,nan,nan
10038,1,4,4,1,1,0,0,462,0,0,0,0,0,0,0,nan,nan,nan,nan,nan,nan,nan
10039,1,4,4,1,0,1,0,462,0,0,0,0,0,0,0,nan,nan,nan,nan,11.017494382840596,nan,nan
10040,1,4,4,1,0,1,0,462,0,0,0,0,0,0,0,nan,nan,nan,nan,nan,nan,nan
10041,1,4,4,1,0,1,0,462,0,0,0,0,0,0,0,nan,nan,nan,nan,nan,nan,nan
10042,1,4,4,1,0,1,0,462,0,0,0,0,0,0,0,nan,nan,nan,nan,nan,nan,nan
10043,1,4,4,1,0,1,0,462,0,0,0,0,0,0,0,nan,nan,nan,nan,nan,nan,nan
10044,1,4,4,1,0,1,0,462,0,0,0,0,0,0,0,nan,nan,nan,nan,nan,nan,nan
10045,1,3,5,1,0,1,0,462,0,0,0,0,0,0,0,nan,31.354979425976126,nan,nan,nan,nan,nan
10046,1,3,5,1,0,1,0,462,0,0,0,0,0,0,0,nan,nan,nan,nan,nan,nan,nan
10047,1,4,5,1,0,1,0,463,0,0,0,0,0,0,1,13.00079960741823,nan,nan,nan,nan,nan,37.10296883576666
10048,1,4,5,1,0,1,0,463,0,0,0,0,0,0,1,nan,nan,nan,nan,nan,nan,nan
10049,1,4,5,1,0,0,0,463,0,0,0,0,0,0,0,nan,nan,nan,nan,nan,21.434366711411712,nan
10050,1,4,5,1,0,0,0,463,0,0,0,0,0,0,0,nan,nan,nan,nan,nan,nan,nan
10051,1,4,5,1,0,0,0,463,0,0,0,0,0,0,0,nan,nan,nan,nan,nan,nan,nan
10052,1,4,5,1,0,0,0,463,0,0,0,0,0,0,0,nan,nan,nan,nan,nan,nan,nan
10053,1,4,5,0,1,0,0,463,0,0,0,0,0,0,0,nan,nan,nan,21.007676248831558,nan,nan,nan
10054,1,4,5,0,1,0,0,463,0,0,0,0,0,0,0,nan,nan,nan,nan,nan,nan,nan
10055,1,4,5,0,1,0,0,463,0,0,0,0,0,0,0,nan,nan,nan,nan,nan,nan,nan
10056,1,4,5,0,1,0,0,463,0,0,0,0,0,0,0,nan,nan,nan,nan,nan,nan,nan
10057,1,4,5,0,1,0,0,463,0,0,0,0,0,0,0,nan,nan,nan,nan,nan,nan,nan
10058,1,4,5,0,1,0,0,463,0,0,0,0,0,0,0,nan,nan,nan,nan,nan,nan,nan
10059,1,4,5,0,1,0,1,463,0,0,0,0,0,1,0,nan,nan,nan,nan,nan,10.746836879403418,nan
10060,1,4,5,0,1,0,1,463,0,0,0,0,0,1,0,nan,nan,nan,nan,nan,nan,nan
10061,1,4,4,1,1,0,1,463,0,0,0,0,0,1,0,nan,nan,24.412950287827698,nan,nan,nan,nan
10062,1,4,4,1,0,0,1,463,0,0,0,0,0,0,0,nan,nan,nan,nan,23.111848951779393,nan,nan
10063,1,4,4,1,0,0,1,463,0,0,0,0,0,0,0,nan,nan,nan,nan,nan,nan,nan
10064,1,4,4,1,0,0,1,463,0,0,0,0,0,0,0,nan,nan,nan,nan,nan,nan,nan
10065,1,4,4,1,0,0,1,463,0,0,0,0,0,0,0,nan,nan,nan,nan,nan,nan,nan
10066,1,3,5,1,0,0,1,463,0,0,0,0,0,0,0,nan,20.753938631667552,nan,nan,nan,nan,nan
10067,1,3,5,1,0,0,0,464,0,0,0,0,0,0,0,nan,nan,nan,nan,nan,nan,19.486591143337137
10068,1,3,5,1,0,0,0,464,0,0,0,0,0,0,0,nan,nan,nan,nan,nan,nan,nan
10069,1,3,5,1,0,0,0,464,0,0,0,0,0,0,0,nan,nan,nan,nan,nan,nan,nan
10070,1,3,5,1,0,0,0,464,0,0,0,0,0,0,0,nan,nan,nan,nan,nan,nan,nan
10071,1,3,5,1,0,0,0,464,0,0,0,0,0,0,0,nan,nan,nan,nan,nan,nan,nan
10072,1,3,5,1,0,0,0,464,0,0,0,0,0,0,0,nan,nan,nan,nan,nan,nan,nan
10073,1,4,5,1,0,0,0,464,0,0,0,0,0,0,0,26.313375184883625,nan,nan,nan,nan,nan,nan
10074,1,4,5,1,0,0,0,464,0,0,0,0,0,0,0,nan,nan,nan,nan,nan,nan,nan
10075,1,4,5,1,0,0,1,464,0,0,0,0,1,0,0,nan,nan,nan,nan,12.864858581135195,15.822168913437054,nan
10076,1,4,5,1,0,0,1,464,0,0,0,0,1,0,0,nan,nan,nan,nan,nan,nan,nan
10077,1,4,5,1,0,0,1,464,0,0,0,0,1,0,0,nan,nan,nan,nan,nan,nan,nan
10078,1,4,5,1,0,0,1,464,0,0,0,0,1,0,0,nan,nan,nan,nan,nan,nan,nan
10079,1,4,5,1,0,0,1,464,0,0,0,0,1,0,0,nan,nan,nan,nan,nan,nan,nan
10080,1,4,5,0,0,0,0,465,0,0,0,0,0,0,0,nan,nan,nan,26.983087990152853,nan,nan,13.417404558691487
10081,1,4,5,0,0,0,0,465,0,0,0,0,0,0,0,nan,nan,nan,nan,nan,nan,nan
10082,1,4,5,0,0,0,0,465,0,0,0,0,0,0,0,nan,nan,nan,nan,nan,nan,nan
10083,1,5,5,0,0,0,0,465,0,0,0,0,0,0,0,9.396575741879133,nan,nan,nan,nan,nan,nan
10084,1,5,5,0,0,0,0,465,0,0,0,0,0,0,0,nan,nan,nan,nan,nan,nan,nan
10085,1,5,5,0,0,0,0,465,0,0,0,0,0,0,0,nan,nan,nan,nan,nan,nan,nan
10086,1,5,5,0,0,0,0,465,0,0,0,0,0,0,0,nan,nan,nan,nan,nan,nan,nan
10087,1,5,5,0,0,0,0,465,0,2,0,0,0,0,0,nan,21.42295823409586,nan,nan,nan,nan,nan
10088,1,5,5,0,0,0,0,465,0,2,0,0,0,0,0,nan,nan,nan,nan,nan,nan,nan
10089,1,5,5,0,0,0,0,465,0,2,0,0,0,0,0,nan,nan,nan,nan,nan,nan,nan
10090,1,5,5,0,0,0,0,465,0,2,0,0,0,0,0,nan,nan,nan,nan,nan,nan,nan
10091,1,5,5,0,0,0,1,465,0,2,0,0,0,1,0,nan,nan,nan,nan,nan,16.218314579375146,nan
10092,1,5,5,0,0,0,1,465,0,2,0,0,0,1,0,nan,nan,nan,nan,nan,nan,nan
10093,1,5,5,0,0,0,1,465,0,2,0,0,0,1,0,nan,nan,nan,nan,nan,nan,nan
10094,1,5,5,0,0,0,1,465,0,2,0,0,0,1,0,nan,nan,nan,nan,nan,nan,nan
10095,1,5,5,0,0,0,1,465,0,2,0,0,0,1,0,nan,nan,nan,nan,nan,nan,nan
10096,1,5,5,0,0,0,1,465,0,2,0,0,1,0,0,nan,nan,nan,nan,21.754137621832342,nan,nan
10097,1,5,5,0,0,0,1,465,0,2,0,0,1,0,0,nan,nan,nan,nan,nan,nan,nan
10098,1,5,5,0,0,0,1,465,0,2,0,0,1,0,0,nan,nan,nan,nan,nan,nan,nan
10099,1,5,5,0,0,0,1,465,2,2,0,1,0,0,0,16.158678419829812,nan,nan,18.76986150105222,nan,nan,nan
10100,1,5,5,0,0,0,1,465,2,2,0,1,0,0,0,nan,nan,nan,nan,nan,nan,nan
10101,1,5,5,0,0,0,1,465,2,2,0,1,0,0,0,nan,nan,nan,nan,nan,nan,nan
10102,1,5,5,0,0,0,1,465,2,2,0,1,0,0,0,nan,nan,nan,nan,nan,nan,nan
10103,1,5,5,0,0,0,1,465,2,2,0,1,0,0,0,nan,nan,nan,nan,nan,nan,nan
10104,1,5,5,0,0,0,1,465,2,2,0,1,0,0,0,nan,nan,nan,nan,nan,nan,nan
10105,1,5,5,0,0,0,1,465,0,0,0,0,0,0,0,nan,nan,43.87397615415284,nan,nan,nan,nan
10106,1,5,5,0,0,0,2,465,0,0,0,0,0,1,0,nan,nan,nan,nan,nan,14.987092883984587,nan
10107,1,5,5,0,0,0,1,466,0,0,0,0,0,1,0,nan,nan,nan,nan,nan,nan,26.577082947218514
10108,1,5,5,0,0,0,1,466,0,0,0,0,0,1,0,nan,nan,nan,nan,nan,nan,nan
10109,1,5,5,0,0,0,1,466,0,0,0,0,0,1,0,nan,nan,nan,nan,nan,nan,nan
10110,1,5,5,0,0,0,1,466,0,0,0,0,0,1,0,nan,nan,nan,nan,nan,nan,nan
10111,1,5,5,0,0,0,1,466,0,0,0,0,0,1,0,nan,nan,nan,nan,nan,nan,nan
10112,1,5,5,0,0,0,1,466,0,0,0,0,0,1,0,nan,nan,nan,nan,nan,nan,nan
10113,1,5,5,0,0,0,1,466,0,0,0,0,0,1,0,nan,nan,nan,nan,nan,nan,nan
10114,1,5,5,0,0,0,1,466,2,0,0,0,0,1,0,15.133453160049612,nan,nan,nan,nan,nan,nan
10115,1,5,5,0,0,0,1,466,2,0,0,0,0,1,0,nan,nan,nan,nan,nan,nan,nan
10116,1,5,5,0,1,0,1,466,2,0,0,1,0,1,0,nan,nan,nan,16.467110882009365,nan,nan,nan
10117,1,5,5,0,1,0,1,466,2,0,0,1,0,1,0,nan,nan,nan,nan,nan,nan,nan
10118,1,5,5,0,1,0,1,466,2,0,0,1,0,1,0,nan,nan,nan,nan,nan,nan,nan
10119,1,5,5,0,1,0,1,466,2,0,0,1,0,1,0,nan,nan,nan,nan,nan,nan,nan
10120,1,5,5,0,1,0,0,467,2,2,0,1,0,1,0,nan,32.59611179092644,nan,nan,nan,nan,13.210502002486464
10121,1,5,5,0,1,0,0,467,2,2,0,1,0,1,0,nan,nan,nan,nan,nan,nan,nan
10122,1,5,5,0,1,0,0,467,2,2,0,1,0,1,0,nan,nan,nan,nan,nan,nan,nan
10123,1,5,5,0,1,0,0,467,2,2,0,1,0,1,0,nan,nan,nan,nan,nan,nan,nan
10124,1,5,5,0,1,0,0,467,2,2,0,1,0,1,0,nan,nan,nan,nan,nan,nan,nan
10125,1,5,5,0,1,0,0,467,2,2,0,1,0,1,0,nan,nan,nan,nan,nan,nan,nan
10126,1,5,5,0,1,0,0,467,2,2,0,1,0,1,0,nan,nan,nan,nan,nan,nan,nan
10127,1,5,5,0,0,0,0,467,2,2,0,1,0,0,0,nan,nan,nan,nan,30.36283763893516,nan,nan
10128,1,5,5,0,0,0,0,467,2,2,0,1,0,0,0,nan,nan,nan,nan,nan,nan,nan
10129,1,5,5,0,0,0,0,467,2,2,0,1,0,0,0,nan,nan,nan,nan,nan,nan,nan
10130,1,5,5,0,0,0,0,467,2,2,0,1,0,0,0,nan,nan,nan,nan,nan,nan,nan
10131,1,5,5,0,0,0,0,467,2,2,0,1,0,0,0,nan,nan,nan,nan,nan,nan,nan
10132,1,5,5,0,0,0,0,467,2,2,0,1,0,0,0,nan,nan,nan,nan,nan,nan,nan
10133,1,5,5,0,0,0,0,467,2,2,0,1,0,0,0,nan,nan,nan,nan,nan,nan,nan
10134,1,5,5,0,0,0,0,468,2,2,0,1,0,0,1,nan,nan,nan,nan,nan,nan,14.187003750057556
10135,1,5,5,0,0,0,0,468,2,2,0,1,0,0,1,nan,nan,nan,nan,nan,nan,nan
10136,1,5,5,0,0,0,0,468,2,2,0,1,0,0,1,nan,nan,nan,nan,nan,nan,nan
10137,1,5,5,0,0,0,0,468,0,0,0,0,0,1,0,nan,nan,31.835773642096683,nan,nan,30.207017786004144,nan
10138,1,5,5,0,0,0,0,468,0,0,0,0,0,1,0,nan,nan,nan,nan,nan,nan,nan
10139,1,5,5,0,0,0,0,468,0,0,0,0,0,1,0,nan,nan,nan,nan,nan,nan,nan
10140,1,5,5,0,0,0,0,468,0,0,0,0,0,1,0,nan,nan,nan,nan,nan,nan,nan
10141,1,5,5,0,0,0,0,468,0,0,0,0,0,1,0,nan,nan,nan,nan,nan,nan,nan
10142,1,5,5,0,0,0,0,468,0,0,0,0,0,1,0,nan,nan,nan,nan,nan,nan,nan
10143,1,5,5,0,0,0,0,468,0,0,0,0,0,1,0,nan,nan,nan,nan,nan,nan,nan
10144,1,5,5,0,0,0,0,468,0,0,0,0,0,1,0,nan,nan,nan,nan,nan,nan,nan
10145,1,5,5,0,0,0,0,468,0,0,0,0,1,0,0,nan,nan,nan,nan,18.21394262400645,nan,nan
10146,1,5,5,0,0,0,0,468,0,0,0,0,1,0,0,nan,nan,nan,nan,nan,nan,nan
10147,1,5,5,0,0,0,0,468,0,0,0,1,0,0,0,nan,nan,nan,31.842100372854475,nan,nan,nan
10148,1,5,4,0,0,0,0,469,0,0,0,0,0,0,1,nan,nan,11.416513495920299,nan,nan,nan,14.381261487385927
10149,1,5,4,0,0,0,0,469,0,0,0,0,0,0,1,nan,nan,nan,nan,nan,nan,nan
10150,1,5,4,0,0,0,0,469,2,0,0,0,0,0,1,36.280958910198024,nan,nan,nan,nan,nan,nan
10151,1,5,4,0,0,0,0,469,2,0,0,0,0,0,1,nan,nan,nan,nan,nan,nan,nan
10152,1,5,4,0,0,0,0,469,2,0,0,0,0,0,1,nan,nan,nan,nan,nan,nan,nan
10153,1,5,4,0,0,0,0,469,2,0,0,0,0,0,1,nan,nan,nan,nan,nan,nan,nan
10154,1,5,4,0,0,0,0,469,2,0,0,0,0,0,1,nan,nan,nan,nan,nan,nan,nan
10155,1,5,4,0,0,0,0,469,2,0,0,0,0,0,1,nan,nan,nan,nan,nan,nan,nan
10156,1,5,4,0,0,0,0,469,2,0,0,0,0,0,1,nan,nan,nan,nan,nan,nan,nan
10157,1,5,4,0,0,0,0,469,2,0,0,0,0,1,0,nan,nan,nan,nan,nan,20.882268818490047,nan
10158,1,5,4,0,0,0,0,469,2,0,0,0,0,1,0,nan,nan,nan,nan,nan,nan,nan
10159,1,5,4,0,0,0,0,469,2,0,0,0,0,1,0,nan,nan,nan,nan,nan,nan,nan
10160,1,5,4,0,0,0,0,469,2,0,0,0,0,1,0,nan,nan,nan,nan,nan,nan,nan
10161,1,5,5,0,1,0,0,469,0,0,0,1,0,1,0,nan,41.84964978436801,nan,13.687297815002239,nan,nan,nan
10162,1,5,5,0,1,0,0,469,0,0,0,1,0,1,0,nan,nan,nan,nan,nan,nan,nan
10163,1,5,5,0,1,0,0,469,0,0,0,1,0,1,0,nan,nan,nan,nan,nan,nan,nan
10164,1,5,5,0,1,0,0,469,0,0,0,1,0,1,0,nan,nan,nan,nan,nan,nan,nan
10165,1,5,5,0,1,0,0,469,0,0,0,1,0,1,0,nan,nan,nan,nan,nan,nan,nan
10166,1,5,5,0,1,0,0,469,0,0,0,1,0,1,0,nan,nan,nan,nan,nan,nan,nan
10167,1,5,5,0,1,0,0,469,0,0,0,1,0,1,0,nan,nan,nan,nan,nan,nan,nan
10168,1,5,5,0,1,0,0,470,0,0,0,1,0,1,1,nan,nan,nan,nan,nan,nan,19.948470123841616
10169,1,5,4,0,1,0,0,470,0,0,0,0,0,1,1,nan,nan,20.4691280385141,nan,nan,nan,nan
10170,1,5,4,0,1,0,0,470,0,0,0,0,0,1,1,nan,nan,nan,nan,nan,nan,nan
10171,1,5,4,0,1,0,0,470,0,0,0,0,0,1,1,nan,nan,nan,nan,nan,nan,nan
10172,1,5,4,0,1,0,0,470,0,0,0,0,0,1,1,nan,nan,nan,nan,nan,nan,nan
10173,1,5,4,0,1,0,0,470,0,0,0,0,0,1,1,nan,nan,nan,nan,nan,nan,nan
10174,1,4,5,0,1,0,0,470,0,0,0,0,0,1,1,nan,12.620949953676245,nan,nan,nan,nan,nan
10175,1,4,5,0,1,0,0,470,0,0,0,0,0,1,1,nan,nan,nan,nan,nan,nan,nan
10176,1,5,5,0,1,0,0,470,0,0,0,0,0,1,1,25.251843110469053,nan,nan,nan,nan,nan,nan
10177,1,5,5,0,1,0,0,470,0,0,0,0,0,1,1,nan,nan,nan,nan,nan,nan,nan
10178,1,5,5,0,0,0,0,470,0,0,0,0,0,0,1,nan,nan,nan,nan,33.35208351800429,nan,nan
10179,1,5,5,0,0,0,0,470,0,0,0,0,0,0,1,nan,nan,nan,nan,nan,nan,nan
10180,1,5,5,0,0,0,0,470,0,0,0,0,0,0,1,nan,nan,nan,nan,nan,nan,nan
10181,1,5,5,0,0,0,0,470,0,0,0,0,0,0,1,nan,nan,nan,nan,nan,nan,nan
10182,1,5,5,0,0,0,0,470,0,0,0,0,0,0,1,nan,nan,nan,nan,nan,nan,nan
10183,1,5,5,0,0,0,0,470,0,0,0,0,0,0,1,nan,nan,nan,nan,nan,nan,nan
10184,1,5,5,0,0,0,0,470,0,0,0,0,0,0,1,nan,nan,nan,nan,nan,nan,nan
10185,1,5,5,0,0,0,0,470,0,0,0,0,0,0,1,nan,nan,nan,nan,nan,nan,nan
10186,1,5,5,0,0,0,0,470,0,0,0,0,0,0,1,nan,nan,nan,nan,nan,nan,nan
10187,1,5,5,0,0,0,0,470,0,0,0,0,0,0,1,nan,nan,nan,nan,nan,nan,nan
10188,1,5,5,0,0,0,0,470,0,0,0,0,0,0,1,nan,nan,nan,nan,nan,nan,nan
10189,1,5,5,0,0,0,0,470,2,0,0,0,0,0,1,13.319078610547876,nan,nan,nan,nan,nan,nan
10190,1,5,5,0,0,0,0,470,2,0,0,0,0,0,1,nan,nan,nan,nan,nan,nan,nan
10191,1,5,5,0,0,0,0,470,2,0,0,0,0,0,1,nan,nan,nan,nan,nan,nan,nan
10192,1,5,5,0,0,0,0,470,2,2,0,0,0,0,1,nan,18.488601469578498,nan,nan,nan,nan,nan
10193,1,5,5,0,0,0,0,470,2,2,0,0,0,0,1,nan,nan,nan,nan,nan,nan,nan
10194,1,5,5,0,0,0,0,470,2,2,0,0,0,0,1,nan,nan,nan,nan,nan,nan,nan
10195,1,5,5,0,1,0,0,470,2,2,0,1,0,0,1,nan,nan,nan,33.70486451788747,nan,nan,nan
10196,1,5,5,0,1,0,0,470,2,2,0,1,0,0,1,nan,nan,nan,nan,nan,nan,nan
10197,1,5,5,0,1,0,0,470,2,2,0,1,0,0,1,nan,nan,nan,nan,nan,nan,nan
10198,1,5,5,0,1,0,0,470,0,0,0,0,0,0,1,nan,nan,28.778100096569688,nan,nan,nan,nan
10199,1,5,5,0,1,0,0,470,0,0,0,0,0,0,1,nan,nan,nan,nan,nan,nan,nan
10200,1,5,5,0,1,0,0,470,0,0,0,0,0,0,1,nan,nan,nan,nan,nan,nan,nan
10201,1,5,5,0,1,0,0,470,0,0,0,0,0,0,1,nan,nan,nan,nan,nan,nan,nan
10202,1,5,5,0,1,0,0,470,0,0,0,0,0,1,0,nan,nan,nan,nan,nan,44.72003360403687,nan
10203,1,5,5,0,1,0,0,470,0,0,0,0,0,1,0,nan,nan,nan,nan,nan,nan,nan
10204,1,5,5,0,1,0,0,470,0,0,0,0,0,1,0,nan,nan,nan,nan,nan,nan,nan
10205,1,5,5,0,0,0,0,470,0,0,0,0,0,0,0,nan,nan,nan,nan,26.98976030918675,nan,nan
10206,1,5,5,0,0,0,0,470,0,0,0,0,0,0,0,nan,nan,nan,nan,nan,nan,nan
10207,1,5,5,0,0,0,0,470,0,0,0,0,0,0,0,nan,nan,nan,nan,nan,nan,nan
10208,1,5,5,0,0,0,0,470,0,0,0,0,0,0,0,nan,nan,nan,nan,nan,nan,nan
10209,1,5,5,0,0,0,0,470,0,0,0,0,0,0,0,nan,nan,nan,nan,nan,nan,nan
10210,1,5,5,0,0,0,0,470,0,0,0,0,0,0,0,nan,nan,nan,nan,nan,nan,nan
10211,1,5,5,0,0,0,0,470,0,0,0,0,0,0,0,nan,nan,nan,nan,nan,nan,nan
10212,1,5,5,0,0,0,0,470,0,0,0,0,0,0,0,nan,nan,nan,nan,nan,nan,nan
10213,1,5,5,0,1,0,0,470,0,0,0,1,0,0,0,nan,nan,nan,18.43517242550115,nan,nan,nan
10214,1,5,5,0,1,0,0,470,0,0,0,1,0,0,0,nan,nan,nan,nan,nan,nan,nan
10215,1,5,5,0,1,0,0,471,0,0,0,1,0,0,1,nan,nan,nan,nan,nan,nan,46.266234240696576
10216,1,5,5,0,1,0,0,471,0,0,0,1,0,0,1,nan,nan,nan,nan,nan,nan,nan
10217,1,5,5,0,1,0,0,471,2,0,0,1,0,0,1,28.137836870189858,nan,nan,nan,nan,nan,nan
10218,1,5,5,0,1,0,0,471,2,0,0,1,0,0,1,nan,nan,nan,nan,nan,nan,nan
10219,1,5,5,0,1,0,0,471,2,0,0,1,0,0,1,nan,nan,nan,nan,nan,nan,nan
10220,1,5,5,0,1,0,0,471,2,2,0,1,0,0,1,nan,27.84139326575678,nan,nan,nan,nan,nan
10221,1,5,5,0,1,0,0,471,2,2,0,1,0,0,1,nan,nan,nan,nan,nan,nan,nan
10222,1,5,5,0,1,0,0,471,2,2,0,1,0,0,1,nan,nan,nan,nan,nan,nan,nan
10223,1,5,5,0,0,0,0,471,2,2,0,1,0,0,0,nan,nan,nan,nan,17.63032452238076,20.854237266103155,nan
10224,1,5,5,0,0,0,0,471,2,2,0,1,0,0,0,nan,nan,nan,nan,nan,nan,nan
10225,1,5,5,0,0,0,0,471,2,2,0,1,0,0,0,nan,nan,nan,nan,nan,nan,nan
10226,1,5,5,0,0,0,0,471,2,2,0,1,0,0,0,nan,nan,nan,nan,nan,nan,nan
10227,1,5,5,0,0,0,0,471,2,2,0,1,0,0,0,nan,nan,nan,nan,nan,nan,nan
10228,1,5,5,0,0,0,0,471,2,2,0,1,0,0,0,nan,nan,nan,nan,nan,nan,nan
10229,1,5,5,0,0,0,0,471,0,0,0,0,0,0,0,nan,nan,31.000753820586397,nan,nan,nan,nan
10230,1,5,5,0,0,0,0,471,0,0,0,0,0,0,0,nan,nan,nan,nan,nan,nan,nan
10231,1,5,5,0,0,0,0,471,0,0,0,0,0,0,0,nan,nan,nan,nan,nan,nan,nan
10232,1,5,5,0,0,0,0,471,0,0,0,0,0,0,0,nan,nan,nan,nan,nan,nan,nan
10233,1,5,5,0,0,0,0,471,0,0,0,0,0,0,0,nan,nan,nan,nan,nan,nan,nan
10234,1,5,5,0,0,0,0,471,0,0,0,0,0,0,0,nan,nan,nan,nan,nan,nan,nan
10235,1,5,5,0,0,0,0,471,0,0,0,0,0,0,0,nan,nan,nan,nan,nan,nan,nan
10236,1,5,5,0,0,0,0,471,0,0,0,0,0,0,0,nan,nan,nan,nan,nan,nan,nan
10237,1,5,5,0,0,0,0,471,0,0,0,0,0,0,0,nan,nan,nan,nan,nan,nan,nan
10238,1,5,5,0,0,0,0,471,0,0,0,0,0,0,0,nan,nan,nan,nan,nan,nan,nan
10239,1,5,5,0,0,0,0,471,0,0,0,0,0,0,0,nan,nan,nan,nan,nan,nan,nan
10240,1,5,5,0,0,0,0,471,0,0,0,0,0,0,0,nan,nan,nan,nan,nan,nan,nan
10241,1,5,5,0,0,0,1,471,0,0,0,0,1,0,0,nan,nan,nan,nan,17.741326626572118,17.63499925884389,nan
10242,1,5,5,0,0,0,1,471,2,0,0,0,1,0,0,25.09705901054258,nan,nan,nan,nan,nan,nan
10243,1,5,5,0,0,0,0,472,2,0,0,0,1,0,0,nan,nan,nan,nan,nan,nan,28.58262997239217
10244,1,5,5,0,0,0,0,472,2,0,0,0,1,0,0,nan,nan,nan,nan,nan,nan,nan
10245,1,5,5,0,0,0,0,472,2,0,0,0,1,0,0,nan,nan,nan,nan,nan,nan,nan
10246,1,5,5,0,0,0,0,472,2,0,0,0,1,0,0,nan,nan,nan,nan,nan,nan,nan
10247,1,5,5,0,0,0,0,472,2,0,0,0,1,0,0,nan,nan,nan,nan,nan,nan,nan
10248,1,5,5,0,0,0,0,472,2,0,0,0,1,0,0,nan,nan,nan,nan,nan,nan,nan
10249,1,5,5,0,0,0,0,472,2,0,0,0,1,0,0,nan,nan,nan,nan,nan,nan,nan
10250,1,5,5,0,0,0,0,472,2,0,0,0,1,0,0,nan,nan,nan,nan,nan,nan,nan
10251,1,5,5,0,0,0,0,472,2,0,0,0,1,0,0,nan,nan,nan,nan,nan,nan,nan
10252,1,5,5,0,0,0,0,472,2,0,0,1,0,0,0,nan,nan,nan,38.57295654121663,nan,nan,nan
10253,1,5,5,0,0,0,0,472,2,0,0,1,0,0,0,nan,nan,nan,nan,nan,nan,nan
10254,1,5,5,0,0,0,0,472,2,0,0,1,0,0,0,nan,nan,nan,nan,nan,nan,nan
10255,1,5,5,0,0,0,0,472,2,0,0,1,0,0,0,nan,nan,nan,nan,nan,nan,nan
10256,1,5,5,0,0,0,0,472,2,0,0,1,0,0,0,nan,nan,nan,nan,nan,nan,nan
10257,1,5,5,0,0,0,0,472,2,0,0,1,0,0,0,nan,nan,nan,nan,nan,nan,nan
10258,1,5,4,0,0,0,0,473,2,0,0,0,0,0,1,nan,nan,29.447933730463774,nan,nan,nan,15.165010507318584
10259,1,5,4,0,0,0,0,473,2,0,0,0,0,1,0,nan,nan,nan,nan,nan,18.552195619326085,nan
10260,1,5,4,0,0,0,0,473,2,0,0,0,0,1,0,nan,nan,nan,nan,nan,nan,nan
10261,1,5,4,0,0,0,0,473,2,0,0,0,0,1,0,nan,nan,nan,nan,nan,nan,nan
10262,1,5,5,0,0,0,0,473,0,0,0,0,0,1,0,nan,41.70268594409572,nan,nan,nan,nan,nan
10263,1,5,5,0,0,0,0,473,0,0,0,0,0,1,0,nan,nan,nan,nan,nan,nan,nan
10264,1,5,5,0,0,0,0,473,0,0,0,0,0,1,0,nan,nan,nan,nan,nan,nan,nan
10265,1,5,5,0,0,0,0,473,0,0,0,0,0,1,0,nan,nan,nan,nan,nan,nan,nan
10266,1,5,5,0,0,0,0,473,0,0,0,0,0,1,0,nan,nan,nan,nan,nan,nan,nan
10267,1,5,5,0,0,0,0,473,0,0,0,0,1,0,0,nan,nan,nan,nan,26.625573212431846,nan,nan
10268,1,5,5,0,0,0,0,473,0,0,0,0,1,0,0,nan,nan,nan,nan,nan,nan,nan
10269,1,5,5,0,0,0,0,473,0,0,0,0,1,0,0,nan,nan,nan,nan,nan,nan,nan
10270,1,5,5,0,0,0,0,473,0,0,0,0,1,0,0,nan,nan,nan,nan,nan,nan,nan
10271,1,5,5,0,0,0,0,473,0,0,0,0,1,0,0,nan,nan,nan,nan,nan,nan,nan
10272,1,5,5,0,0,0,0,473,0,0,0,0,1,0,0,nan,nan,nan,nan,nan,nan,nan
10273,1,5,5,0,0,0,0,473,0,0,0,0,1,0,0,nan,nan,nan,nan,nan,nan,nan
10274,1,5,5,0,0,0,0,473,0,0,0,0,1,0,0,nan,nan,nan,nan,nan,nan,nan
10275,1,5,5,0,0,0,0,473,0,2,0,0,1,0,0,nan,12.499702534079915,nan,nan,nan,nan,nan
10276,1,5,5,1,0,0,0,473,0,0,0,0,1,0,0,33.8704544815846,nan,17.6075212531141,nan,nan,nan,nan
10277,1,5,5,1,0,0,0,474,0,0,0,0,1,0,1,nan,nan,nan,nan,nan,nan,18.964547433924963
10278,1,5,5,1,0,0,0,474,0,0,0,0,1,0,1,nan,nan,nan,nan,nan,nan,nan
10279,1,5,5,1,0,0,0,474,0,0,0,0,1,0,1,nan,nan,nan,nan,nan,nan,nan
10280,1,5,5,1,0,0,0,474,0,0,0,0,1,0,1,nan,nan,nan,nan,nan,nan,nan
10281,1,5,5,1,0,0,0,474,0,0,0,0,1,0,1,nan,nan,nan,nan,nan,nan,nan
10282,1,5,5,1,0,0,0,474,0,0,0,0,1,0,1,nan,nan,nan,nan,nan,nan,nan
10283,1,5,5,0,0,0,0,474,0,0,0,0,0,0,1,nan,nan,nan,31.401645937225112,nan,nan,nan
10284,1,5,5,0,0,0,0,474,0,0,0,0,0,0,1,nan,nan,nan,nan,nan,nan,nan
10285,1,5,5,0,0,0,0,474,0,0,0,0,0,0,1,nan,nan,nan,nan,nan,nan,nan
10286,1,5,5,0,0,0,0,474,0,0,0,0,0,1,0,nan,nan,nan,nan,nan,27.087934874714847,nan
10287,1,5,5,0,0,0,0,474,0,0,0,0,0,1,0,nan,nan,nan,nan,nan,nan,nan
10288,1,5,5,0,0,0,0,474,0,0,0,0,0,1,0,nan,nan,nan,nan,nan,nan,nan
10289,1,5,5,0,0,0,0,474,0,0,0,0,0,1,0,nan,nan,nan,nan,nan,nan,nan
10290,1,5,5,0,0,0,0,474,0,0,0,0,0,1,0,nan,nan,nan,nan,nan,nan,nan
10291,1,5,5,0,0,0,0,474,2,0,0,0,0,1,0,14.569668772914156,nan,nan,nan,nan,nan,nan
10292,1,5,5,0,0,0,0,474,2,0,0,0,0,1,0,nan,nan,nan,nan,nan,nan,nan
10293,1,5,5,0,0,0,0,474,2,0,0,0,0,1,0,nan,nan,nan,nan,nan,nan,nan
10294,1,5,5,0,0,0,0,474,2,2,0,0,0,1,0,nan,19.026141692726014,nan,nan,nan,nan,nan
10295,1,5,5,0,1,0,0,474,2,2,0,1,0,1,0,nan,nan,nan,12.216999579259209,nan,nan,nan
10296,1,5,5,0,1,0,0,474,2,2,0,1,0,1,0,nan,nan,nan,nan,nan,nan,nan
10297,1,5,5,0,1,0,0,474,2,2,0,1,0,1,0,nan,nan,nan,nan,nan,nan,nan
10298,1,5,5,0,1,0,0,474,2,2,0,1,0,1,0,nan,nan,nan,nan,nan,nan,nan
10299,1,5,5,0,1,0,0,474,0,0,0,0,0,1,0,nan,nan,22.99045448272409,nan,nan,nan,nan
10300,1,5,5,0,1,0,0,474,0,0,0,0,0,1,0,nan,nan,nan,nan,nan,nan,nan
10301,1,5,5,0,1,0,0,474,0,0,0,0,0,1,0,nan,nan,nan,nan,nan,nan,nan
10302,1,5,5,0,1,0,0,474,0,0,0,0,0,1,0,nan,nan,nan,nan,nan,nan,nan
10303,1,5,5,0,1,0,0,475,0,0,0,0,0,1,1,nan,nan,nan,nan,nan,nan,26.251253650609215
10304,1,5,5,0,0,0,0,475,0,0,0,0,0,0,1,nan,nan,nan,nan,37.16578658231265,nan,nan
10305,1,5,5,0,0,0,0,475,0,0,0,0,0,0,1,nan,nan,nan,nan,nan,nan,nan
10306,1,5,5,0,0,0,0,475,0,0,0,0,0,0,1,nan,nan,nan,nan,nan,nan,nan
10307,1,5,5,0,0,0,0,475,0,0,0,0,0,0,1,nan,nan,nan,nan,nan,nan,nan
10308,1,5,5,0,0,0,0,475,0,0,0,0,0,0,1,nan,nan,nan,nan,nan,nan,nan
10309,1,5,5,0,0,0,0,475,0,2,0,0,0,0,1,nan,15.855543636602306,nan,nan,nan,nan,nan
10310,1,5,5,0,0,0,0,475,0,2,0,0,0,0,1,nan,nan,nan,nan,nan,nan,nan
10311,1,5,5,0,0,0,0,475,0,2,0,0,0,0,1,nan,nan,nan,nan,nan,nan,nan
10312,1,5,5,0,1,0,0,475,0,2,0,1,0,0,1,nan,nan,nan,16.848382284701074,nan,nan,nan
10313,1,5,5,0,1,0,0,475,0,2,0,1,0,0,1,nan,nan,nan,nan,nan,nan,nan
10314,1,5,5,0,1,0,0,475,0,2,0,1,0,0,1,nan,nan,nan,nan,nan,nan,nan
10315,1,5,5,0,1,0,0,475,0,2,0,1,0,0,1,nan,nan,nan,nan,nan,nan,nan
10316,1,5,5,0,1,0,0,475,2,2,0,1,0,0,1,25.672053518528628,nan,nan,nan,nan,nan,nan
10317,1,5,5,0,1,0,0,475,2,2,0,1,0,0,1,nan,nan,nan,nan,nan,nan,nan
10318,1,5,5,0,1,0,0,475,2,2,0,1,0,0,1,nan,nan,nan,nan,nan,nan,nan
10319,1,5,5,0,1,0,0,475,2,2,0,1,0,0,1,nan,nan,nan,nan,nan,nan,nan
10320,1,5,5,0,1,0,0,475,2,2,0,1,0,1,0,nan,nan,nan,nan,nan,33.92317227055901,nan
10321,1,5,5,0,1,0,0,475,2,2,0,1,0,1,0,nan,nan,nan,nan,nan,nan,nan
10322,1,5,5,0,0,0,0,475,2,2,0,1,0,0,0,nan,nan,nan,nan,18.083640480572285,nan,nan
10323,1,5,5,0,0,0,0,475,2,2,0,1,0,0,0,nan,nan,nan,nan,nan,nan,nan
10324,1,5,5,0,0,0,0,475,0,0,0,0,0,0,0,nan,nan,25.321662516254946,nan,nan,nan,nan
10325,1,5,5,0,0,0,0,475,0,0,0,0,0,0,0,nan,nan,nan,nan,nan,nan,nan
10326,1,5,5,0,0,0,0,475,0,0,0,0,0,0,0,nan,nan,nan,nan,nan,nan,nan
10327,1,5,5,0,0,0,0,475,0,0,0,0,0,0,0,nan,nan,nan,nan,nan,nan,nan
10328,1,5,5,0,0,0,0,475,0,0,0,0,0,0,0,nan,nan,nan,nan,nan,nan,nan
10329,1,5,5,0,0,0,0,475,0,0,0,0,0,0,0,nan,nan,nan,nan,nan,nan,nan
10330,1,5,5,0,0,0,0,475,0,0,0,0,0,0,0,nan,nan,nan,nan,nan,nan,nan
10331,1,5,5,0,0,0,0,475,0,0,0,0,0,0,0,nan,nan,nan,nan,nan,nan,nan
10332,1,5,5,0,0,0,0,475,0,0,0,0,0,0,0,nan,nan,nan,nan,nan,nan,nan
10333,1,5,5,0,0,0,0,475,0,2,0,0,0,0,0,nan,23.922051542011104,nan,nan,nan,nan,nan
10334,1,5,5,0,0,1,0,475,0,2,0,0,1,0,0,nan,nan,nan,nan,11.734423561867516,nan,nan
10335,1,5,5,0,0,1,0,475,0,2,0,0,1,0,0,nan,nan,nan,nan,nan,nan,nan
10336,1,5,5,0,0,1,0,475,0,2,0,0,1,0,0,nan,nan,nan,nan,nan,nan,nan
10337,1,5,5,0,0,0,1,475,0,2,0,0,1,0,0,nan,nan,nan,nan,nan,16.715682942471176,nan
10338,1,5,5,0,0,0,1,475,0,2,0,1,0,0,0,nan,nan,nan,25.501100958601455,nan,nan,nan
10339,1,5,5,0,0,0,1,475,0,2,0,1,0,0,0,nan,nan,nan,nan,nan,nan,nan
10340,1,5,5,0,0,0,1,475,0,2,0,1,0,0,0,nan,nan,nan,nan,nan,nan,nan
10341,1,5,5,0,0,0,1,475,2,2,0,1,0,0,0,24.70271211648651,nan,nan,nan,nan,nan,nan
10342,1,5,5,0,0,0,1,475,2,2,0,1,0,0,0,nan,nan,nan,nan,nan,nan,nan
10343,1,5,5,0,0,0,0,476,2,2,0,1,0,0,0,nan,nan,nan,nan,nan,nan,39.48903338383025
10344,1,5,5,0,0,0,0,476,2,2,0,1,0,0,0,nan,nan,nan,nan,nan,nan,nan
10345,1,5,5,0,0,0,0,476,2,2,0,1,0,0,0,nan,nan,nan,nan,nan,nan,nan
10346,1,5,5,0,0,0,0,476,2,2,0,1,0,0,0,nan,nan,nan,nan,nan,nan,nan
10347,1,5,5,0,0,0,0,476,2,2,0,1,0,0,0,nan,nan,nan,nan,nan,nan,nan
10348,1,5,5,0,0,0,0,476,0,0,0,0,0,0,0,nan,nan,24.104625487289013,nan,nan,nan,nan
10349,1,5,5,0,0,0,0,476,0,0,0,0,0,0,0,nan,nan,nan,nan,nan,nan,nan
10350,1,5,5,0,0,0,1,476,0,0,0,0,0,1,0,nan,nan,nan,nan,nan,12.87029712637559,nan
10351,1,5,5,0,0,0,1,476,0,0,0,0,0,1,0,nan,nan,nan,nan,nan,nan,nan
10352,1,5,5,0,0,0,1,476,0,0,0,0,0,1,0,nan,nan,nan,nan,nan,nan,nan
10353,1,5,5,0,0,0,0,477,0,0,0,0,0,1,0,nan,nan,nan,nan,nan,nan,10.303042739518787
10354,1,5,5,0,0,0,0,477,0,0,0,0,0,1,0,nan,nan,nan,nan,nan,nan,nan
10355,1,5,5,0,0,0,0,477,0,0,0,0,1,0,0,nan,nan,nan,nan,20.606686850747792,nan,nan
10356,1,5,5,0,0,0,0,477,0,0,0,0,1,0,0,nan,nan,nan,nan,nan,nan,nan
10357,1,5,5,0,0,0,0,477,0,0,0,0,1,0,0,nan,nan,nan,nan,nan,nan,nan
10358,1,5,5,0,0,0,0,477,0,0,0,0,1,0,0,nan,nan,nan,nan,nan,nan,nan
10359,1,5,5,0,0,0,0,477,0,0,0,0,1,0,0,nan,nan,nan,nan,nan,nan,nan
10360,1,5,5,0,0,0,0,477,2,0,0,0,1,0,0,18.962619729276412,nan,nan,nan,nan,nan,nan
10361,1,5,5,0,0,0,0,477,2,0,0,0,1,0,0,nan,nan,nan,nan,nan,nan,nan
10362,1,5,5,0,0,0,0,477,2,2,0,0,1,0,0,nan,28.702724146221954,nan,nan,nan,nan,nan
10363,1,5,5,0,0,0,0,477,2,2,0,0,1,0,0,nan,nan,nan,nan,nan,nan,nan
10364,1,5,5,0,0,0,0,477,2,2,0,1,0,0,0,nan,nan,nan,26.36335524817514,nan,nan,nan
10365,1,5,5,0,0,0,0,477,2,2,0,1,0,0,0,nan,nan,nan,nan,nan,nan,nan
10366,1,5,5,0,0,0,0,477,2,2,0,1,0,0,0,nan,nan,nan,nan,nan,nan,nan
10367,1,5,5,0,0,0,0,478,2,2,0,1,0,0,1,nan,nan,nan,nan,nan,nan,14.106878798964317
10368,1,5,5,0,0,0,0,478,2,2,0,1,0,0,1,nan,nan,nan,nan,nan,nan,nan
10369,1,5,5,0,0,0,0,478,2,2,0,1,0,0,1,nan,nan,nan,nan,nan,nan,nan
10370,1,5,5,0,0,0,0,478,2,2,0,1,0,0,1,nan,nan,nan,nan,nan,nan,nan
10371,1,5,5,0,0,0,0,478,2,2,0,1,0,0,1,nan,nan,nan,nan,nan,nan,nan
10372,1,5,5,0,0,0,0,478,2,2,0,1,0,0,1,nan,nan,nan,nan,nan,nan,nan
10373,1,5,5,0,0,0,0,478,2,2,0,1,0,0,1,nan,nan,nan,nan,nan,nan,nan
10374,1,5,5,0,0,0,0,478,2,2,0,1,0,0,1,nan,nan,nan,nan,nan,nan,nan
10375,1,5,5,0,0,0,0,478,2,2,0,1,0,0,1,nan,nan,nan,nan,nan,nan,nan
10376,1,5,5,0,0,0,0,478,2,2,0,1,0,1,0,nan,nan,nan,nan,nan,25.97615148150726,nan
10377,1,5,5,0,0,0,0,478,2,2,0,1,0,1,0,nan,nan,nan,nan,nan,nan,nan
10378,1,5,5,0,0,0,0,478,2,2,0,1,0,1,0,nan,nan,nan,nan,nan,nan,nan
10379,1,5,5,0,0,0,0,478,2,2,0,1,0,1,0,nan,nan,nan,nan,nan,nan,nan
10380,1,5,5,0,0,0,0,478,2,2,0,1,0,1,0,nan,nan,nan,nan,nan,nan,nan
10381,1,5,5,0,0,0,0,478,2,2,0,1,0,1,0,nan,nan,nan,nan,nan,nan,nan
10382,1,5,5,0,0,0,0,478,0,0,0,0,0,1,0,nan,nan,33.79075127198303,nan,nan,nan,nan
10383,1,5,5,0,0,0,0,478,0,0,0,0,0,1,0,nan,nan,nan,nan,nan,nan,nan
10384,1,5,5,0,0,0,0,478,0,0,0,0,0,1,0,nan,nan,nan,nan,nan,nan,nan
10385,1,5,5,0,0,0,0,478,0,0,0,0,0,1,0,nan,nan,nan,nan,nan,nan,nan
10386,1,5,5,0,0,0,0,478,0,0,0,0,1,0,0,nan,nan,nan,nan,31.36014368902761,nan,nan
10387,1,5,5,0,0,0,0,478,0,0,0,0,1,0,0,nan,nan,nan,nan,nan,nan,nan
10388,1,5,5,0,0,0,0,478,0,0,0,0,1,0,0,nan,nan,nan,nan,nan,nan,nan
10389,1,5,5,0,0,0,0,478,0,0,0,0,1,0,0,nan,nan,nan,nan,nan,nan,nan
10390,1,5,5,0,0,0,0,478,0,0,0,0,1,0,0,nan,nan,nan,nan,nan,nan,nan
10391,1,5,5,0,0,0,0,478,0,0,0,0,1,0,0,nan,nan,nan,nan,nan,nan,nan
10392,1,5,5,0,0,0,0,478,0,0,0,0,1,0,0,nan,nan,nan,nan,nan,nan,nan
10393,1,5,5,0,0,0,0,478,0,0,0,0,1,0,0,nan,nan,nan,nan,nan,nan,nan
10394,1,5,5,0,0,0,0,478,0,0,0,0,1,0,0,nan,nan,nan,nan,nan,nan,nan
10395,1,5,5,0,0,0,0,478,0,0,0,0,1,0,0,nan,nan,nan,nan,nan,nan,nan
10396,1,5,5,0,0,0,0,478,0,2,0,0,1,0,0,nan,33.863685904017984,nan,nan,nan,nan,nan
10397,1,5,5,0,0,0,0,478,0,2,0,0,1,0,0,nan,nan,nan,nan,nan,nan,nan
10398,1,4,5,1,0,0,0,479,0,0,0,0,1,0,1,nan,nan,16.366309442864804,nan,nan,nan,30.171141500417434
10399,1,4,5,1,0,0,0,479,0,0,0,0,1,0,1,nan,nan,nan,nan,nan,nan,nan
10400,1,4,5,1,0,0,0,479,0,0,0,0,1,0,1,nan,nan,nan,nan,nan,nan,nan
10401,1,4,5,1,0,0,0,479,0,0,0,0,1,0,1,nan,nan,nan,nan,nan,nan,nan
10402,1,4,5,1,0,0,0,479,0,0,0,0,1,0,1,nan,nan,nan,nan,nan,nan,nan
10403,1,4,5,1,0,0,0,479,0,0,0,0,1,0,1,nan,nan,nan,nan,nan,nan,nan
10404,1,4,5,1,0,0,0,479,0,0,0,0,1,0,1,nan,nan,nan,nan,nan,nan,nan
10405,1,4,5,1,0,0,0,479,0,0,0,0,1,0,1,nan,nan,nan,nan,nan,nan,nan
10406,1,5,5,1,0,0,0,479,0,0,0,0,1,0,1,46.14956396332491,nan,nan,nan,nan,nan,nan
10407,1,5,5,1,0,0,0,479,0,0,0,0,1,0,1,nan,nan,nan,nan,nan,nan,nan
10408,1,5,5,1,0,0,0,479,0,0,0,0,1,1,0,nan,nan,nan,nan,nan,32.41113630196378,nan
10409,1,5,5,1,0,0,0,479,0,0,0,0,1,1,0,nan,nan,nan,nan,nan,nan,nan
10410,1,5,5,1,0,0,0,479,0,0,0,0,1,1,0,nan,nan,nan,nan,nan,nan,nan
10411,1,5,5,1,0,0,0,479,0,0,0,0,1,1,0,nan,nan,nan,nan,nan,nan,nan
10412,1,5,5,1,0,0,0,479,0,0,0,0,1,1,0,nan,nan,nan,nan,nan,nan,nan
10413,1,5,5,1,0,0,0,479,0,0,0,0,1,1,0,nan,nan,nan,nan,nan,nan,nan
10414,1,5,5,1,0,0,0,479,0,0,0,0,1,1,0,nan,nan,nan,nan,nan,nan,nan
10415,1,5,5,0,0,0,0,479,0,0,0,0,0,1,0,nan,nan,nan,51.216853097042986,nan,nan,nan
10416,1,5,5,0,0,0,0,479,0,0,0,0,0,1,0,nan,nan,nan,nan,nan,nan,nan
10417,1,5,5,0,0,0,0,479,0,0,0,0,0,1,0,nan,nan,nan,nan,nan,nan,nan
10418,1,5,5,0,0,0,0,479,0,0,0,0,0,1,0,nan,nan,nan,nan,nan,nan,nan
10419,1,5,5,0,0,0,0,479,0,0,0,0,0,1,0,nan,nan,nan,nan,nan,nan,nan
10420,1,5,5,0,0,0,0,479,0,0,0,0,0,1,0,nan,nan,nan,nan,nan,nan,nan
10421,1,5,5,0,0,0,0,479,0,0,0,0,0,1,0,nan,nan,nan,nan,nan,nan,nan
10422,1,5,5,0,0,0,0,479,0,0,0,0,0,1,0,nan,nan,nan,nan,nan,nan,nan
10423,1,5,5,0,0,0,0,479,0,0,0,0,0,1,0,nan,nan,nan,nan,nan,nan,nan
10424,1,5,5,0,0,0,0,479,0,0,0,0,0,1,0,nan,nan,nan,nan,nan,nan,nan
10425,1,5,5,0,0,0,0,479,0,0,0,0,0,1,0,nan,nan,nan,nan,nan,nan,nan
10426,1,5,5,0,1,0,0,479,2,0,0,1,0,1,0,20.351304001052995,nan,nan,10.836714845949246,nan,nan,nan
10427,1,5,5,0,1,0,0,479,2,2,0,1,0,1,0,nan,31.36174390240558,nan,nan,nan,nan,nan
10428,1,5,5,0,1,0,0,479,0,0,0,0,0,1,0,nan,nan,29.46630725199975,nan,nan,nan,nan
10429,1,5,5,0,1,0,0,479,0,0,0,0,0,1,0,nan,nan,nan,nan,nan,nan,nan
10430,1,5,5,0,1,0,0,479,0,0,0,0,0,1,0,nan,nan,nan,nan,nan,nan,nan
10431,1,5,5,0,1,0,0,479,0,0,0,0,0,1,0,nan,nan,nan,nan,nan,nan,nan
10432,1,5,5,0,0,0,0,479,0,0,0,0,0,0,0,nan,nan,nan,nan,45.8901991553339,nan,nan
10433,1,5,5,0,0,0,0,479,0,0,0,0,0,0,0,nan,nan,nan,nan,nan,nan,nan
10434,1,5,5,0,0,0,0,479,0,0,0,0,0,0,0,nan,nan,nan,nan,nan,nan,nan
10435,1,5,5,0,0,0,0,479,0,0,0,0,0,0,0,nan,nan,nan,nan,nan,nan,nan
10436,1,5,5,0,0,0,0,480,0,0,0,0,0,0,1,nan,nan,nan,nan,nan,nan,38.92029044340052
10437,1,5,5,0,0,0,0,480,0,0,0,0,0,0,1,nan,nan,nan,nan,nan,nan,nan
10438,1,5,5,0,0,0,0,480,0,0,0,0,0,0,1,nan,nan,nan,nan,nan,nan,nan
10439,1,5,5,0,0,0,0,480,0,0,0,0,0,0,1,nan,nan,nan,nan,nan,nan,nan
10440,1,5,5,0,0,0,0,480,0,0,0,0,0,0,1,nan,nan,nan,nan,nan,nan,nan
10441,1,5,5,0,1,0,0,480,0,0,0,1,0,0,1,nan,nan,nan,15.290942067944343,nan,nan,nan
10442,1,5,5,0,1,0,0,480,0,0,0,1,0,0,1,nan,nan,nan,nan,nan,nan,nan
10443,1,5,5,0,1,0,0,480,0,0,0,1,0,1,0,nan,nan,nan,nan,nan,34.58489287098564,nan
10444,1,5,5,0,1,0,0,480,0,0,0,1,0,1,0,nan,nan,nan,nan,nan,nan,nan
10445,1,5,5,0,1,0,0,480,0,0,0,1,0,1,0,nan,nan,nan,nan,nan,nan,nan
10446,1,5,5,0,1,0,0,480,0,2,0,1,0,1,0,nan,19.010828532369487,nan,nan,nan,nan,nan
10447,1,5,5,0,1,0,0,480,0,2,0,1,0,1,0,nan,nan,nan,nan,nan,nan,nan
10448,1,5,5,0,1,0,0,480,0,2,0,1,0,1,0,nan,nan,nan,nan,nan,nan,nan
10449,1,5,5,0,0,0,0,480,0,2,0,1,0,0,0,nan,nan,nan,nan,16.62608147464198,nan,nan
10450,1,4,5,0,0,0,0,480,0,0,0,0,0,0,0,nan,nan,21.909837159111703,nan,nan,nan,nan
10451,1,4,5,0,0,0,0,480,0,0,0,0,0,0,0,nan,nan,nan,nan,nan,nan,nan
10452,1,4,5,0,0,0,0,480,0,0,0,0,0,0,0,nan,nan,nan,nan,nan,nan,nan
10453,1,4,5,0,0,0,0,480,0,0,0,0,0,0,0,nan,nan,nan,nan,nan,nan,nan
10454,1,5,5,0,0,0,0,480,0,0,0,0,0,0,0,27.072340896747846,nan,nan,nan,nan,nan,nan
10455,1,5,5,0,0,0,0,480,0,0,0,0,0,0,0,nan,nan,nan,nan,nan,nan,nan
10456,1,5,5,0,0,0,0,480,0,0,0,0,0,0,0,nan,nan,nan,nan,nan,nan,nan
10457,1,5,5,0,0,0,0,480,0,0,0,0,0,0,0,nan,nan,nan,nan,nan,nan,nan
10458,1,5,5,0,0,0,0,480,0,0,0,0,0,0,0,nan,nan,nan,nan,nan,nan,nan
10459,1,5,5,0,0,0,0,480,0,0,0,0,0,0,0,nan,nan,nan,nan,nan,nan,nan
10460,1,5,5,0,0,0,0,480,0,0,0,0,0,0,0,nan,nan,nan,nan,nan,nan,nan
10461,1,5,5,0,0,0,0,481,0,0,0,0,0,0,1,nan,nan,nan,nan,nan,nan,24.777111690425954
10462,1,5,5,0,0,0,0,481,0,0,0,0,0,0,1,nan,nan,nan,nan,nan,nan,nan
10463,1,5,5,0,0,0,0,481,0,0,0,0,0,0,1,nan,nan,nan,nan,nan,nan,nan
10464,1,5,5,0,0,0,0,481,0,0,0,0,0,0,1,nan,nan,nan,nan,nan,nan,nan
10465,1,5,5,0,0,0,0,481,0,0,0,0,0,0,1,nan,nan,nan,nan,nan,nan,nan
10466,1,5,5,0,0,0,0,481,0,0,0,0,0,0,1,nan,nan,nan,nan,nan,nan,nan
10467,1,5,5,0,0,0,0,481,0,0,0,0,0,0,1,nan,nan,nan,nan,nan,nan,nan
10468,1,5,5,0,0,0,0,481,0,0,0,0,0,0,1,nan,nan,nan,nan,nan,nan,nan
10469,1,5,5,0,0,0,0,481,2,2,0,0,0,0,1,15.215393088756173,22.271554596152782,nan,nan,nan,nan,nan
10470,1,5,5,0,0,0,0,481,2,2,0,0,0,0,1,nan,nan,nan,nan,nan,nan,nan
10471,1,5,5,0,0,0,0,481,2,2,0,0,0,0,1,nan,nan,nan,nan,nan,nan,nan
10472,1,5,5,0,0,0,0,481,2,2,0,0,0,0,1,nan,nan,nan,nan,nan,nan,nan
10473,1,5,5,0,0,0,0,481,2,2,0,0,0,0,1,nan,nan,nan,nan,nan,nan,nan
10474,1,5,5,0,0,0,0,481,2,2,0,0,0,0,1,nan,nan,nan,nan,nan,nan,nan
10475,1,5,5,1,0,0,0,481,0,0,0,0,0,0,1,nan,nan,25.057278549114926,nan,nan,nan,nan
10476,1,5,5,1,0,1,0,481,0,0,0,0,1,0,1,nan,nan,nan,nan,27.412278922427504,nan,nan
10477,1,5,5,0,0,1,0,481,0,0,0,0,0,0,1,nan,nan,nan,35.22156751529474,nan,nan,nan
10478,1,5,5,0,0,1,0,481,0,0,0,0,0,0,1,nan,nan,nan,nan,nan,nan,nan
10479,1,5,5,0,0,1,0,481,0,0,0,0,0,0,1,nan,nan,nan,nan,nan,nan,nan
10480,1,5,5,0,0,1,0,481,0,0,0,0,0,0,1,nan,nan,nan,nan,nan,nan,nan
10481,1,5,5,0,0,1,0,481,0,0,0,0,0,0,1,nan,nan,nan,nan,nan,nan,nan
10482,1,5,5,0,0,1,0,481,0,0,0,0,0,0,1,nan,nan,nan,nan,nan,nan,nan
10483,1,5,5,0,0,1,0,481,0,0,0,0,0,0,1,nan,nan,nan,nan,nan,nan,nan
10484,1,5,5,0,0,1,0,481,0,0,0,0,0,0,1,nan,nan,nan,nan,nan,nan,nan
10485,1,5,5,0,0,1,0,481,0,0,0,0,0,0,1,nan,nan,nan,nan,nan,nan,nan
10486,1,5,5,0,0,1,0,481,0,0,0,0,0,0,1,nan,nan,nan,nan,nan,nan,nan
10487,1,5,5,0,0,0,0,481,0,2,0,0,0,0,0,nan,18.342505827034984,nan,nan,nan,44.0230895379882,nan
10488,1,5,5,0,0,0,0,481,0,2,0,0,0,0,0,nan,nan,nan,nan,nan,nan,nan
10489,1,5,5,0,0,0,0,481,0,2,0,0,0,0,0,nan,nan,nan,nan,nan,nan,nan
10490,1,5,5,0,0,0,0,481,0,2,0,0,0,0,0,nan,nan,nan,nan,nan,nan,nan
10491,1,5,5,0,0,1,0,481,0,2,0,0,1,0,0,nan,nan,nan,nan,14.50891202758612,nan,nan
10492,1,5,5,0,0,1,0,481,0,2,0,0,1,0,0,nan,nan,nan,nan,nan,nan,nan
10493,1,5,5,0,0,1,0,481,0,2,0,0,1,0,0,nan,nan,nan,nan,nan,nan,nan
10494,1,5,5,0,0,1,0,481,0,2,0,0,1,0,0,nan,nan,nan,nan,nan,nan,nan
10495,1,5,5,0,0,1,0,481,0,2,0,0,1,0,0,nan,nan,nan,nan,nan,nan,nan
10496,1,4,5,1,0,1,0,481,0,0,0,0,1,0,0,nan,nan,21.76251511377268,nan,nan,nan,nan
10497,1,4,5,1,0,1,0,481,0,0,0,0,1,0,0,nan,nan,nan,nan,nan,nan,nan
10498,1,4,5,1,0,1,0,481,0,0,0,0,1,0,0,nan,nan,nan,nan,nan,nan,nan
10499,1,4,5,1,0,1,0,481,0,0,0,0,1,0,0,nan,nan,nan,nan,nan,nan,nan
10500,1,4,5,1,0,1,0,481,0,0,0,0,1,0,0,nan,nan,nan,nan,nan,nan,nan
10501,1,4,5,1,0,0,1,481,0,0,0,0,1,0,0,nan,nan,nan,nan,nan,14.616503957371606,nan
10502,1,4,5,1,0,0,1,481,0,0,0,0,1,0,0,nan,nan,nan,nan,nan,nan,nan
10503,1,4,5,1,0,0,1,481,0,0,0,0,1,0,0,nan,nan,nan,nan,nan,nan,nan
10504,1,4,5,1,0,0,1,481,0,0,0,0,1,0,0,nan,nan,nan,nan,nan,nan,nan
10505,1,4,5,1,0,0,0,482,0,0,0,0,1,0,0,nan,nan,nan,nan,nan,nan,43.57825852544738
10506,1,5,5,1,0,0,0,482,0,0,0,0,1,0,0,37.592121105375554,nan,nan,nan,nan,nan,nan
10507,1,5,5,0,0,0,0,482,0,0,0,0,0,0,0,nan,nan,nan,30.697068310653776,nan,nan,nan
10508,1,5,5,0,0,0,0,482,0,0,0,0,0,0,0,nan,nan,nan,nan,nan,nan,nan
10509,1,5,5,0,0,0,0,482,0,0,0,0,0,0,0,nan,nan,nan,nan,nan,nan,nan
10510,1,5,5,0,0,0,0,482,0,0,0,0,0,0,0,nan,nan,nan,nan,nan,nan,nan
10511,1,5,5,0,0,0,0,482,0,0,0,0,0,0,0,nan,nan,nan,nan,nan,nan,nan
10512,1,5,5,0,0,0,0,482,0,0,0,0,0,0,0,nan,nan,nan,nan,nan,nan,nan
10513,1,5,5,0,0,0,0,482,0,0,0,0,0,0,0,nan,nan,nan,nan,nan,nan,nan
10514,1,5,5,0,0,0,0,482,0,0,0,0,0,0,0,nan,nan,nan,nan,nan,nan,nan
10515,1,5,5,0,0,0,0,483,0,0,0,0,0,0,1,nan,nan,nan,nan,nan,nan,10.285526159792425
10516,1,5,5,0,0,0,0,483,0,0,0,0,0,0,1,nan,nan,nan,nan,nan,nan,nan
10517,1,5,5,0,0,0,0,483,0,0,0,0,0,0,1,nan,nan,nan,nan,nan,nan,nan
10518,1,5,5,0,0,0,0,483,0,0,0,0,0,0,1,nan,nan,nan,nan,nan,nan,nan
10519,1,5,5,0,0,0,0,483,0,0,0,0,0,0,1,nan,nan,nan,nan,nan,nan,nan
10520,1,5,5,0,0,0,0,483,0,0,0,0,0,0,1,nan,nan,nan,nan,nan,nan,nan
10521,1,5,5,0,0,0,0,483,0,0,0,0,0,0,1,nan,nan,nan,nan,nan,nan,nan
10522,1,5,5,0,0,0,0,483,0,0,0,0,0,0,1,nan,nan,nan,nan,nan,nan,nan
10523,1,5,5,0,0,0,0,483,0,0,0,0,0,0,1,nan,nan,nan,nan,nan,nan,nan
10524,1,5,5,0,0,0,0,483,0,0,0,0,0,0,1,nan,nan,nan,nan,nan,nan,nan
10525,1,5,5,0,0,0,0,483,0,0,0,0,0,0,1,nan,nan,nan,nan,nan,nan,nan
10526,1,5,5,0,1,0,0,483,0,0,0,1,0,0,1,nan,nan,nan,19.000676068604662,nan,nan,nan
10527,1,5,5,0,0,0,0,483,0,0,0,1,0,0,0,nan,nan,nan,nan,36.85982830964167,25.79772534640324,nan
10528,1,5,5,0,0,0,0,483,0,2,0,1,0,0,0,nan,41.02464655582298,nan,nan,nan,nan,nan
10529,1,5,5,0,0,0,0,483,0,2,0,1,0,0,0,nan,nan,nan,nan,nan,nan,nan
10530,1,5,5,0,0,0,0,483,0,2,0,1,0,0,0,nan,nan,nan,nan,nan,nan,nan
10531,1,5,5,0,0,0,0,483,0,2,0,1,0,0,0,nan,nan,nan,nan,nan,nan,nan
10532,1,5,5,0,0,0,0,483,0,2,0,1,0,0,0,nan,nan,nan,nan,nan,nan,nan
10533,1,4,5,0,0,0,0,483,0,0,0,0,0,0,0,nan,nan,36.86754587877658,nan,nan,nan,nan
10534,1,4,5,0,0,0,0,483,0,0,0,0,0,0,0,nan,nan,nan,nan,nan,nan,nan
10535,1,4,5,0,0,0,0,483,0,0,0,0,0,0,0,nan,nan,nan,nan,nan,nan,nan
10536,1,4,5,0,0,0,0,483,0,0,0,0,0,0,0,nan,nan,nan,nan,nan,nan,nan
10537,1,4,5,0,0,0,0,483,0,0,0,0,0,0,0,nan,nan,nan,nan,nan,nan,nan
10538,1,4,5,0,0,1,0,483,0,0,0,0,1,0,0,nan,nan,nan,nan,10.311494244115238,nan,nan
10539,1,4,5,0,0,1,0,483,0,0,0,0,1,0,0,nan,nan,nan,nan,nan,nan,nan
10540,1,5,5,0,0,1,0,483,0,0,0,0,1,0,0,33.2282363498889,nan,nan,nan,nan,nan,nan
10541,1,5,5,0,0,1,0,483,0,0,0,0,1,0,0,nan,nan,nan,nan,nan,nan,nan
10542,1,5,5,0,0,1,0,483,0,0,0,0,1,0,0,nan,nan,nan,nan,nan,nan,nan
10543,1,5,5,0,0,1,0,483,0,0,0,0,1,0,0,nan,nan,nan,nan,nan,nan,nan
10544,1,5,5,0,0,1,0,483,0,0,0,0,1,0,0,nan,nan,nan,nan,nan,nan,nan
10545,1,5,5,0,0,1,0,484,0,0,0,0,1,0,1,nan,nan,nan,nan,nan,nan,30.203286183281307
10546,1,5,5,0,0,1,0,484,0,0,0,0,1,0,1,nan,nan,nan,nan,nan,nan,nan
10547,1,5,5,0,0,1,0,484,0,0,0,0,1,0,1,nan,nan,nan,nan,nan,nan,nan
10548,1,5,5,0,0,1,0,484,0,0,0,0,1,0,1,nan,nan,nan,nan,nan,nan,nan
10549,1,5,5,0,0,0,0,484,0,0,0,0,1,0,0,nan,nan,nan,nan,nan,22.149640833562444,nan
10550,1,5,5,0,0,0,0,484,0,0,0,1,0,0,0,nan,nan,nan,23.293901632359848,nan,nan,nan
10551,1,5,5,0,0,0,0,484,2,0,0,1,0,0,0,11.3326867042706,nan,nan,nan,nan,nan,nan
10552,1,5,5,0,0,0,0,484,2,0,0,1,0,0,0,nan,nan,nan,nan,nan,nan,nan
10553,1,5,5,0,0,0,0,484,2,0,0,1,0,0,0,nan,nan,nan,nan,nan,nan,nan
10554,1,5,5,0,0,0,0,484,2,2,0,1,0,0,0,nan,25.587639385203147,nan,nan,nan,nan,nan
10555,1,5,5,0,0,0,0,484,2,2,0,1,0,0,0,nan,nan,nan,nan,nan,nan,nan
10556,1,5,5,0,0,0,0,484,0,0,0,0,0,0,0,nan,nan,22.307189808148905,nan,nan,nan,nan
10557,1,5,5,0,0,0,0,484,0,0,0,0,0,0,0,nan,nan,nan,nan,nan,nan,nan
10558,1,5,5,0,0,0,0,484,0,0,0,0,0,0,0,nan,nan,nan,nan,nan,nan,nan
10559,1,5,5,0,0,0,0,484,0,0,0,0,0,0,0,nan,nan,nan,nan,nan,nan,nan
10560,1,5,5,0,0,0,1,484,0,0,0,0,0,1,0,nan,nan,nan,nan,nan,10.59979308765287,nan
10561,1,5,5,0,0,0,1,484,0,0,0,0,0,1,0,nan,nan,nan,nan,nan,nan,nan
10562,1,5,5,0,0,0,1,484,0,0,0,0,0,1,0,nan,nan,nan,nan,nan,nan,nan
10563,1,5,5,0,0,0,1,484,0,0,0,0,0,1,0,nan,nan,nan,nan,nan,nan,nan
10564,1,5,5,0,0,0,1,484,0,0,0,0,0,1,0,nan,nan,nan,nan,nan,nan,nan
10565,1,5,5,0,0,0,1,484,0,0,0,0,0,1,0,nan,nan,nan,nan,nan,nan,nan
10566,1,5,5,0,0,0,1,484,0,0,0,0,0,1,0,nan,nan,nan,nan,nan,nan,nan
10567,1,5,5,0,1,0,1,484,0,0,0,1,0,1,0,nan,nan,nan,17.498422737202418,nan,nan,nan
10568,1,5,5,0,1,0,0,485,0,0,0,1,0,1,0,nan,nan,nan,nan,nan,nan,22.36500305593472
10569,1,5,5,0,1,0,0,485,0,0,0,1,0,1,0,nan,nan,nan,nan,nan,nan,nan
10570,1,5,5,0,1,0,0,485,0,0,0,1,0,1,0,nan,nan,nan,nan,nan,nan,nan
10571,1,5,5,0,1,0,0,485,0,0,0,1,0,1,0,nan,nan,nan,nan,nan,nan,nan
10572,1,5,5,0,1,0,0,485,0,0,0,1,0,1,0,nan,nan,nan,nan,nan,nan,nan
10573,1,5,5,0,1,0,0,485,0,0,0,1,0,1,0,nan,nan,nan,nan,nan,nan,nan
10574,1,5,5,0,1,0,0,485,2,0,0,1,0,1,0,23.406761817532242,nan,nan,nan,nan,nan,nan
10575,1,5,5,0,1,0,0,485,2,0,0,1,0,1,0,nan,nan,nan,nan,nan,nan,nan
10576,1,5,5,0,1,0,0,485,2,0,0,1,0,1,0,nan,nan,nan,nan,nan,nan,nan
10577,1,5,5,0,0,0,0,485,2,0,0,1,0,0,0,nan,nan,nan,nan,38.766388255409765,nan,nan
10578,1,5,5,0,0,0,0,485,2,0,0,1,0,0,0,nan,nan,nan,nan,nan,nan,nan
10579,1,5,5,0,0,0,0,485,2,0,0,1,0,0,0,nan,nan,nan,nan,nan,nan,nan
10580,1,5,4,0,0,0,0,485,2,0,0,0,0,0,0,nan,nan,24.413802770524853,nan,nan,nan,nan
10581,1,5,4,0,0,0,0,485,2,0,0,0,0,0,0,nan,nan,nan,nan,nan,nan,nan
10582,1,5,4,0,0,0,0,485,2,0,0,0,0,0,0,nan,nan,nan,nan,nan,nan,nan
10583,1,5,4,0,0,0,0,485,2,0,0,0,0,0,0,nan,nan,nan,nan,nan,nan,nan
10584,1,5,4,0,0,0,0,485,2,0,0,0,0,0,0,nan,nan,nan,nan,nan,nan,nan
10585,1,5,4,0,0,0,0,485,2,0,0,0,0,0,0,nan,nan,nan,nan,nan,nan,nan
10586,1,5,4,0,0,0,0,486,2,0,0,0,0,0,1,nan,nan,nan,nan,nan,nan,18.36635047829077
10587,1,5,5,0,0,0,0,486,0,0,0,0,0,0,1,nan,33.779923369107564,nan,nan,nan,nan,nan
10588,1,5,5,0,0,0,0,486,0,0,0,0,0,0,1,nan,nan,nan,nan,nan,nan,nan
10589,1,5,5,0,0,1,0,486,0,0,0,0,1,0,1,nan,nan,nan,nan,12.968092073479056,nan,nan
10590,1,5,5,0,0,1,0,486,0,0,0,0,1,0,1,nan,nan,nan,nan,nan,nan,nan
10591,1,5,5,0,0,1,0,486,0,0,0,0,1,0,1,nan,nan,nan,nan,nan,nan,nan
10592,1,5,5,0,0,0,0,486,0,0,0,0,1,0,0,nan,nan,nan,nan,nan,31.545713427258306,nan
10593,1,5,5,0,0,0,0,486,0,0,0,0,1,0,0,nan,nan,nan,nan,nan,nan,nan
10594,1,5,5,0,0,0,0,486,0,0,0,0,1,0,0,nan,nan,nan,nan,nan,nan,nan
10595,1,5,5,0,0,0,0,486,0,0,0,0,1,0,0,nan,nan,nan,nan,nan,nan,nan
10596,1,5,5,0,0,0,0,486,0,0,0,0,1,0,0,nan,nan,nan,nan,nan,nan,nan
10597,1,5,5,0,0,0,0,486,0,0,0,0,1,0,0,nan,nan,nan,nan,nan,nan,nan
10598,1,5,5,0,0,0,0,486,2,0,0,0,1,0,0,23.564999036014342,nan,nan,nan,nan,nan,nan
10599,1,5,5,0,0,0,0,486,2,0,0,0,1,0,0,nan,nan,nan,nan,nan,nan,nan
10600,1,5,5,0,0,0,0,486,2,0,0,1,0,0,0,nan,nan,nan,33.260072951959955,nan,nan,nan
10601,1,5,5,0,0,0,0,486,2,0,0,1,0,0,0,nan,nan,nan,nan,nan,nan,nan
10602,1,5,5,0,0,0,0,486,2,0,0,1,0,0,0,nan,nan,nan,nan,nan,nan,nan
10603,1,5,5,0,0,0,0,486,2,0,0,1,0,0,0,nan,nan,nan,nan,nan,nan,nan
10604,1,5,5,0,0,0,0,486,2,0,0,1,0,0,0,nan,nan,nan,nan,nan,nan,nan
10605,1,5,5,0,0,0,0,486,2,0,0,1,0,0,0,nan,nan,nan,nan,nan,nan,nan
10606,1,5,5,0,0,0,0,486,2,0,0,1,0,0,0,nan,nan,nan,nan,nan,nan,nan
10607,1,5,5,0,0,0,0,486,2,0,0,1,0,0,0,nan,nan,nan,nan,nan,nan,nan
10608,1,5,5,0,0,0,0,486,2,0,0,1,0,0,0,nan,nan,nan,nan,nan,nan,nan
10609,1,5,4,0,0,0,0,486,2,0,0,0,0,0,0,nan,nan,28.789523551162347,nan,nan,nan,nan
10610,1,5,4,0,0,0,1,486,2,0,0,0,0,1,0,nan,nan,nan,nan,nan,18.081778636184026,nan
10611,1,5,4,0,0,0,1,486,2,0,0,0,0,1,0,nan,nan,nan,nan,nan,nan,nan
10612,1,5,4,0,0,0,1,486,2,0,0,0,0,1,0,nan,nan,nan,nan,nan,nan,nan
10613,1,5,4,0,0,0,1,486,2,0,0,0,0,1,0,nan,nan,nan,nan,nan,nan,nan
10614,1,5,4,0,0,0,1,486,2,0,0,0,0,1,0,nan,nan,nan,nan,nan,nan,nan
10615,1,5,4,0,0,0,1,486,2,0,0,0,0,1,0,nan,nan,nan,nan,nan,nan,nan
10616,1,5,4,0,0,0,1,486,2,0,0,0,0,1,0,nan,nan,nan,nan,nan,nan,nan
10617,1,5,4,0,0,0,1,486,2,0,0,0,1,0,0,nan,nan,nan,nan,27.771896584166825,nan,nan
10618,1,5,5,0,0,0,1,486,0,0,0,0,1,0,0,nan,31.02165927432179,nan,nan,nan,nan,nan
10619,1,5,5,0,0,0,1,486,0,0,0,0,1,0,0,nan,nan,nan,nan,nan,nan,nan
10620,1,5,5,0,0,0,1,486,0,0,0,0,1,0,0,nan,nan,nan,nan,nan,nan,nan
10621,1,5,5,0,0,0,1,486,0,0,0,0,1,0,0,nan,nan,nan,nan,nan,nan,nan
10622,1,5,5,0,0,0,1,486,0,0,0,0,1,0,0,nan,nan,nan,nan,nan,nan,nan
10623,1,5,4,1,0,0,0,487,0,0,0,0,1,0,0,nan,nan,14.5841767520742,nan,nan,nan,37.17329891204099
10624,1,5,4,1,0,0,0,487,0,0,0,0,1,0,0,nan,nan,nan,nan,nan,nan,nan
10625,1,5,4,1,0,0,0,487,0,0,0,0,1,0,0,nan,nan,nan,nan,nan,nan,nan
10626,1,5,4,1,0,0,0,487,0,0,0,0,1,0,0,nan,nan,nan,nan,nan,nan,nan
10627,1,5,4,1,0,0,0,487,0,0,0,0,1,0,0,nan,nan,nan,nan,nan,nan,nan
10628,1,5,4,1,0,0,0,487,0,0,0,0,1,0,0,nan,nan,nan,nan,nan,nan,nan
10629,1,5,4,1,0,0,0,487,0,0,0,0,1,0,0,nan,nan,nan,nan,nan,nan,nan
10630,1,5,4,1,0,0,0,487,0,0,0,0,1,0,0,nan,nan,nan,nan,nan,nan,nan
10631,1,5,4,1,0,0,1,487,2,0,0,0,1,1,0,33.126919084623296,nan,nan,nan,nan,21.276387524028905,nan
10632,1,5,4,1,0,0,1,487,2,0,0,0,1,1,0,nan,nan,nan,nan,nan,nan,nan
10633,1,5,4,1,0,0,1,487,2,0,0,0,1,1,0,nan,nan,nan,nan,nan,nan,nan
10634,1,5,4,0,0,0,1,487,2,0,0,0,0,1,0,nan,nan,nan,33.254024024263344,nan,nan,nan
10635,1,5,4,0,0,0,1,487,2,0,0,0,0,1,0,nan,nan,nan,nan,nan,nan,nan
10636,1,5,4,0,0,0,1,487,2,0,0,0,0,1,0,nan,nan,nan,nan,nan,nan,nan
10637,1,5,4,0,0,0,1,487,2,0,0,0,0,1,0,nan,nan,nan,nan,nan,nan,nan
10638,1,5,4,0,0,0,1,487,2,0,0,0,0,1,0,nan,nan,nan,nan,nan,nan,nan
10639,1,5,4,0,0,0,1,487,2,0,0,0,0,1,0,nan,nan,nan,nan,nan,nan,nan
10640,1,5,5,0,0,0,1,487,0,0,0,0,0,1,0,nan,21.35426241640198,nan,nan,nan,nan,nan
10641,1,5,5,0,0,0,0,488,0,0,0,0,0,1,0,nan,nan,nan,nan,nan,nan,17.473152161555845
10642,1,5,5,0,0,0,0,488,0,0,0,0,0,1,0,nan,nan,nan,nan,nan,nan,nan
10643,1,5,4,1,0,0,0,488,0,0,0,0,0,1,0,nan,nan,19.21100640568511,nan,nan,nan,nan
10644,1,5,4,1,0,0,0,488,0,0,0,0,0,1,0,nan,nan,nan,nan,nan,nan,nan
10645,1,5,4,1,0,0,0,488,0,0,0,0,0,1,0,nan,nan,nan,nan,nan,nan,nan
10646,1,5,4,1,0,0,0,488,0,0,0,0,0,1,0,nan,nan,nan,nan,nan,nan,nan
10647,1,5,4,1,0,0,0,488,0,0,0,0,0,1,0,nan,nan,nan,nan,nan,nan,nan
10648,1,5,4,1,0,0,0,488,0,0,0,0,0,1,0,nan,nan,nan,nan,nan,nan,nan
10649,1,5,4,1,0,0,0,488,0,0,0,0,0,1,0,nan,nan,nan,nan,nan,nan,nan
10650,1,5,4,1,0,0,0,488,0,0,0,0,0,1,0,nan,nan,nan,nan,nan,nan,nan
10651,1,5,4,1,0,0,0,488,2,0,0,0,1,0,0,20.074381645959875,nan,nan,nan,33.28581634737748,nan,nan
10652,1,5,4,1,0,0,0,488,2,0,0,0,1,0,0,nan,nan,nan,nan,nan,nan,nan
10653,1,5,4,1,0,0,0,488,2,0,0,0,1,0,0,nan,nan,nan,nan,nan,nan,nan
10654,1,5,4,1,0,0,0,488,2,0,0,0,1,0,0,nan,nan,nan,nan,nan,nan,nan
10655,1,5,4,1,0,0,0,488,2,0,0,0,1,0,0,nan,nan,nan,nan,nan,nan,nan
10656,1,5,4,1,0,0,0,488,2,0,0,0,1,0,0,nan,nan,nan,nan,nan,nan,nan
10657,1,5,4,1,0,0,0,488,2,0,0,0,1,0,0,nan,nan,nan,nan,nan,nan,nan
10658,1,5,4,1,0,0,0,488,2,0,0,0,1,0,0,nan,nan,nan,nan,nan,nan,nan
10659,1,5,4,1,0,0,1,488,2,0,0,0,1,1,0,nan,nan,nan,nan,nan,28.234232704753595,nan
10660,1,5,4,1,0,0,1,488,2,0,0,0,1,1,0,nan,nan,nan,nan,nan,nan,nan
10661,1,5,4,0,0,0,1,488,2,0,0,0,0,1,0,nan,nan,nan,27.77122564234378,nan,nan,nan
10662,1,5,4,0,0,0,1,488,2,0,0,0,0,1,0,nan,nan,nan,nan,nan,nan,nan
10663,1,5,4,0,0,0,1,488,2,0,0,0,0,1,0,nan,nan,nan,nan,nan,nan,nan
10664,1,5,4,0,0,0,1,488,2,0,0,0,0,1,0,nan,nan,nan,nan,nan,nan,nan
10665,1,5,4,0,0,0,1,488,2,0,0,0,0,1,0,nan,nan,nan,nan,nan,nan,nan
10666,1,5,4,0,0,0,1,488,2,0,0,0,0,1,0,nan,nan,nan,nan,nan,nan,nan
10667,1,5,4,0,0,0,1,488,2,0,0,0,0,1,0,nan,nan,nan,nan,nan,nan,nan
10668,1,5,4,0,0,0,1,488,2,0,0,0,0,1,0,nan,nan,nan,nan,nan,nan,nan
10669,1,5,3,1,0,0,1,488,2,0,0,0,0,1,0,nan,nan,26.279633902098794,nan,nan,nan,nan
10670,1,5,3,1,0,0,1,488,2,0,0,0,0,1,0,nan,nan,nan,nan,nan,nan,nan
10671,1,5,3,1,0,0,1,488,2,0,0,0,0,1,0,nan,nan,nan,nan,nan,nan,nan
10672,1,5,3,1,0,0,1,488,2,0,0,0,0,1,0,nan,nan,nan,nan,nan,nan,nan
10673,1,5,3,0,0,0,1,488,2,0,0,0,0,0,0,nan,nan,nan,11.215326928728246,22.785733022970817,nan,nan
10674,1,5,4,0,0,0,1,488,0,0,0,0,0,0,0,nan,34.72602143674885,nan,nan,nan,nan,nan
10675,1,5,4,0,0,0,0,489,0,0,0,0,0,0,0,nan,nan,nan,nan,nan,nan,34.185059999656005
10676,1,5,4,0,0,0,0,489,0,0,0,0,0,0,0,nan,nan,nan,nan,nan,nan,nan
10677,1,5,4,0,0,0,0,489,0,0,0,0,0,0,0,nan,nan,nan,nan,nan,nan,nan
10678,1,5,4,0,0,0,0,489,0,0,0,0,0,0,0,nan,nan,nan,nan,nan,nan,nan
10679,1,5,4,0,0,0,0,489,0,0,0,0,0,0,0,nan,nan,nan,nan,nan,nan,nan
10680,1,5,4,0,0,0,0,489,0,0,0,0,0,0,0,nan,nan,nan,nan,nan,nan,nan
10681,1,5,4,0,0,0,0,489,0,0,0,0,0,0,0,nan,nan,nan,nan,nan,nan,nan
10682,1,5,4,0,0,1,0,489,0,0,0,0,1,0,0,nan,nan,nan,nan,9.089034569193245,nan,nan
10683,1,5,4,0,0,1,0,489,0,0,0,0,1,0,0,nan,nan,nan,nan,nan,nan,nan
10684,1,5,4,0,0,1,0,489,0,0,0,0,1,0,0,nan,nan,nan,nan,nan,nan,nan
10685,1,5,4,0,0,1,0,489,0,0,0,0,1,0,0,nan,nan,nan,nan,nan,nan,nan
10686,1,5,4,0,0,1,0,489,0,0,0,0,1,0,0,nan,nan,nan,nan,nan,nan,nan
10687,1,5,3,1,0,1,0,489,0,0,0,0,1,0,0,nan,nan,18.308248557243132,nan,nan,nan,nan
10688,1,5,3,1,0,1,0,489,0,0,0,0,1,0,0,nan,nan,nan,nan,nan,nan,nan
10689,1,5,3,0,0,1,0,489,0,0,0,0,0,0,0,nan,nan,nan,16.380110613812576,nan,nan,nan
10690,1,5,3,0,0,1,0,490,0,0,0,0,0,0,1,nan,nan,nan,nan,nan,nan,14.733667804603101
10691,1,5,3,0,0,1,0,490,2,0,0,0,0,0,1,39.89136599945414,nan,nan,nan,nan,nan,nan
10692,1,5,3,0,0,1,0,490,2,0,0,0,0,0,1,nan,nan,nan,nan,nan,nan,nan
10693,1,5,3,0,0,1,0,490,2,0,0,0,0,0,1,nan,nan,nan,nan,nan,nan,nan
10694,1,5,4,0,0,1,0,490,0,0,0,0,0,0,1,nan,20.091660507618144,nan,nan,nan,nan,nan
10695,1,5,4,0,0,1,0,490,0,0,0,0,0,0,1,nan,nan,nan,nan,nan,nan,nan
10696,1,5,4,0,0,1,0,490,0,0,0,0,0,0,1,nan,nan,nan,nan,nan,nan,nan
10697,1,5,4,0,0,1,0,490,0,0,0,0,0,0,1,nan,nan,nan,nan,nan,nan,nan
10698,1,5,4,0,0,1,0,490,0,0,0,0,0,0,1,nan,nan,nan,nan,nan,nan,nan
10699,1,5,4,0,0,1,0,490,0,0,0,0,0,0,1,nan,nan,nan,nan,nan,nan,nan
10700,1,5,4,0,0,1,0,490,0,0,0,0,0,0,1,nan,nan,nan,nan,nan,nan,nan
10701,1,5,4,0,0,1,0,490,0,0,0,0,0,0,1,nan,nan,nan,nan,nan,nan,nan
10702,1,5,4,0,0,1,0,490,0,0,0,0,0,0,1,nan,nan,nan,nan,nan,nan,nan
10703,1,5,4,0,0,0,0,490,0,0,0,0,0,0,0,nan,nan,nan,nan,nan,43.67622831114022,nan
10704,1,5,4,0,1,0,0,490,0,0,0,1,0,0,0,nan,nan,nan,14.752982738957144,nan,nan,nan
10705,1,5,4,0,1,0,0,490,0,0,0,1,0,0,0,nan,nan,nan,nan,nan,nan,nan
10706,1,5,4,0,1,0,0,490,2,0,0,1,0,0,0,15.353024759093387,nan,nan,nan,nan,nan,nan
10707,1,5,4,0,1,0,0,490,2,0,0,1,0,0,0,nan,nan,nan,nan,nan,nan,nan
10708,1,5,4,0,1,0,0,490,2,0,0,1,0,0,0,nan,nan,nan,nan,nan,nan,nan
10709,1,5,5,0,1,0,0,490,0,0,0,1,0,0,0,nan,14.612565829698724,nan,nan,nan,nan,nan
10710,1,5,5,0,1,0,0,490,0,0,0,1,0,0,0,nan,nan,nan,nan,nan,nan,nan
10711,1,5,5,0,1,0,0,490,0,0,0,1,0,0,0,nan,nan,nan,nan,nan,nan,nan
10712,1,5,5,0,1,0,0,490,0,0,0,1,0,0,0,nan,nan,nan,nan,nan,nan,nan
10713,1,5,5,0,0,1,0,490,0,0,0,1,0,0,0,nan,nan,nan,nan,30.898993617240194,nan,nan
10714,1,5,5,0,0,0,1,490,0,0,0,1,0,0,0,nan,nan,nan,nan,nan,10.983176999770876,nan
10715,1,5,5,0,0,0,1,490,0,0,0,1,0,0,0,nan,nan,nan,nan,nan,nan,nan
10716,1,5,4,0,0,0,1,490,0,0,0,0,0,0,0,nan,nan,28.66224237136157,nan,nan,nan,nan
10717,1,5,4,0,0,0,1,490,0,0,0,0,0,0,0,nan,nan,nan,nan,nan,nan,nan
10718,1,5,4,0,0,0,1,490,0,0,0,0,0,0,0,nan,nan,nan,nan,nan,nan,nan
10719,1,5,4,0,0,0,1,490,0,0,0,0,0,0,0,nan,nan,nan,nan,nan,nan,nan
10720,1,5,4,0,0,0,0,491,0,0,0,0,0,0,0,nan,nan,nan,nan,nan,nan,30.671938468576627
10721,1,5,4,0,0,0,0,491,0,0,0,0,0,0,0,nan,nan,nan,nan,nan,nan,nan
10722,1,5,4,0,0,0,0,491,0,0,0,0,0,0,0,nan,nan,nan,nan,nan,nan,nan
10723,1,5,4,0,0,0,0,491,0,0,0,0,0,0,0,nan,nan,nan,nan,nan,nan,nan
10724,1,5,4,0,0,0,0,491,0,0,0,0,0,0,0,nan,nan,nan,nan,nan,nan,nan
10725,1,5,4,0,0,0,0,491,2,0,0,0,0,0,0,19.193576129180656,nan,nan,nan,nan,nan,nan
10726,1,5,4,0,0,0,0,491,2,0,0,0,0,0,0,nan,nan,nan,nan,nan,nan,nan
10727,1,5,4,0,0,0,0,491,2,0,0,0,0,0,0,nan,nan,nan,nan,nan,nan,nan
10728,1,5,4,0,0,0,0,491,2,0,0,0,0,0,0,nan,nan,nan,nan,nan,nan,nan
10729,1,5,4,0,0,0,0,491,2,0,0,0,0,0,0,nan,nan,nan,nan,nan,nan,nan
10730,1,5,4,0,0,0,0,491,2,0,0,0,0,0,0,nan,nan,nan,nan,nan,nan,nan
10731,1,5,4,0,0,0,0,491,2,0,0,0,0,0,0,nan,nan,nan,nan,nan,nan,nan
10732,1,5,5,0,0,0,0,492,0,0,0,0,0,0,1,nan,22.89274762774221,nan,nan,nan,nan,11.878049416778595
10733,1,5,5,0,1,0,0,492,0,0,0,1,0,0,1,nan,nan,nan,29.608754936618425,nan,nan,nan
10734,1,5,5,0,1,0,0,492,0,0,0,1,0,0,1,nan,nan,nan,nan,nan,nan,nan
10735,1,5,5,0,1,0,0,492,0,0,0,1,0,0,1,nan,nan,nan,nan,nan,nan,nan
10736,1,5,5,0,1,0,0,492,0,0,0,1,0,1,0,nan,nan,nan,nan,nan,21.935508196691444,nan
10737,1,5,5,0,0,0,0,492,0,0,0,1,0,0,0,nan,nan,nan,nan,23.569772454808117,nan,nan
10738,1,5,4,0,0,0,0,492,0,0,0,0,0,0,0,nan,nan,21.943735216424102,nan,nan,nan,nan
10739,1,5,4,0,0,0,0,492,0,0,0,0,0,0,0,nan,nan,nan,nan,nan,nan,nan
10740,1,5,4,0,0,0,0,492,0,0,0,0,0,0,0,nan,nan,nan,nan,nan,nan,nan
10741,1,5,4,0,0,0,0,492,0,0,0,0,0,0,0,nan,nan,nan,nan,nan,nan,nan
10742,1,5,4,0,0,0,0,492,0,0,0,0,0,0,0,nan,nan,nan,nan,nan,nan,nan
10743,1,5,4,0,0,0,0,492,0,0,0,0,0,0,0,nan,nan,nan,nan,nan,nan,nan
10744,1,5,4,0,0,0,0,492,0,0,0,0,0,0,0,nan,nan,nan,nan,nan,nan,nan
10745,1,5,4,0,0,0,0,492,0,0,0,0,0,0,0,nan,nan,nan,nan,nan,nan,nan
10746,1,5,4,0,0,0,0,492,2,0,0,0,0,0,0,20.234678877510305,nan,nan,nan,nan,nan,nan
10747,1,5,4,0,0,0,0,492,2,0,0,0,0,0,0,nan,nan,nan,nan,nan,nan,nan
10748,1,5,4,0,0,0,0,492,2,0,0,0,0,0,0,nan,nan,nan,nan,nan,nan,nan
10749,1,5,4,0,0,0,0,493,2,0,0,0,0,0,1,nan,nan,nan,nan,nan,nan,16.966822813821636
10750,1,5,4,0,0,0,0,493,2,0,0,0,0,0,1,nan,nan,nan,nan,nan,nan,nan
10751,1,5,5,0,0,0,0,493,0,0,0,0,0,0,1,nan,19.475817373438986,nan,nan,nan,nan,nan
10752,1,5,5,0,0,0,0,493,0,0,0,0,0,0,1,nan,nan,nan,nan,nan,nan,nan
10753,1,5,5,0,0,0,0,493,0,0,0,0,0,0,1,nan,nan,nan,nan,nan,nan,nan
10754,1,5,5,0,0,0,0,493,0,0,0,0,0,0,1,nan,nan,nan,nan,nan,nan,nan
10755,1,5,5,0,0,0,0,493,0,0,0,0,0,0,1,nan,nan,nan,nan,nan,nan,nan
10756,1,5,5,0,0,1,0,493,0,0,0,0,1,0,1,nan,nan,nan,nan,19.439623242140442,nan,nan
10757,1,5,4,1,0,1,0,493,0,0,0,0,1,0,1,nan,nan,18.808456173595914,nan,nan,nan,nan
10758,1,5,4,1,0,1,0,493,0,0,0,0,1,0,1,nan,nan,nan,nan,nan,nan,nan
10759,1,5,4,1,0,0,0,493,0,0,0,0,1,0,0,nan,nan,nan,nan,nan,23.084940842480137,nan
10760,1,5,4,1,0,0,0,493,0,0,0,0,1,0,0,nan,nan,nan,nan,nan,nan,nan
10761,1,5,4,1,0,0,0,493,0,0,0,0,1,0,0,nan,nan,nan,nan,nan,nan,nan
10762,1,5,4,1,0,0,0,493,0,0,0,0,1,0,0,nan,nan,nan,nan,nan,nan,nan
10763,1,5,4,1,0,0,0,493,0,0,0,0,1,0,0,nan,nan,nan,nan,nan,nan,nan
10764,1,5,4,1,0,0,0,493,0,0,0,0,1,0,0,nan,nan,nan,nan,nan,nan,nan
10765,1,5,4,1,0,0,0,493,0,0,0,0,1,0,0,nan,nan,nan,nan,nan,nan,nan
10766,1,5,4,1,0,0,0,493,0,0,0,0,1,0,0,nan,nan,nan,nan,nan,nan,nan
10767,1,5,4,0,0,0,0,493,0,0,0,0,0,0,0,nan,nan,nan,34.02820582791537,nan,nan,nan
10768,1,5,4,0,0,0,0,493,0,0,0,0,0,0,0,nan,nan,nan,nan,nan,nan,nan
10769,1,5,4,0,0,0,0,493,0,0,0,0,0,0,0,nan,nan,nan,nan,nan,nan,nan
10770,1,5,4,0,0,0,0,493,2,0,0,0,0,0,0,24.018608202322866,nan,nan,nan,nan,nan,nan
10771,1,5,5,0,0,0,0,494,0,0,0,0,0,0,1,nan,19.355263549397932,nan,nan,nan,nan,21.650504407571134
10772,1,5,5,0,0,0,0,494,0,0,0,0,0,1,0,nan,nan,nan,nan,nan,13.588447635811463,nan
10773,1,5,5,0,0,0,0,494,0,0,0,0,0,1,0,nan,nan,nan,nan,nan,nan,nan
10774,1,5,5,0,0,0,0,494,0,0,0,0,0,1,0,nan,nan,nan,nan,nan,nan,nan
10775,1,5,5,0,0,0,0,494,0,0,0,0,0,1,0,nan,nan,nan,nan,nan,nan,nan
10776,1,5,5,0,1,0,0,494,0,0,0,1,0,1,0,nan,nan,nan,9.084426721597993,nan,nan,nan
10777,1,5,5,0,1,0,0,494,0,0,0,1,0,1,0,nan,nan,nan,nan,nan,nan,nan
10778,1,5,5,0,1,0,0,494,0,0,0,1,0,1,0,nan,nan,nan,nan,nan,nan,nan
10779,1,5,5,0,1,0,0,494,0,0,0,1,0,1,0,nan,nan,nan,nan,nan,nan,nan
10780,1,5,5,0,1,0,0,494,0,0,0,1,0,1,0,nan,nan,nan,nan,nan,nan,nan
10781,1,5,5,0,1,0,0,494,0,0,0,1,0,1,0,nan,nan,nan,nan,nan,nan,nan
10782,1,5,5,0,1,0,0,494,0,0,0,1,0,1,0,nan,nan,nan,nan,nan,nan,nan
10783,1,5,5,0,1,0,0,494,0,2,0,1,0,1,0,nan,11.738763497625769,nan,nan,nan,nan,nan
10784,1,5,5,0,1,0,0,494,0,2,0,1,0,1,0,nan,nan,nan,nan,nan,nan,nan
10785,1,5,5,0,1,0,0,495,0,2,0,1,0,1,1,nan,nan,nan,nan,nan,nan,14.10811217052833
10786,1,5,5,0,1,0,0,495,0,2,0,1,0,1,1,nan,nan,nan,nan,nan,nan,nan
10787,1,5,5,0,1,0,0,495,0,2,0,1,0,1,1,nan,nan,nan,nan,nan,nan,nan
10788,1,5,5,0,1,0,0,495,2,2,0,1,0,1,1,18.00874392091464,nan,nan,nan,nan,nan,nan
10789,1,5,5,0,1,0,0,495,0,0,0,0,0,1,1,nan,nan,32.869202642721575,nan,nan,nan,nan
10790,1,5,5,0,1,0,0,495,0,0,0,0,0,1,1,nan,nan,nan,nan,nan,nan,nan
10791,1,5,5,0,1,0,0,495,0,0,0,0,0,1,1,nan,nan,nan,nan,nan,nan,nan
10792,1,5,5,0,1,0,0,495,0,0,0,0,0,1,1,nan,nan,nan,nan,nan,nan,nan
10793,1,5,5,0,1,0,0,495,0,0,0,0,0,1,1,nan,nan,nan,nan,nan,nan,nan
10794,1,5,5,0,1,0,0,495,0,0,0,0,0,1,1,nan,nan,nan,nan,nan,nan,nan
10795,1,5,5,0,1,0,0,495,0,0,0,0,0,1,1,nan,nan,nan,nan,nan,nan,nan
10796,1,5,5,0,1,0,0,495,0,0,0,0,0,1,1,nan,nan,nan,nan,nan,nan,nan
10797,1,5,5,0,1,0,0,495,0,0,0,0,0,1,1,nan,nan,nan,nan,nan,nan,nan
10798,1,5,5,0,1,0,0,495,0,0,0,0,0,1,1,nan,nan,nan,nan,nan,nan,nan
10799,1,5,5,0,0,0,0,495,0,0,0,0,0,0,1,nan,nan,nan,nan,42.61820399021781,nan,nan
10800,1,5,5,0,0,0,0,495,0,0,0,0,0,0,1,nan,nan,nan,nan,nan,nan,nan
10801,1,5,5,0,0,0,0,495,0,0,0,0,0,0,1,nan,nan,nan,nan,nan,nan,nan
10802,1,5,5,0,0,0,0,495,0,0,0,0,0,0,1,nan,nan,nan,nan,nan,nan,nan
10803,1,5,5,0,0,0,0,495,2,0,0,0,0,0,1,14.989441002828244,nan,nan,nan,nan,nan,nan
10804,1,5,5,0,0,0,0,495,2,0,0,0,0,0,1,nan,nan,nan,nan,nan,nan,nan
10805,1,5,5,0,0,0,0,495,2,2,0,0,0,0,1,nan,22.447602959113283,nan,nan,nan,nan,nan
10806,1,5,5,0,0,0,0,495,2,2,0,0,0,0,1,nan,nan,nan,nan,nan,nan,nan
10807,1,5,5,0,0,0,0,495,2,2,0,0,0,0,1,nan,nan,nan,nan,nan,nan,nan
10808,1,5,5,0,0,0,0,495,2,2,0,0,0,0,1,nan,nan,nan,nan,nan,nan,nan
10809,1,5,5,0,1,0,0,495,2,2,0,1,0,0,1,nan,nan,nan,32.15647855850693,nan,nan,nan
10810,1,5,5,0,1,0,0,495,2,2,0,1,0,0,1,nan,nan,nan,nan,nan,nan,nan
10811,1,5,5,0,1,0,0,495,2,2,0,1,0,0,1,nan,nan,nan,nan,nan,nan,nan
10812,1,5,5,0,1,0,0,495,2,2,0,1,0,0,1,nan,nan,nan,nan,nan,nan,nan
10813,1,5,5,0,1,0,0,495,2,2,0,1,0,0,1,nan,nan,nan,nan,nan,nan,nan
10814,1,5,5,0,1,0,0,495,2,2,0,1,0,0,1,nan,nan,nan,nan,nan,nan,nan
10815,1,5,5,0,1,0,0,495,2,2,0,1,0,0,1,nan,nan,nan,nan,nan,nan,nan
10816,1,5,5,0,1,0,0,495,2,2,0,1,0,0,1,nan,nan,nan,nan,nan,nan,nan
10817,1,5,5,0,1,0,0,495,2,2,0,1,0,0,1,nan,nan,nan,nan,nan,nan,nan
10818,1,5,5,0,1,0,0,495,0,0,0,0,0,0,1,nan,nan,28.723518791532115,nan,nan,nan,nan
10819,1,5,5,0,1,0,0,495,0,0,0,0,0,0,1,nan,nan,nan,nan,nan,nan,nan
10820,1,5,5,0,1,0,0,495,0,0,0,0,0,0,1,nan,nan,nan,nan,nan,nan,nan
10821,1,5,5,0,1,0,0,495,0,0,0,0,0,0,1,nan,nan,nan,nan,nan,nan,nan
10822,1,5,5,0,1,0,0,495,0,0,0,0,0,0,1,nan,nan,nan,nan,nan,nan,nan
10823,1,5,5,0,1,0,0,495,0,0,0,0,0,1,0,nan,nan,nan,nan,nan,50.421326273492014,nan
10824,1,5,5,0,1,0,0,495,0,0,0,0,0,1,0,nan,nan,nan,nan,nan,nan,nan
10825,1,5,5,0,1,0,0,495,0,0,0,0,0,1,0,nan,nan,nan,nan,nan,nan,nan
10826,1,5,5,0,0,0,0,495,0,0,0,0,0,0,0,nan,nan,nan,nan,26.775106566894465,nan,nan
10827,1,5,5,0,0,0,0,495,0,0,0,0,0,0,0,nan,nan,nan,nan,nan,nan,nan
10828,1,5,5,0,0,0,0,495,0,0,0,0,0,0,0,nan,nan,nan,nan,nan,nan,nan
10829,1,5,5,0,0,0,0,495,0,0,0,0,0,0,0,nan,nan,nan,nan,nan,nan,nan
10830,1,5,5,0,0,0,0,495,0,0,0,0,0,0,0,nan,nan,nan,nan,nan,nan,nan
10831,1,5,5,0,0,0,0,495,0,0,0,0,0,0,0,nan,nan,nan,nan,nan,nan,nan
10832,1,5,5,0,0,0,0,495,0,0,0,0,0,0,0,nan,nan,nan,nan,nan,nan,nan
10833,1,5,5,0,0,0,0,495,0,0,0,0,0,0,0,nan,nan,nan,nan,nan,nan,nan
10834,1,5,4,1,0,0,0,495,0,0,0,0,0,0,0,nan,nan,15.552655253392004,nan,nan,nan,nan
10835,1,5,4,1,0,0,0,495,0,0,0,0,0,0,0,nan,nan,nan,nan,nan,nan,nan
10836,1,5,4,1,0,0,0,495,0,0,0,0,0,0,0,nan,nan,nan,nan,nan,nan,nan
10837,1,5,4,1,0,0,0,495,0,0,0,0,0,0,0,nan,nan,nan,nan,nan,nan,nan
10838,1,5,4,1,0,0,1,495,0,0,0,0,0,1,0,nan,nan,nan,nan,nan,15.62191968224397,nan
10839,1,5,4,1,0,0,1,495,0,0,0,0,0,1,0,nan,nan,nan,nan,nan,nan,nan
10840,1,4,5,1,0,0,1,495,0,0,0,0,0,1,0,nan,35.246840115822124,nan,nan,nan,nan,nan
10841,1,4,5,1,0,0,1,495,0,0,0,0,0,1,0,nan,nan,nan,nan,nan,nan,nan
10842,1,4,5,1,0,0,1,495,0,0,0,0,0,1,0,nan,nan,nan,nan,nan,nan,nan
10843,1,5,5,1,0,0,1,495,0,0,0,0,0,1,0,40.657164086878765,nan,nan,nan,nan,nan,nan
10844,1,5,5,1,0,0,1,495,0,0,0,0,0,1,0,nan,nan,nan,nan,nan,nan,nan
10845,1,5,5,1,0,0,0,496,0,0,0,0,0,1,0,nan,nan,nan,nan,nan,nan,59.64541065513549
10846,1,5,5,0,1,0,0,496,0,0,0,0,0,1,0,nan,nan,nan,36.899560858437326,nan,nan,nan
10847,1,5,5,0,1,0,0,496,0,0,0,0,0,1,0,nan,nan,nan,nan,nan,nan,nan
10848,1,5,5,0,1,0,0,496,0,0,0,0,0,1,0,nan,nan,nan,nan,nan,nan,nan
10849,1,5,5,0,1,0,0,496,0,0,0,0,0,1,0,nan,nan,nan,nan,nan,nan,nan
10850,1,5,5,0,1,0,0,496,0,0,0,0,0,1,0,nan,nan,nan,nan,nan,nan,nan
10851,1,5,5,0,1,0,0,496,0,0,0,0,0,1,0,nan,nan,nan,nan,nan,nan,nan
10852,1,5,5,0,1,0,0,496,0,0,0,0,0,1,0,nan,nan,nan,nan,nan,nan,nan
10853,1,5,5,0,1,0,0,496,0,0,0,0,0,1,0,nan,nan,nan,nan,nan,nan,nan
10854,1,5,5,0,1,0,0,496,0,0,0,0,0,1,0,nan,nan,nan,nan,nan,nan,nan
10855,1,5,5,0,2,0,0,496,0,2,0,1,0,1,0,nan,14.623622691198761,nan,9.759099379452891,nan,nan,nan
10856,1,5,5,0,2,0,0,496,2,2,0,1,0,1,0,12.475899257502533,nan,nan,nan,nan,nan,nan
10857,1,5,5,0,2,0,0,496,2,2,0,1,0,1,0,nan,nan,nan,nan,nan,nan,nan
10858,1,5,5,0,2,0,0,496,2,2,0,1,0,1,0,nan,nan,nan,nan,nan,nan,nan
10859,1,5,5,0,2,0,0,496,0,0,0,0,0,1,0,nan,nan,25.610804135303624,nan,nan,nan,nan
10860,1,5,5,0,2,0,0,497,0,0,0,0,0,1,1,nan,nan,nan,nan,nan,nan,15.832999143131019
10861,1,5,5,0,2,0,0,497,0,0,0,0,0,1,1,nan,nan,nan,nan,nan,nan,nan
10862,1,5,5,0,1,0,0,497,0,0,0,0,0,0,1,nan,nan,nan,nan,36.63337241113186,nan,nan
10863,1,5,5,0,1,0,0,497,0,0,0,0,0,0,1,nan,nan,nan,nan,nan,nan,nan
10864,1,5,5,0,1,0,0,497,0,0,0,0,0,0,1,nan,nan,nan,nan,nan,nan,nan
10865,1,5,5,0,1,0,0,497,0,0,0,0,0,0,1,nan,nan,nan,nan,nan,nan,nan
10866,1,5,5,0,1,0,0,497,0,0,0,0,0,0,1,nan,nan,nan,nan,nan,nan,nan
10867,1,5,5,0,1,0,0,497,0,0,0,0,0,0,1,nan,nan,nan,nan,nan,nan,nan
10868,1,5,5,0,1,0,0,497,0,0,0,0,0,0,1,nan,nan,nan,nan,nan,nan,nan
10869,1,5,5,0,1,0,0,497,0,0,0,0,0,0,1,nan,nan,nan,nan,nan,nan,nan
10870,1,5,5,0,1,0,0,497,0,0,0,0,0,0,1,nan,nan,nan,nan,nan,nan,nan
10871,1,5,5,0,1,0,0,497,0,0,0,0,0,0,1,nan,nan,nan,nan,nan,nan,nan
10872,1,5,5,0,1,0,0,497,0,0,0,0,0,0,1,nan,nan,nan,nan,nan,nan,nan
10873,1,5,5,0,1,0,0,497,0,0,0,0,0,0,1,nan,nan,nan,nan,nan,nan,nan
10874,1,5,5,0,1,0,0,497,2,0,0,0,0,0,1,17.636686481573634,nan,nan,nan,nan,nan,nan
10875,1,5,5,0,1,0,0,497,2,0,0,0,0,0,1,nan,nan,nan,nan,nan,nan,nan
10876,1,5,5,0,1,0,0,497,2,0,0,0,0,0,1,nan,nan,nan,nan,nan,nan,nan
10877,1,5,5,0,1,0,0,497,2,0,0,0,0,0,1,nan,nan,nan,nan,nan,nan,nan
10878,1,5,5,0,1,0,0,497,2,0,0,0,0,0,1,nan,nan,nan,nan,nan,nan,nan
10879,1,5,5,0,1,0,0,497,2,0,0,0,0,0,1,nan,nan,nan,nan,nan,nan,nan
10880,1,5,5,0,2,0,0,497,2,0,0,1,0,0,1,nan,nan,nan,24.662779079151733,nan,nan,nan
10881,1,5,5,0,2,0,0,497,2,0,0,1,0,0,1,nan,nan,nan,nan,nan,nan,nan
10882,1,5,5,0,2,0,0,497,2,0,0,1,0,0,1,nan,nan,nan,nan,nan,nan,nan
10883,1,5,5,0,2,0,0,497,2,2,0,1,0,0,1,nan,27.89597933468758,nan,nan,nan,nan,nan
10884,1,5,5,0,1,1,0,497,2,2,0,1,0,0,1,nan,nan,nan,nan,21.78618464113424,nan,nan
10885,1,5,5,0,1,1,0,497,2,2,0,1,0,0,1,nan,nan,nan,nan,nan,nan,nan
10886,1,5,5,0,1,0,0,497,2,2,0,1,0,0,0,nan,nan,nan,nan,nan,47.47886741984439,nan
10887,1,5,5,0,1,0,0,497,2,2,0,1,0,0,0,nan,nan,nan,nan,nan,nan,nan
10888,1,5,5,0,1,0,0,497,2,2,0,1,0,0,0,nan,nan,nan,nan,nan,nan,nan
10889,1,5,5,0,1,0,0,497,2,2,0,1,0,0,0,nan,nan,nan,nan,nan,nan,nan
10890,1,5,5,0,1,0,0,497,2,2,0,1,0,0,0,nan,nan,nan,nan,nan,nan,nan
10891,1,5,5,0,1,0,0,497,2,2,0,1,0,0,0,nan,nan,nan,nan,nan,nan,nan
10892,1,5,5,0,1,0,0,497,2,2,0,1,0,0,0,nan,nan,nan,nan,nan,nan,nan
10893,1,5,5,0,1,0,0,497,2,2,0,1,0,0,0,nan,nan,nan,nan,nan,nan,nan
10894,1,5,5,0,1,0,0,497,2,2,0,1,0,0,0,nan,nan,nan,nan,nan,nan,nan
10895,1,5,5,0,1,0,0,497,2,2,0,1,0,0,0,nan,nan,nan,nan,nan,nan,nan
10896,1,5,5,0,1,0,0,497,0,0,0,0,0,0,0,nan,nan,36.22013836726546,nan,nan,nan,nan
10897,1,5,5,0,1,0,0,497,0,0,0,0,0,0,0,nan,nan,nan,nan,nan,nan,nan
10898,1,5,5,0,0,1,0,497,0,0,0,0,0,0,0,nan,nan,nan,nan,13.42353923238079,nan,nan
10899,1,5,5,0,0,1,0,497,0,0,0,0,0,0,0,nan,nan,nan,nan,nan,nan,nan
10900,1,5,5,0,0,1,0,497,0,0,0,0,0,0,0,nan,nan,nan,nan,nan,nan,nan
10901,1,5,5,0,0,1,0,497,0,0,0,0,0,0,0,nan,nan,nan,nan,nan,nan,nan
10902,1,5,5,0,0,1,0,497,0,0,0,0,0,0,0,nan,nan,nan,nan,nan,nan,nan
10903,1,5,5,0,0,1,0,497,0,0,0,0,0,0,0,nan,nan,nan,nan,nan,nan,nan
10904,1,5,5,0,0,1,0,497,0,0,0,0,0,0,0,nan,nan,nan,nan,nan,nan,nan
10905,1,5,5,0,0,1,0,497,0,0,0,0,0,0,0,nan,nan,nan,nan,nan,nan,nan
10906,1,5,5,0,1,1,0,497,0,0,0,1,0,0,0,nan,nan,nan,25.84234539100362,nan,nan,nan
10907,1,5,5,0,1,1,0,497,0,0,0,1,0,0,0,nan,nan,nan,nan,nan,nan,nan
10908,1,5,5,0,1,0,1,497,0,0,0,1,0,0,0,nan,nan,nan,nan,nan,21.873379344544446,nan
10909,1,5,5,0,1,0,0,498,0,0,0,1,0,0,0,nan,nan,nan,nan,nan,nan,48.6224270533221
10910,1,5,5,0,1,0,0,498,0,0,0,1,0,0,0,nan,nan,nan,nan,nan,nan,nan
10911,1,5,5,0,1,0,0,498,0,0,0,1,0,0,0,nan,nan,nan,nan,nan,nan,nan
10912,1,5,5,0,1,0,0,498,2,0,0,1,0,0,0,38.602367361494544,nan,nan,nan,nan,nan,nan
10913,1,5,5,0,1,0,0,498,2,0,0,1,0,0,0,nan,nan,nan,nan,nan,nan,nan
10914,1,5,5,0,1,0,0,498,2,0,0,1,0,0,0,nan,nan,nan,nan,nan,nan,nan
10915,1,5,5,0,0,1,0,498,2,0,0,1,0,0,0,nan,nan,nan,nan,17.127379246096098,nan,nan
10916,1,5,5,0,0,1,0,498,0,0,0,0,0,0,0,nan,33.251227176622706,20.170981029730683,nan,nan,nan,nan
10917,1,5,5,0,0,0,1,498,0,0,0,0,0,0,0,nan,nan,nan,nan,nan,9.65402811212698,nan
10918,1,5,5,0,0,0,1,498,0,0,0,0,0,0,0,nan,nan,nan,nan,nan,nan,nan
10919,1,5,5,0,0,0,1,498,0,0,0,0,0,0,0,nan,nan,nan,nan,nan,nan,nan
10920,1,5,5,0,0,0,1,498,0,0,0,0,0,0,0,nan,nan,nan,nan,nan,nan,nan
10921,1,5,5,0,0,0,1,498,0,0,0,0,0,0,0,nan,nan,nan,nan,nan,nan,nan
10922,1,5,5,0,0,0,1,498,0,0,0,0,0,0,0,nan,nan,nan,nan,nan,nan,nan
10923,1,5,5,0,0,0,1,498,0,0,0,0,0,0,0,nan,nan,nan,nan,nan,nan,nan
10924,1,5,5,0,0,0,1,498,0,0,0,0,0,0,0,nan,nan,nan,nan,nan,nan,nan
10925,1,5,5,0,0,0,0,499,0,0,0,0,0,0,0,nan,nan,nan,nan,nan,nan,16.044024911083397
10926,1,5,5,0,0,0,0,499,0,0,0,0,0,0,0,nan,nan,nan,nan,nan,nan,nan
10927,1,5,5,0,0,0,0,499,0,0,0,0,0,0,0,nan,nan,nan,nan,nan,nan,nan
10928,1,5,5,0,0,0,0,499,0,0,0,0,0,0,0,nan,nan,nan,nan,nan,nan,nan
10929,1,5,5,0,0,0,0,499,2,0,0,0,0,0,0,16.838050928055964,nan,nan,nan,nan,nan,nan
10930,1,5,5,0,0,0,0,499,2,0,0,0,0,0,0,nan,nan,nan,nan,nan,nan,nan
10931,1,5,5,0,0,0,0,499,2,0,0,0,0,0,0,nan,nan,nan,nan,nan,nan,nan
10932,1,5,5,0,0,1,0,499,2,0,0,0,1,0,0,nan,nan,nan,nan,16.87942090199431,nan,nan
10933,1,5,5,0,0,1,0,499,2,0,0,0,1,0,0,nan,nan,nan,nan,nan,nan,nan
10934,1,5,5,0,0,1,0,499,2,0,0,1,0,0,0,nan,nan,nan,27.7026142805189,nan,nan,nan
10935,1,5,5,0,0,1,0,499,2,0,0,1,0,0,0,nan,nan,nan,nan,nan,nan,nan
10936,1,5,5,0,0,1,0,499,2,0,0,1,0,0,0,nan,nan,nan,nan,nan,nan,nan
10937,1,5,5,0,0,0,1,499,2,0,0,1,0,0,0,nan,nan,nan,nan,nan,19.413302353050312,nan
10938,1,5,5,0,0,0,0,500,2,0,0,1,0,0,0,nan,nan,nan,nan,nan,nan,12.672509650696156
10939,1,5,5,0,0,0,0,500,2,0,0,1,0,0,0,nan,nan,nan,nan,nan,nan,nan
10940,1,5,5,0,0,0,0,500,2,0,0,1,0,0,0,nan,nan,nan,nan,nan,nan,nan
10941,1,5,5,0,0,0,0,500,2,2,0,1,0,0,0,nan,24.835394493773492,nan,nan,nan,nan,nan
10942,1,5,5,0,0,0,0,500,2,2,0,1,0,0,0,nan,nan,nan,nan,nan,nan,nan
10943,1,5,5,0,0,0,0,500,2,2,0,1,0,0,0,nan,nan,nan,nan,nan,nan,nan
10944,1,5,5,0,0,0,0,500,2,2,0,1,0,0,0,nan,nan,nan,nan,nan,nan,nan
10945,1,5,5,0,0,1,0,500,2,2,0,1,1,0,0,nan,nan,nan,nan,13.143546219938798,nan,nan
10946,1,5,5,0,0,1,0,500,2,2,0,1,1,0,0,nan,nan,nan,nan,nan,nan,nan
10947,1,5,5,0,0,1,0,500,2,2,0,1,1,0,0,nan,nan,nan,nan,nan,nan,nan
10948,1,5,5,0,0,1,0,500,2,2,0,1,1,0,0,nan,nan,nan,nan,nan,nan,nan
10949,1,5,5,0,0,1,0,500,0,0,0,0,1,0,0,nan,nan,32.81530747167744,nan,nan,nan,nan
10950,1,5,5,0,0,1,0,500,0,0,0,0,1,0,0,nan,nan,nan,nan,nan,nan,nan
10951,1,5,5,0,0,1,0,500,0,0,0,0,1,0,0,nan,nan,nan,nan,nan,nan,nan
10952,1,5,5,0,0,1,0,500,0,0,0,0,1,0,0,nan,nan,nan,nan,nan,nan,nan
10953,1,5,5,0,0,1,0,500,0,0,0,0,1,0,0,nan,nan,nan,nan,nan,nan,nan
10954,1,5,5,0,0,1,0,500,0,0,0,0,1,0,0,nan,nan,nan,nan,nan,nan,nan
10955,1,5,5,0,0,1,0,500,0,0,0,0,1,0,0,nan,nan,nan,nan,nan,nan,nan
10956,1,5,5,0,0,1,0,500,0,0,0,0,1,0,0,nan,nan,nan,nan,nan,nan,nan
10957,1,5,5,0,0,1,0,500,0,0,0,0,1,0,0,nan,nan,nan,nan,nan,nan,nan
10958,1,5,5,0,0,1,0,500,0,0,0,0,1,0,0,nan,nan,nan,nan,nan,nan,nan
10959,1,5,5,0,0,1,0,500,0,0,0,0,1,0,0,nan,nan,nan,nan,nan,nan,nan
10960,1,5,5,0,0,0,1,500,0,2,0,0,1,0,0,nan,19.638311282509676,nan,nan,nan,22.89548960094362,nan
10961,1,5,5,0,0,0,1,500,0,2,0,0,1,0,0,nan,nan,nan,nan,nan,nan,nan
10962,1,5,5,0,0,0,1,500,0,2,0,0,1,0,0,nan,nan,nan,nan,nan,nan,nan
10963,1,5,5,0,0,0,1,500,0,2,0,0,1,0,0,nan,nan,nan,nan,nan,nan,nan
10964,1,5,5,0,0,0,1,500,0,2,0,1,0,0,0,nan,nan,nan,30.510443216055137,nan,nan,nan
10965,1,5,5,0,0,0,1,500,0,2,0,1,0,0,0,nan,nan,nan,nan,nan,nan,nan
10966,1,5,5,0,0,0,0,501,0,2,0,1,0,0,0,nan,nan,nan,nan,nan,nan,28.767983821759117
10967,1,5,5,0,0,0,0,501,0,2,0,1,0,0,0,nan,nan,nan,nan,nan,nan,nan
10968,1,5,5,0,0,0,0,501,0,2,0,1,0,0,0,nan,nan,nan,nan,nan,nan,nan
10969,1,5,5,0,0,0,0,501,0,2,0,1,0,0,0,nan,nan,nan,nan,nan,nan,nan
10970,1,5,5,0,0,0,0,501,2,2,0,1,0,0,0,40.76579422190116,nan,nan,nan,nan,nan,nan
10971,1,5,5,0,0,0,0,501,2,2,0,1,0,0,0,nan,nan,nan,nan,nan,nan,nan
10972,1,5,5,0,0,0,0,501,2,2,0,1,0,0,0,nan,nan,nan,nan,nan,nan,nan
10973,1,5,5,0,0,0,0,501,2,2,0,1,0,0,0,nan,nan,nan,nan,nan,nan,nan
10974,1,5,5,0,0,0,0,501,2,2,0,1,0,0,0,nan,nan,nan,nan,nan,nan,nan
10975,1,5,5,0,0,0,0,501,0,0,0,0,0,0,0,nan,nan,26.057822157497867,nan,nan,nan,nan
10976,1,5,5,0,0,0,0,501,0,0,0,0,0,0,0,nan,nan,nan,nan,nan,nan,nan
10977,1,5,5,0,0,0,0,501,0,0,0,0,0,0,0,nan,nan,nan,nan,nan,nan,nan
10978,1,5,5,0,0,1,0,501,0,0,0,0,1,0,0,nan,nan,nan,nan,33.31838985008653,nan,nan
10979,1,5,5,0,0,1,0,501,0,0,0,0,1,0,0,nan,nan,nan,nan,nan,nan,nan
10980,1,5,5,0,0,1,0,501,0,0,0,0,1,0,0,nan,nan,nan,nan,nan,nan,nan
10981,1,5,5,0,0,1,0,501,0,0,0,0,1,0,0,nan,nan,nan,nan,nan,nan,nan
10982,1,5,5,0,0,1,0,501,0,0,0,0,1,0,0,nan,nan,nan,nan,nan,nan,nan
10983,1,5,5,0,0,1,0,501,0,0,0,0,1,0,0,nan,nan,nan,nan,nan,nan,nan
10984,1,5,5,0,0,0,1,501,0,0,0,0,1,0,0,nan,nan,nan,nan,nan,24.10260009455851,nan
10985,1,5,5,0,0,0,1,501,0,0,0,0,1,0,0,nan,nan,nan,nan,nan,nan,nan
10986,1,5,5,0,0,0,1,501,0,0,0,0,1,0,0,nan,nan,nan,nan,nan,nan,nan
10987,1,5,5,0,0,0,1,501,0,0,0,0,1,0,0,nan,nan,nan,nan,nan,nan,nan
10988,1,5,5,0,0,0,1,501,2,0,0,0,1,0,0,17.937053799951173,nan,nan,nan,nan,nan,nan
10989,1,5,5,0,0,0,1,501,2,0,0,0,1,0,0,nan,nan,nan,nan,nan,nan,nan
10990,1,5,5,0,0,0,1,501,2,0,0,0,1,0,0,nan,nan,nan,nan,nan,nan,nan
10991,1,5,5,0,0,0,1,501,2,0,0,0,1,0,0,nan,nan,nan,nan,nan,nan,nan
10992,1,5,5,0,0,0,1,501,2,2,0,0,1,0,0,nan,31.304181687673918,nan,nan,nan,nan,nan
10993,1,5,5,0,0,0,1,501,2,2,0,0,1,0,0,nan,nan,nan,nan,nan,nan,nan
10994,1,5,5,0,0,0,0,502,2,2,0,0,1,0,0,nan,nan,nan,nan,nan,nan,27.191751041720636
10995,1,5,5,0,0,0,0,502,2,2,0,0,1,0,0,nan,nan,nan,nan,nan,nan,nan
10996,1,5,5,0,0,0,0,502,2,2,0,0,1,0,0,nan,nan,nan,nan,nan,nan,nan
10997,1,5,5,0,0,0,0,502,2,2,0,0,1,0,0,nan,nan,nan,nan,nan,nan,nan
10998,1,5,5,0,0,0,0,502,2,2,0,0,1,0,0,nan,nan,nan,nan,nan,nan,nan
10999,1,5,5,0,0,0,0,502,2,2,0,0,1,0,0,nan,nan,nan,nan,nan,nan,nan
11000,1,5,5,0,0,0,0,502,2,2,0,0,1,0,0,nan,nan,nan,nan,nan,nan,nan
11001,1,5,5,0,0,0,1,502,2,2,0,1,0,1,0,nan,nan,nan,37.11410061677634,nan,17.387796225344573,nan
11002,1,5,5,0,0,0,1,502,2,2,0,1,0,1,0,nan,nan,nan,nan,nan,nan,nan
11003,1,5,5,0,0,0,1,502,2,2,0,1,0,1,0,nan,nan,nan,nan,nan,nan,nan
11004,1,5,5,0,0,0,0,503,2,2,0,1,0,1,0,nan,nan,nan,nan,nan,nan,10.028679281736913
11005,1,5,5,0,0,0,0,503,2,2,0,1,0,1,0,nan,nan,nan,nan,nan,nan,nan
11006,1,5,5,0,0,0,0,503,2,2,0,1,0,1,0,nan,nan,nan,nan,nan,nan,nan
11007,1,5,5,0,0,0,0,503,2,2,0,1,0,1,0,nan,nan,nan,nan,nan,nan,nan
11008,1,5,5,0,0,0,0,503,2,2,0,1,0,1,0,nan,nan,nan,nan,nan,nan,nan
11009,1,5,5,0,0,0,0,503,2,2,0,1,0,1,0,nan,nan,nan,nan,nan,nan,nan
11010,1,5,5,0,0,0,0,503,2,2,0,1,0,1,0,nan,nan,nan,nan,nan,nan,nan
11011,1,5,5,0,0,0,0,503,2,2,0,1,0,1,0,nan,nan,nan,nan,nan,nan,nan
11012,1,5,5,0,0,0,0,503,2,2,0,1,0,1,0,nan,nan,nan,nan,nan,nan,nan
11013,1,5,5,0,0,0,0,503,2,2,0,1,0,1,0,nan,nan,nan,nan,nan,nan,nan
11014,1,5,5,0,0,0,0,503,2,2,0,1,0,1,0,nan,nan,nan,nan,nan,nan,nan
11015,1,5,5,0,0,0,0,503,0,0,0,0,0,1,0,nan,nan,40.227649414266125,nan,nan,nan,nan
11016,1,5,5,0,0,0,0,503,0,0,0,0,0,1,0,nan,nan,nan,nan,nan,nan,nan
11017,1,5,5,0,0,0,0,503,0,0,0,0,0,1,0,nan,nan,nan,nan,nan,nan,nan
11018,1,5,5,0,0,0,0,503,0,0,0,0,0,1,0,nan,nan,nan,nan,nan,nan,nan
11019,1,5,5,0,0,0,0,503,0,0,0,0,0,1,0,nan,nan,nan,nan,nan,nan,nan
11020,1,5,5,0,0,0,0,503,0,0,0,0,0,1,0,nan,nan,nan,nan,nan,nan,nan
11021,1,5,5,0,0,0,0,503,0,0,0,0,0,1,0,nan,nan,nan,nan,nan,nan,nan
11022,1,5,5,0,0,0,0,503,0,0,0,0,0,1,0,nan,nan,nan,nan,nan,nan,nan
11023,1,5,5,0,0,0,0,503,0,0,0,0,0,1,0,nan,nan,nan,nan,nan,nan,nan
11024,1,5,5,0,0,0,0,504,0,0,0,0,0,1,1,nan,nan,nan,nan,nan,nan,20.026926926695523
11025,1,5,5,0,0,0,0,504,0,0,0,0,1,0,1,nan,nan,nan,nan,46.906978551898646,nan,nan
11026,1,5,4,1,0,0,0,504,0,0,0,0,1,0,1,nan,nan,11.646438286317789,nan,nan,nan,nan
11027,1,5,4,1,0,0,0,504,0,0,0,0,1,0,1,nan,nan,nan,nan,nan,nan,nan
11028,1,4,5,1,0,0,0,504,0,0,0,0,1,0,1,nan,35.73113751123674,nan,nan,nan,nan,nan
11029,1,4,5,1,0,0,0,504,0,0,0,0,1,0,1,nan,nan,nan,nan,nan,nan,nan
11030,1,4,5,1,0,0,0,504,0,0,0,0,1,0,1,nan,nan,nan,nan,nan,nan,nan
11031,1,4,5,1,0,0,0,504,0,0,0,0,1,0,1,nan,nan,nan,nan,nan,nan,nan
11032,1,4,5,1,0,0,0,504,0,0,0,0,1,0,1,nan,nan,nan,nan,nan,nan,nan
11033,1,4,5,1,0,0,0,504,0,0,0,0,1,0,1,nan,nan,nan,nan,nan,nan,nan
11034,1,4,5,1,0,0,0,504,0,0,0,0,1,0,1,nan,nan,nan,nan,nan,nan,nan
11035,1,4,5,1,0,0,0,504,0,0,0,0,1,0,1,nan,nan,nan,nan,nan,nan,nan
11036,1,4,5,0,0,0,0,504,0,0,0,0,0,0,1,nan,nan,nan,34.43511745168689,nan,nan,nan
11037,1,4,5,0,0,0,0,504,0,0,0,0,0,0,1,nan,nan,nan,nan,nan,nan,nan
11038,1,4,5,0,0,0,0,504,0,0,0,0,0,0,1,nan,nan,nan,nan,nan,nan,nan
11039,1,4,5,0,0,0,0,504,0,2,0,0,0,0,1,nan,11.416018413085112,nan,nan,nan,nan,nan
11040,1,4,5,0,0,0,0,504,0,2,0,0,0,0,1,nan,nan,nan,nan,nan,nan,nan
11041,1,4,5,0,0,0,0,504,0,2,0,0,0,0,1,nan,nan,nan,nan,nan,nan,nan
11042,1,4,5,0,0,0,0,504,0,2,0,0,0,0,1,nan,nan,nan,nan,nan,nan,nan
11043,1,4,5,0,0,0,0,504,0,2,0,0,0,0,1,nan,nan,nan,nan,nan,nan,nan
11044,1,4,5,0,0,0,0,504,0,2,0,0,0,0,1,nan,nan,nan,nan,nan,nan,nan
11045,1,5,5,0,0,0,0,504,0,2,0,0,0,0,1,57.27501511592891,nan,nan,nan,nan,nan,nan
11046,1,5,5,0,0,0,0,504,0,2,0,0,0,0,1,nan,nan,nan,nan,nan,nan,nan
11047,1,4,5,1,0,0,0,504,0,0,0,0,0,0,1,nan,nan,20.353426430841864,nan,nan,nan,nan
11048,1,4,5,1,0,0,0,504,0,0,0,0,0,0,1,nan,nan,nan,nan,nan,nan,nan
11049,1,4,5,1,0,0,0,504,0,0,0,0,0,0,1,nan,nan,nan,nan,nan,nan,nan
11050,1,4,5,1,0,1,0,504,0,0,0,0,1,0,1,nan,nan,nan,nan,24.66491814651272,nan,nan
11051,1,4,5,1,0,0,0,504,0,0,0,0,1,0,0,nan,nan,nan,nan,nan,49.55458987296697,nan
11052,1,4,5,1,0,0,0,504,0,0,0,0,1,0,0,nan,nan,nan,nan,nan,nan,nan
11053,1,4,5,1,0,0,0,504,0,0,0,0,1,0,0,nan,nan,nan,nan,nan,nan,nan
11054,1,4,5,1,0,0,0,504,0,0,0,0,1,0,0,nan,nan,nan,nan,nan,nan,nan
11055,1,4,5,1,0,0,0,504,0,0,0,0,1,0,0,nan,nan,nan,nan,nan,nan,nan
11056,1,4,5,1,0,0,0,504,0,0,0,0,1,0,0,nan,nan,nan,nan,nan,nan,nan
11057,1,4,5,1,0,0,0,504,0,0,0,0,1,0,0,nan,nan,nan,nan,nan,nan,nan
11058,1,4,5,1,0,0,0,504,0,0,0,0,1,0,0,nan,nan,nan,nan,nan,nan,nan
11059,1,4,5,0,0,0,0,504,0,0,0,0,0,0,0,nan,nan,nan,23.906100261468964,nan,nan,nan
11060,1,4,5,0,0,0,0,504,0,0,0,0,0,0,0,nan,nan,nan,nan,nan,nan,nan
11061,1,4,5,0,0,0,0,504,0,0,0,0,0,0,0,nan,nan,nan,nan,nan,nan,nan
11062,1,4,5,0,0,0,0,504,0,0,0,0,0,0,0,nan,nan,nan,nan,nan,nan,nan
11063,1,4,5,0,0,0,0,504,0,0,0,0,0,0,0,nan,nan,nan,nan,nan,nan,nan
11064,1,4,5,0,0,0,0,504,0,0,0,0,0,0,0,nan,nan,nan,nan,nan,nan,nan
11065,1,4,5,0,0,0,0,504,0,2,0,0,0,0,0,nan,26.397299452122752,nan,nan,nan,nan,nan
11066,1,5,5,0,0,0,1,504,0,2,0,0,0,1,0,21.066195634131873,nan,nan,nan,nan,15.403809159497541,nan
11067,1,5,5,0,0,0,1,504,0,2,0,0,0,1,0,nan,nan,nan,nan,nan,nan,nan
11068,1,5,5,0,0,0,1,504,0,2,0,0,0,1,0,nan,nan,nan,nan,nan,nan,nan
11069,1,5,5,0,0,0,1,504,0,2,0,0,0,1,0,nan,nan,nan,nan,nan,nan,nan
11070,1,5,5,0,0,0,1,504,0,2,0,0,0,1,0,nan,nan,nan,nan,nan,nan,nan
11071,1,5,5,0,0,0,0,505,0,2,0,0,0,1,0,nan,nan,nan,nan,nan,nan,47.134584008519596
11072,1,5,5,0,0,0,0,505,0,2,0,0,0,1,0,nan,nan,nan,nan,nan,nan,nan
11073,1,5,5,0,0,0,0,505,0,2,0,0,0,1,0,nan,nan,nan,nan,nan,nan,nan
11074,1,4,5,1,0,0,0,505,0,0,0,0,1,0,0,nan,nan,26.974334268936218,nan,24.526100115639565,nan,nan
11075,1,4,5,1,0,0,0,505,0,0,0,0,1,0,0,nan,nan,nan,nan,nan,nan,nan
11076,1,4,5,1,0,0,0,505,0,0,0,0,1,0,0,nan,nan,nan,nan,nan,nan,nan
11077,1,4,5,1,0,0,0,505,0,0,0,0,1,0,0,nan,nan,nan,nan,nan,nan,nan
11078,1,4,5,0,0,0,0,505,0,0,0,0,0,0,0,nan,nan,nan,18.403727721150062,nan,nan,nan
11079,1,4,5,0,0,0,0,505,0,0,0,0,0,0,0,nan,nan,nan,nan,nan,nan,nan
11080,1,4,5,0,0,0,0,506,0,0,0,0,0,0,1,nan,nan,nan,nan,nan,nan,9.497163309450116
11081,1,5,5,0,0,0,0,506,0,0,0,0,0,0,1,15.16840520277583,nan,nan,nan,nan,nan,nan
11082,1,5,5,0,0,0,0,506,0,0,0,0,0,0,1,nan,nan,nan,nan,nan,nan,nan
11083,1,5,5,0,0,0,0,506,0,0,0,0,0,0,1,nan,nan,nan,nan,nan,nan,nan
11084,1,5,5,0,0,0,0,506,0,0,0,0,0,0,1,nan,nan,nan,nan,nan,nan,nan
11085,1,5,5,0,0,0,0,506,0,0,0,0,0,0,1,nan,nan,nan,nan,nan,nan,nan
11086,1,5,5,0,0,0,0,506,0,0,0,0,0,0,1,nan,nan,nan,nan,nan,nan,nan
11087,1,4,5,1,0,0,0,506,0,0,0,0,0,0,1,nan,21.519688992577358,13.666746461054572,nan,nan,nan,nan
11088,1,4,5,1,0,0,0,506,0,0,0,0,0,0,1,nan,nan,nan,nan,nan,nan,nan
11089,1,4,5,1,0,0,0,506,0,0,0,0,0,0,1,nan,nan,nan,nan,nan,nan,nan
11090,1,4,5,1,0,0,0,506,0,0,0,0,0,0,1,nan,nan,nan,nan,nan,nan,nan
11091,1,4,5,1,0,0,0,506,0,0,0,0,0,0,1,nan,nan,nan,nan,nan,nan,nan
11092,1,4,5,1,0,0,0,506,0,0,0,0,0,0,1,nan,nan,nan,nan,nan,nan,nan
11093,1,4,5,1,0,1,0,506,0,0,0,0,1,0,1,nan,nan,nan,nan,18.764532598612277,nan,nan
11094,1,4,5,1,0,1,0,506,0,0,0,0,1,0,1,nan,nan,nan,nan,nan,nan,nan
11095,1,4,5,1,0,1,0,506,0,0,0,0,1,0,1,nan,nan,nan,nan,nan,nan,nan
11096,1,4,5,1,0,1,0,506,0,0,0,0,1,0,1,nan,nan,nan,nan,nan,nan,nan
11097,1,4,5,1,0,0,0,506,0,0,0,0,1,0,0,nan,nan,nan,nan,nan,31.25543527145419,nan
11098,1,4,5,1,0,0,0,506,0,2,0,0,1,0,0,nan,11.315483921931445,nan,nan,nan,nan,nan
11099,1,4,5,1,0,0,0,506,0,2,0,0,1,0,0,nan,nan,nan,nan,nan,nan,nan
11100,1,4,5,1,0,0,0,506,0,2,0,0,1,0,0,nan,nan,nan,nan,nan,nan,nan
11101,1,5,5,1,0,0,0,506,0,2,0,0,1,0,0,20.13139644727744,nan,nan,nan,nan,nan,nan
11102,1,4,5,2,0,0,0,506,0,0,0,0,1,0,0,nan,nan,14.77924293203614,nan,nan,nan,nan
11103,1,4,5,2,0,0,0,506,0,0,0,0,1,0,0,nan,nan,nan,nan,nan,nan,nan
11104,1,4,5,2,0,0,0,506,0,0,0,0,1,0,0,nan,nan,nan,nan,nan,nan,nan
11105,1,4,5,2,0,0,0,506,0,0,0,0,1,0,0,nan,nan,nan,nan,nan,nan,nan
11106,1,4,5,2,0,0,0,506,0,0,0,0,1,0,0,nan,nan,nan,nan,nan,nan,nan
11107,1,4,5,2,0,0,0,506,0,0,0,0,1,0,0,nan,nan,nan,nan,nan,nan,nan
11108,1,4,5,2,0,0,0,506,0,0,0,0,1,0,0,nan,nan,nan,nan,nan,nan,nan
11109,1,4,5,2,0,0,0,506,0,0,0,0,1,0,0,nan,nan,nan,nan,nan,nan,nan
11110,1,4,5,2,0,0,0,506,0,0,0,0,1,0,0,nan,nan,nan,nan,nan,nan,nan
11111,1,4,5,2,0,0,0,506,0,0,0,0,1,0,0,nan,nan,nan,nan,nan,nan,nan
11112,1,4,5,2,0,0,0,506,0,0,0,0,1,0,0,nan,nan,nan,nan,nan,nan,nan
11113,1,4,5,2,0,0,0,507,0,0,0,0,1,0,1,nan,nan,nan,nan,nan,nan,33.06029781182406
11114,1,4,5,2,0,0,0,507,0,0,0,0,1,0,1,nan,nan,nan,nan,nan,nan,nan
11115,1,4,5,1,0,0,0,507,0,0,0,0,0,0,1,nan,nan,nan,36.90998249576842,nan,nan,nan
11116,1,4,5,1,0,0,0,507,0,0,0,0,0,0,1,nan,nan,nan,nan,nan,nan,nan
11117,1,4,5,1,0,0,0,507,0,0,0,0,0,0,1,nan,nan,nan,nan,nan,nan,nan
11118,1,4,5,1,0,0,0,507,0,0,0,0,0,0,1,nan,nan,nan,nan,nan,nan,nan
11119,1,4,5,1,0,0,0,507,0,0,0,0,0,0,1,nan,nan,nan,nan,nan,nan,nan
11120,1,4,5,1,0,0,0,507,0,0,0,0,0,0,1,nan,nan,nan,nan,nan,nan,nan
11121,1,4,5,1,0,0,0,507,0,0,0,0,0,0,1,nan,nan,nan,nan,nan,nan,nan
11122,1,4,5,1,0,0,0,507,0,0,0,0,0,0,1,nan,nan,nan,nan,nan,nan,nan
11123,1,4,5,1,0,0,0,507,0,0,0,0,0,0,1,nan,nan,nan,nan,nan,nan,nan
11124,1,4,5,1,0,0,0,507,0,2,0,0,0,0,1,nan,26.185694536983647,nan,nan,nan,nan,nan
11125,1,4,5,1,0,0,0,507,0,2,0,0,0,0,1,nan,nan,nan,nan,nan,nan,nan
11126,1,3,5,2,0,0,0,507,0,0,0,0,0,0,1,nan,nan,23.49822223989213,nan,nan,nan,nan
11127,1,3,5,2,0,0,0,507,0,0,0,0,0,1,0,nan,nan,nan,nan,nan,29.40223282671832,nan
11128,1,3,5,2,0,0,0,507,0,0,0,0,0,1,0,nan,nan,nan,nan,nan,nan,nan
11129,1,3,5,2,0,0,0,507,0,0,0,0,0,1,0,nan,nan,nan,nan,nan,nan,nan
11130,1,3,5,2,0,0,0,507,0,0,0,0,0,1,0,nan,nan,nan,nan,nan,nan,nan
11131,1,3,5,2,0,0,0,507,0,0,0,0,0,1,0,nan,nan,nan,nan,nan,nan,nan
11132,1,3,5,2,0,0,0,507,0,0,0,0,0,1,0,nan,nan,nan,nan,nan,nan,nan
11133,1,3,5,2,0,0,0,507,0,0,0,0,0,1,0,nan,nan,nan,nan,nan,nan,nan
11134,1,4,5,2,0,0,0,507,0,0,0,0,0,1,0,33.205268186433386,nan,nan,nan,nan,nan,nan
11135,1,4,5,2,0,0,0,507,0,0,0,0,1,0,0,nan,nan,nan,nan,42.028290320262386,nan,nan
11136,1,4,5,2,0,0,0,507,0,0,0,0,1,0,0,nan,nan,nan,nan,nan,nan,nan
11137,1,4,5,2,0,0,0,507,0,0,0,0,1,0,0,nan,nan,nan,nan,nan,nan,nan
11138,1,4,5,2,0,0,0,507,0,0,0,0,1,0,0,nan,nan,nan,nan,nan,nan,nan
11139,1,4,5,2,0,0,0,507,0,0,0,0,1,0,0,nan,nan,nan,nan,nan,nan,nan
11140,1,4,5,2,0,0,0,507,0,0,0,0,1,0,0,nan,nan,nan,nan,nan,nan,nan
11141,1,4,5,2,0,0,0,507,0,2,0,0,1,0,0,nan,16.540271143545397,nan,nan,nan,nan,nan
11142,1,4,5,1,0,0,0,508,0,2,0,0,0,0,1,nan,nan,nan,27.081599867145997,nan,nan,28.286180975379466
11143,1,4,5,1,0,0,0,508,0,2,0,0,0,0,1,nan,nan,nan,nan,nan,nan,nan
11144,1,4,5,1,0,0,0,508,0,2,0,0,0,0,1,nan,nan,nan,nan,nan,nan,nan
11145,1,4,5,1,0,0,0,508,0,2,0,0,0,0,1,nan,nan,nan,nan,nan,nan,nan
11146,1,4,5,1,0,0,0,508,0,2,0,0,0,1,0,nan,nan,nan,nan,nan,18.894875118328855,nan
11147,1,3,5,2,0,0,0,508,0,0,0,0,0,1,0,nan,nan,21.215267964254963,nan,nan,nan,nan
11148,1,3,5,2,0,0,0,508,0,0,0,0,0,1,0,nan,nan,nan,nan,nan,nan,nan
11149,1,3,5,2,0,0,0,508,0,0,0,0,0,1,0,nan,nan,nan,nan,nan,nan,nan
11150,1,3,5,2,0,0,0,508,0,0,0,0,0,1,0,nan,nan,nan,nan,nan,nan,nan
11151,1,3,5,2,0,0,0,508,0,0,0,0,0,1,0,nan,nan,nan,nan,nan,nan,nan
11152,1,3,5,2,0,0,0,508,0,0,0,0,0,1,0,nan,nan,nan,nan,nan,nan,nan
11153,1,3,5,1,1,0,0,508,0,0,0,0,0,1,0,nan,nan,nan,10.923399228762719,nan,nan,nan
11154,1,3,5,1,1,0,0,508,0,0,0,0,0,1,0,nan,nan,nan,nan,nan,nan,nan
11155,1,3,5,1,0,0,0,508,0,0,0,0,0,0,0,nan,nan,nan,nan,20.18119397106784,nan,nan
11156,1,4,5,1,0,0,0,508,0,0,0,0,0,0,0,21.430702229634335,nan,nan,nan,nan,nan,nan
11157,1,4,5,1,0,0,0,508,0,0,0,0,0,0,0,nan,nan,nan,nan,nan,nan,nan
11158,1,4,5,1,0,0,0,508,0,0,0,0,0,0,0,nan,nan,nan,nan,nan,nan,nan
11159,1,4,5,1,0,0,0,508,0,0,0,0,0,0,0,nan,nan,nan,nan,nan,nan,nan
11160,1,4,5,1,0,0,0,508,0,0,0,0,0,0,0,nan,nan,nan,nan,nan,nan,nan
11161,1,4,5,1,0,0,0,508,0,0,0,0,0,0,0,nan,nan,nan,nan,nan,nan,nan
11162,1,4,5,1,0,0,0,509,0,0,0,0,0,0,1,nan,nan,nan,nan,nan,nan,20.088525956498415
11163,1,4,4,2,0,0,0,509,0,0,0,0,0,0,1,nan,nan,16.045355549791566,nan,nan,nan,nan
11164,1,3,5,2,0,1,0,509,0,0,0,0,1,0,1,nan,23.14276771335608,nan,nan,8.668488678184076,nan,nan
11165,1,3,5,2,0,1,0,509,0,0,0,0,1,0,1,nan,nan,nan,nan,nan,nan,nan
11166,1,3,5,2,0,1,0,509,0,0,0,0,1,0,1,nan,nan,nan,nan,nan,nan,nan
11167,1,3,5,1,0,1,0,509,0,0,0,0,0,0,1,nan,nan,nan,13.907382743362177,nan,nan,nan
11168,1,3,5,1,0,1,0,509,0,0,0,0,0,0,1,nan,nan,nan,nan,nan,nan,nan
11169,1,4,5,1,0,1,0,509,0,0,0,0,0,0,1,13.55528756563217,nan,nan,nan,nan,nan,nan
11170,1,4,5,1,0,1,0,509,0,0,0,0,0,0,1,nan,nan,nan,nan,nan,nan,nan
11171,1,4,5,1,0,1,0,509,0,0,0,0,0,0,1,nan,nan,nan,nan,nan,nan,nan
11172,1,4,5,1,0,1,0,509,0,0,0,0,0,0,1,nan,nan,nan,nan,nan,nan,nan
11173,1,4,5,1,0,1,0,509,0,0,0,0,0,0,1,nan,nan,nan,nan,nan,nan,nan
11174,1,4,5,1,0,1,0,509,0,0,0,0,0,0,1,nan,nan,nan,nan,nan,nan,nan
11175,1,4,5,1,0,1,0,509,0,0,0,0,0,0,1,nan,nan,nan,nan,nan,nan,nan
11176,1,4,5,1,0,1,0,509,0,0,0,0,0,0,1,nan,nan,nan,nan,nan,nan,nan
11177,1,4,5,1,0,1,0,509,0,0,0,0,0,0,1,nan,nan,nan,nan,nan,nan,nan
11178,1,4,5,1,0,1,0,509,0,0,0,0,0,0,1,nan,nan,nan,nan,nan,nan,nan
11179,1,4,4,2,0,1,0,509,0,0,0,0,0,0,1,nan,nan,15.87415451436209,nan,nan,nan,nan
11180,1,4,4,2,0,1,0,509,0,0,0,0,0,0,1,nan,nan,nan,nan,nan,nan,nan
11181,1,4,4,2,0,1,0,509,0,0,0,0,0,0,1,nan,nan,nan,nan,nan,nan,nan
11182,1,4,4,2,0,1,0,509,0,0,0,0,0,0,1,nan,nan,nan,nan,nan,nan,nan
11183,1,4,4,2,0,1,0,509,0,0,0,0,0,0,1,nan,nan,nan,nan,nan,nan,nan
11184,1,4,4,2,0,2,0,509,0,0,0,0,1,0,1,nan,nan,nan,nan,20.50304385974232,nan,nan
11185,1,5,4,1,0,2,0,509,0,0,0,0,0,0,1,15.896898441216763,nan,nan,18.066279832164582,nan,nan,nan
11186,1,5,4,1,0,2,0,509,0,0,0,0,0,0,1,nan,nan,nan,nan,nan,nan,nan
11187,1,4,5,1,0,2,0,509,0,0,0,0,0,0,1,nan,22.862007353298395,nan,nan,nan,nan,nan
11188,1,4,5,1,0,2,0,509,0,0,0,0,0,0,1,nan,nan,nan,nan,nan,nan,nan
11189,1,4,5,1,0,2,0,509,0,0,0,0,0,0,1,nan,nan,nan,nan,nan,nan,nan
11190,1,4,5,1,0,2,0,509,0,0,0,0,0,0,1,nan,nan,nan,nan,nan,nan,nan
11191,1,4,5,1,0,2,0,509,0,0,0,0,0,0,1,nan,nan,nan,nan,nan,nan,nan
11192,1,4,5,1,0,2,0,509,0,0,0,0,0,0,1,nan,nan,nan,nan,nan,nan,nan
11193,1,4,5,1,0,2,0,509,0,0,0,0,0,0,1,nan,nan,nan,nan,nan,nan,nan
11194,1,4,5,1,0,2,0,509,0,0,0,0,0,0,1,nan,nan,nan,nan,nan,nan,nan
11195,1,4,5,1,0,2,0,509,0,0,0,0,0,0,1,nan,nan,nan,nan,nan,nan,nan
11196,1,4,5,1,0,2,0,509,0,0,0,0,0,0,1,nan,nan,nan,nan,nan,nan,nan
11197,1,4,5,0,1,1,0,509,0,0,0,0,0,0,0,nan,nan,nan,12.651870473750023,nan,50.98640560560125,nan
11198,1,4,5,0,1,1,0,509,0,0,0,0,0,0,0,nan,nan,nan,nan,nan,nan,nan
11199,1,5,5,0,1,1,0,509,0,0,0,0,0,0,0,14.120627992489972,nan,nan,nan,nan,nan,nan
11200,1,5,5,0,1,1,0,509,0,0,0,0,0,0,0,nan,nan,nan,nan,nan,nan,nan
11201,1,5,5,0,1,1,0,509,0,0,0,0,0,0,0,nan,nan,nan,nan,nan,nan,nan
11202,1,5,5,0,1,1,0,509,0,0,0,0,0,0,0,nan,nan,nan,nan,nan,nan,nan
11203,1,5,5,0,1,1,0,509,0,0,0,0,0,0,0,nan,nan,nan,nan,nan,nan,nan
11204,1,4,5,1,0,2,0,509,0,0,0,0,0,0,0,nan,17.50244188175202,25.01792145886793,nan,19.400872714473735,nan,nan
11205,1,4,5,1,0,2,0,509,0,0,0,0,0,0,0,nan,nan,nan,nan,nan,nan,nan
11206,1,4,5,1,0,2,0,509,0,0,0,0,0,0,0,nan,nan,nan,nan,nan,nan,nan
11207,1,4,5,1,0,2,0,509,0,0,0,0,0,0,0,nan,nan,nan,nan,nan,nan,nan
11208,1,4,5,1,0,2,0,509,0,0,0,0,0,0,0,nan,nan,nan,nan,nan,nan,nan
11209,1,4,5,1,0,2,0,509,0,0,0,0,0,0,0,nan,nan,nan,nan,nan,nan,nan
11210,1,4,5,1,0,2,0,509,0,0,0,0,0,0,0,nan,nan,nan,nan,nan,nan,nan
11211,1,5,5,1,0,2,0,509,0,0,0,0,0,0,0,11.07518881035503,nan,nan,nan,nan,nan,nan
11212,1,5,5,0,1,2,0,509,0,0,0,0,0,0,0,nan,nan,nan,15.058083293894015,nan,nan,nan
11213,1,5,5,0,1,2,0,509,0,0,0,0,0,0,0,nan,nan,nan,nan,nan,nan,nan
11214,1,5,5,0,1,2,0,509,0,0,0,0,0,0,0,nan,nan,nan,nan,nan,nan,nan
11215,1,5,5,0,1,2,0,509,0,0,0,0,0,0,0,nan,nan,nan,nan,nan,nan,nan
11216,1,5,5,0,1,2,0,509,0,0,0,0,0,0,0,nan,nan,nan,nan,nan,nan,nan
11217,1,5,5,0,1,2,0,509,0,0,0,0,0,0,0,nan,nan,nan,nan,nan,nan,nan
11218,1,5,5,0,1,1,1,509,0,0,0,0,0,0,0,nan,nan,nan,nan,nan,20.8367289466878,nan
11219,1,5,5,0,1,1,1,509,0,2,0,0,0,0,0,nan,14.846435723156901,nan,nan,nan,nan,nan
11220,1,5,5,0,1,1,1,509,0,2,0,0,0,0,0,nan,nan,nan,nan,nan,nan,nan
11221,1,5,5,0,1,1,1,509,0,2,0,0,0,0,0,nan,nan,nan,nan,nan,nan,nan
11222,1,5,5,0,1,1,1,509,0,2,0,0,0,0,0,nan,nan,nan,nan,nan,nan,nan
11223,1,5,5,0,1,1,1,509,2,2,0,0,0,0,0,12.771663678817276,nan,nan,nan,nan,nan,nan
11224,1,5,5,0,1,1,1,509,2,2,0,0,0,0,0,nan,nan,nan,nan,nan,nan,nan
11225,1,5,5,0,1,1,1,509,2,2,0,0,0,0,0,nan,nan,nan,nan,nan,nan,nan
11226,1,5,5,0,1,1,0,510,2,2,0,0,0,0,0,nan,nan,nan,nan,nan,nan,63.765122066626645
11227,1,5,5,0,1,1,0,510,2,2,0,0,0,0,0,nan,nan,nan,nan,nan,nan,nan
11228,1,5,5,0,0,2,0,510,2,2,0,0,0,0,0,nan,nan,nan,nan,24.03578915325852,nan,nan
11229,1,5,5,0,1,1,1,510,0,0,0,0,0,0,0,nan,nan,25.022235252585233,16.33513080035482,nan,11.11162335370318,nan
11230,1,5,5,0,1,1,1,510,0,0,0,0,0,0,0,nan,nan,nan,nan,nan,nan,nan
11231,1,5,5,0,1,1,1,510,0,0,0,0,0,0,0,nan,nan,nan,nan,nan,nan,nan
11232,1,5,5,0,1,1,1,510,0,0,0,0,0,0,0,nan,nan,nan,nan,nan,nan,nan
11233,1,5,5,0,1,1,1,510,0,0,0,0,0,0,0,nan,nan,nan,nan,nan,nan,nan
11234,1,5,5,0,1,1,1,510,0,0,0,0,0,0,0,nan,nan,nan,nan,nan,nan,nan
11235,1,5,5,0,1,1,1,510,0,0,0,0,0,0,0,nan,nan,nan,nan,nan,nan,nan
11236,1,5,5,0,1,1,1,510,0,0,0,0,0,0,0,nan,nan,nan,nan,nan,nan,nan
11237,1,5,5,0,1,1,1,510,0,0,0,0,0,0,0,nan,nan,nan,nan,nan,nan,nan
11238,1,5,5,0,1,1,1,510,0,0,0,0,0,0,0,nan,nan,nan,nan,nan,nan,nan
11239,1,5,5,0,2,1,1,510,0,0,0,1,0,0,0,nan,nan,nan,9.906970657257261,nan,nan,nan
11240,1,5,5,0,2,0,2,510,0,0,0,1,0,0,0,nan,nan,nan,nan,nan,11.606370580695511,nan
11241,1,5,5,0,2,0,2,510,0,0,0,1,0,0,0,nan,nan,nan,nan,nan,nan,nan
11242,1,5,5,0,2,0,2,510,0,0,0,1,0,0,0,nan,nan,nan,nan,nan,nan,nan
11243,1,5,5,0,1,1,2,510,0,2,0,1,0,0,0,nan,24.023114060477383,nan,nan,14.8324565851035,nan,nan
11244,1,5,5,0,1,1,2,510,0,2,0,1,0,0,0,nan,nan,nan,nan,nan,nan,nan
11245,1,5,5,0,1,1,2,510,0,2,0,1,0,0,0,nan,nan,nan,nan,nan,nan,nan
11246,1,5,5,0,1,1,2,510,0,2,0,1,0,0,0,nan,nan,nan,nan,nan,nan,nan
11247,1,5,5,0,1,1,2,510,0,2,0,1,0,0,0,nan,nan,nan,nan,nan,nan,nan
11248,1,5,5,0,1,1,2,510,0,2,0,1,0,0,0,nan,nan,nan,nan,nan,nan,nan
11249,1,5,5,0,1,1,2,510,0,2,0,1,0,0,0,nan,nan,nan,nan,nan,nan,nan
11250,1,4,5,0,1,1,2,510,0,0,0,0,0,0,0,nan,nan,21.28050399624044,nan,nan,nan,nan
11251,1,4,5,0,1,1,2,510,0,0,0,0,0,0,0,nan,nan,nan,nan,nan,nan,nan
11252,1,4,5,0,1,0,3,510,0,0,0,0,0,0,0,nan,nan,nan,nan,nan,11.454288021512184,nan
11253,1,4,5,0,1,0,3,510,0,0,0,0,0,0,0,nan,nan,nan,nan,nan,nan,nan
11254,1,4,5,0,1,0,2,511,0,0,0,0,0,0,0,nan,nan,nan,nan,nan,nan,28.439428647385284
11255,1,5,5,0,1,0,2,511,0,0,0,0,0,0,0,31.748959994532925,nan,nan,nan,nan,nan,nan
11256,1,5,5,0,1,0,2,511,0,0,0,0,0,0,0,nan,nan,nan,nan,nan,nan,nan
11257,1,5,5,0,1,0,2,511,0,0,0,0,0,0,0,nan,nan,nan,nan,nan,nan,nan
11258,1,5,5,0,1,0,2,511,0,0,0,0,0,0,0,nan,nan,nan,nan,nan,nan,nan
11259,1,5,5,0,1,0,2,511,0,0,0,0,0,0,0,nan,nan,nan,nan,nan,nan,nan
11260,1,5,5,0,0,1,2,511,0,0,0,0,0,0,0,nan,nan,nan,nan,17.25277650989301,nan,nan
11261,1,5,5,0,0,1,2,511,0,0,0,0,0,0,0,nan,nan,nan,nan,nan,nan,nan
11262,1,5,5,0,0,1,2,511,0,0,0,0,0,0,0,nan,nan,nan,nan,nan,nan,nan
11263,1,5,5,0,0,1,2,511,0,0,0,0,0,0,0,nan,nan,nan,nan,nan,nan,nan
11264,1,5,5,0,0,1,2,511,0,0,0,0,0,0,0,nan,nan,nan,nan,nan,nan,nan
11265,1,5,5,0,0,1,2,511,0,0,0,0,0,0,0,nan,nan,nan,nan,nan,nan,nan
11266,1,5,5,0,0,1,2,511,2,0,0,0,0,0,0,10.70034453684275,nan,nan,nan,nan,nan,nan
11267,1,5,4,1,0,1,2,511,2,0,0,0,0,0,0,nan,nan,17.13666575844036,nan,nan,nan,nan
11268,1,5,4,1,0,1,2,511,2,0,0,0,0,0,0,nan,nan,nan,nan,nan,nan,nan
11269,1,5,4,1,0,1,2,511,2,0,0,0,0,0,0,nan,nan,nan,nan,nan,nan,nan
11270,1,5,4,1,0,1,2,511,2,0,0,0,0,0,0,nan,nan,nan,nan,nan,nan,nan
11271,1,5,4,1,0,1,2,511,2,0,0,0,0,0,0,nan,nan,nan,nan,nan,nan,nan
11272,1,5,5,1,0,1,2,511,0,0,0,0,0,0,0,nan,28.39674013300828,nan,nan,nan,nan,nan
11273,1,5,5,1,0,1,2,511,0,0,0,0,0,0,0,nan,nan,nan,nan,nan,nan,nan
11274,1,5,5,1,0,2,2,511,0,0,0,0,1,0,0,nan,nan,nan,nan,14.33711712319382,nan,nan
11275,1,5,5,1,0,2,2,511,0,0,0,0,1,0,0,nan,nan,nan,nan,nan,nan,nan
11276,1,5,5,1,0,2,2,511,0,0,0,0,1,0,0,nan,nan,nan,nan,nan,nan,nan
11277,1,5,5,0,0,2,1,512,0,0,0,0,0,0,0,nan,nan,nan,38.64604261881868,nan,nan,23.250309818084133
11278,1,5,5,0,0,2,1,512,0,0,0,0,0,0,0,nan,nan,nan,nan,nan,nan,nan
11279,1,5,5,0,0,2,1,512,0,0,0,0,0,0,0,nan,nan,nan,nan,nan,nan,nan
11280,1,5,5,0,0,2,1,512,0,0,0,0,0,0,0,nan,nan,nan,nan,nan,nan,nan
11281,1,5,5,0,0,2,1,512,2,0,0,0,0,0,0,14.805790266414988,nan,nan,nan,nan,nan,nan
11282,1,5,5,0,0,2,1,512,2,0,0,0,0,0,0,nan,nan,nan,nan,nan,nan,nan
11283,1,5,5,0,0,2,1,512,2,0,0,0,0,0,0,nan,nan,nan,nan,nan,nan,nan
11284,1,5,5,0,0,2,1,512,2,0,0,0,0,0,0,nan,nan,nan,nan,nan,nan,nan
11285,1,5,5,0,0,1,2,512,2,0,0,0,0,0,0,nan,nan,nan,nan,nan,33.180763256203136,nan
11286,1,5,5,0,0,1,2,512,2,0,0,0,0,0,0,nan,nan,nan,nan,nan,nan,nan
11287,1,5,5,0,0,1,2,512,2,0,0,0,0,0,0,nan,nan,nan,nan,nan,nan,nan
11288,1,5,5,0,0,2,1,513,2,0,0,0,1,0,0,nan,nan,nan,nan,13.858039986553194,nan,11.235043325001243
11289,1,5,5,0,0,2,1,513,2,0,0,0,1,0,0,nan,nan,nan,nan,nan,nan,nan
11290,1,5,5,0,0,2,1,513,2,2,0,1,0,0,0,nan,18.748847789905994,nan,12.257502949511036,nan,nan,nan
11291,1,5,5,0,0,2,1,513,2,2,0,1,0,0,0,nan,nan,nan,nan,nan,nan,nan
11292,1,5,5,0,0,2,1,513,2,2,0,1,0,0,0,nan,nan,nan,nan,nan,nan,nan
11293,1,5,5,0,0,2,1,513,2,2,0,1,0,0,0,nan,nan,nan,nan,nan,nan,nan
11294,1,5,5,0,0,2,1,513,2,2,0,1,0,0,0,nan,nan,nan,nan,nan,nan,nan
11295,1,5,5,0,0,2,1,513,0,0,0,0,0,0,0,nan,nan,27.38470180686636,nan,nan,nan,nan
11296,1,5,5,0,0,2,1,513,0,0,0,0,0,0,0,nan,nan,nan,nan,nan,nan,nan
11297,1,5,5,0,0,2,1,513,0,0,0,0,0,0,0,nan,nan,nan,nan,nan,nan,nan
11298,1,5,5,0,0,2,1,513,0,0,0,0,0,0,0,nan,nan,nan,nan,nan,nan,nan
11299,1,5,5,0,0,2,1,513,0,0,0,0,0,0,0,nan,nan,nan,nan,nan,nan,nan
11300,1,5,5,0,0,2,1,513,0,0,0,0,0,0,0,nan,nan,nan,nan,nan,nan,nan
11301,1,5,5,0,0,2,1,513,0,0,0,0,0,0,0,nan,nan,nan,nan,nan,nan,nan
11302,1,5,5,0,0,2,0,514,0,0,0,0,0,0,0,nan,nan,nan,nan,nan,nan,13.162165393818213
11303,1,5,5,0,0,2,0,514,0,0,0,0,0,0,0,nan,nan,nan,nan,nan,nan,nan
11304,1,5,5,0,0,1,1,514,0,0,0,0,0,0,0,nan,nan,nan,nan,nan,18.660369497656575,nan
11305,1,5,5,0,0,2,1,514,0,0,0,0,1,0,0,nan,nan,nan,nan,16.606150235144014,nan,nan
11306,1,5,5,0,0,2,1,514,0,0,0,0,1,0,0,nan,nan,nan,nan,nan,nan,nan
11307,1,5,5,0,0,2,1,514,0,0,0,1,0,0,0,nan,nan,nan,17.351310472604382,nan,nan,nan
11308,1,5,5,0,0,2,1,514,0,0,0,1,0,0,0,nan,nan,nan,nan,nan,nan,nan
11309,1,5,5,0,0,2,1,514,0,0,0,1,0,0,0,nan,nan,nan,nan,nan,nan,nan
11310,1,5,5,0,0,2,1,514,0,0,0,1,0,0,0,nan,nan,nan,nan,nan,nan,nan
11311,1,5,5,0,0,2,1,514,0,2,0,1,0,0,0,nan,20.687401655657595,nan,nan,nan,nan,nan
11312,1,5,5,0,0,2,1,514,0,2,0,1,0,0,0,nan,nan,nan,nan,nan,nan,nan
11313,1,5,5,0,0,2,1,514,0,2,0,1,0,0,0,nan,nan,nan,nan,nan,nan,nan
11314,1,5,5,0,0,2,1,514,2,2,0,1,0,0,0,33.23664615416055,nan,nan,nan,nan,nan,nan
11315,1,5,5,0,0,1,2,514,2,2,0,1,0,0,0,nan,nan,nan,nan,nan,11.155757155136598,nan
11316,1,5,5,0,0,1,2,514,2,2,0,1,0,0,0,nan,nan,nan,nan,nan,nan,nan
11317,1,5,5,0,0,1,2,514,2,2,0,1,0,0,0,nan,nan,nan,nan,nan,nan,nan
11318,1,5,5,0,0,1,1,515,2,2,0,1,0,0,0,nan,nan,nan,nan,nan,nan,16.328926939755547
11319,1,5,5,0,0,1,1,515,0,0,0,0,0,0,0,nan,nan,24.332083843784858,nan,nan,nan,nan
11320,1,5,5,0,0,1,1,515,0,0,0,0,0,0,0,nan,nan,nan,nan,nan,nan,nan
11321,1,5,5,0,0,1,1,515,0,0,0,0,0,0,0,nan,nan,nan,nan,nan,nan,nan
11322,1,5,5,0,0,1,1,515,0,0,0,0,0,0,0,nan,nan,nan,nan,nan,nan,nan
11323,1,5,5,0,0,1,1,515,0,0,0,0,0,0,0,nan,nan,nan,nan,nan,nan,nan
11324,1,5,5,0,0,1,1,515,0,0,0,0,0,0,0,nan,nan,nan,nan,nan,nan,nan
11325,1,5,5,0,0,1,1,515,0,0,0,0,0,0,0,nan,nan,nan,nan,nan,nan,nan
11326,1,5,5,0,0,1,1,515,0,0,0,0,0,0,0,nan,nan,nan,nan,nan,nan,nan
11327,1,5,5,0,0,0,2,515,0,0,0,0,0,0,0,nan,nan,nan,nan,nan,12.612718435842908,nan
11328,1,5,5,0,0,0,2,515,0,0,0,0,0,0,0,nan,nan,nan,nan,nan,nan,nan
11329,1,5,5,0,0,0,2,515,0,0,0,0,0,0,0,nan,nan,nan,nan,nan,nan,nan
11330,1,5,5,0,0,0,2,515,0,0,0,0,0,0,0,nan,nan,nan,nan,nan,nan,nan
11331,1,5,4,1,0,0,2,515,0,0,0,0,0,0,0,nan,nan,12.217329676572263,nan,nan,nan,nan
11332,1,4,5,1,0,0,2,515,0,0,0,0,0,0,0,nan,21.30039818309342,nan,nan,nan,nan,nan
11333,1,4,5,1,0,0,2,515,0,0,0,0,0,0,0,nan,nan,nan,nan,nan,nan,nan
11334,1,4,5,1,0,0,2,515,0,0,0,0,0,0,0,nan,nan,nan,nan,nan,nan,nan
11335,1,4,5,1,0,0,2,515,0,0,0,0,0,0,0,nan,nan,nan,nan,nan,nan,nan
11336,1,4,5,1,0,0,2,515,0,0,0,0,0,0,0,nan,nan,nan,nan,nan,nan,nan
11337,1,4,5,1,0,0,2,515,0,0,0,0,0,0,0,nan,nan,nan,nan,nan,nan,nan
11338,1,4,5,0,0,1,2,515,0,0,0,0,0,0,0,nan,nan,nan,31.017228147571586,32.92314836881269,nan,nan
11339,1,4,5,0,0,1,1,516,0,0,0,0,0,0,0,nan,nan,nan,nan,nan,nan,21.476814889942034
11340,1,4,5,0,0,1,1,516,0,0,0,0,0,0,0,nan,nan,nan,nan,nan,nan,nan
11341,1,4,5,0,0,1,1,516,0,0,0,0,0,0,0,nan,nan,nan,nan,nan,nan,nan
11342,1,4,5,0,0,1,1,516,0,0,0,0,0,0,0,nan,nan,nan,nan,nan,nan,nan
11343,1,4,5,0,0,0,2,516,0,0,0,0,0,0,0,nan,nan,nan,nan,nan,15.199228423718523,nan
11344,1,4,5,0,0,0,2,516,0,0,0,0,0,0,0,nan,nan,nan,nan,nan,nan,nan
11345,1,4,5,0,0,0,2,516,0,0,0,0,0,0,0,nan,nan,nan,nan,nan,nan,nan
11346,1,4,4,1,0,0,2,516,0,0,0,0,0,0,0,nan,nan,14.540949797788926,nan,nan,nan,nan
11347,1,4,4,1,0,0,2,516,0,0,0,0,0,0,0,nan,nan,nan,nan,nan,nan,nan
11348,1,4,4,1,0,0,2,516,0,0,0,0,0,0,0,nan,nan,nan,nan,nan,nan,nan
11349,1,5,4,1,0,1,2,516,0,0,0,0,1,0,0,34.94594927251637,nan,nan,nan,11.46579999775713,nan,nan
11350,1,5,4,1,0,1,2,516,0,0,0,0,1,0,0,nan,nan,nan,nan,nan,nan,nan
11351,1,4,5,1,0,1,2,516,0,0,0,0,1,0,0,nan,18.77457302816765,nan,nan,nan,nan,nan
11352,1,4,5,1,0,1,2,516,0,0,0,0,1,0,0,nan,nan,nan,nan,nan,nan,nan
11353,1,4,5,1,0,1,2,516,0,0,0,0,1,0,0,nan,nan,nan,nan,nan,nan,nan
11354,1,4,5,1,0,1,2,516,0,0,0,0,1,0,0,nan,nan,nan,nan,nan,nan,nan
11355,1,4,5,1,0,1,2,516,0,0,0,0,1,0,0,nan,nan,nan,nan,nan,nan,nan
11356,1,4,5,1,0,1,2,516,0,0,0,0,1,0,0,nan,nan,nan,nan,nan,nan,nan
11357,1,4,5,1,0,1,2,516,0,0,0,0,1,0,0,nan,nan,nan,nan,nan,nan,nan
11358,1,4,5,1,0,1,1,517,0,0,0,0,1,0,0,nan,nan,nan,nan,nan,nan,18.78002275702056
11359,1,5,5,1,0,1,1,517,0,0,0,0,1,0,0,10.055679318120383,nan,nan,nan,nan,nan,nan
11360,1,5,5,1,0,1,1,517,0,0,0,0,1,0,0,nan,nan,nan,nan,nan,nan,nan
11361,1,5,5,1,0,1,1,517,0,0,0,0,1,0,0,nan,nan,nan,nan,nan,nan,nan
11362,1,5,5,1,0,1,1,517,0,0,0,0,1,0,0,nan,nan,nan,nan,nan,nan,nan
11363,1,5,5,1,0,1,1,517,0,0,0,0,1,0,0,nan,nan,nan,nan,nan,nan,nan
11364,1,5,5,1,0,1,1,517,0,0,0,0,1,0,0,nan,nan,nan,nan,nan,nan,nan
11365,1,5,5,0,0,1,1,517,0,0,0,0,0,0,0,nan,nan,nan,26.85650620207889,nan,nan,nan
11366,1,5,5,0,0,0,2,517,0,0,0,0,0,0,0,nan,nan,nan,nan,nan,23.592585008180322,nan
11367,1,5,5,0,0,0,2,517,0,0,0,0,0,0,0,nan,nan,nan,nan,nan,nan,nan
11368,1,5,5,0,0,0,2,517,0,2,0,0,0,0,0,nan,16.349863664396253,nan,nan,nan,nan,nan
11369,1,5,5,0,0,0,2,517,0,2,0,0,0,0,0,nan,nan,nan,nan,nan,nan,nan
11370,1,4,5,1,0,0,2,517,0,0,0,0,0,0,0,nan,nan,24.673917875617917,nan,nan,nan,nan
11371,1,4,5,1,0,0,2,517,0,0,0,0,0,0,0,nan,nan,nan,nan,nan,nan,nan
11372,1,4,5,1,0,0,2,517,0,0,0,0,0,0,0,nan,nan,nan,nan,nan,nan,nan
11373,1,4,5,1,0,0,2,517,0,0,0,0,0,0,0,nan,nan,nan,nan,nan,nan,nan
11374,1,4,5,1,0,0,2,517,0,0,0,0,0,0,0,nan,nan,nan,nan,nan,nan,nan
11375,1,4,5,1,0,0,2,517,0,0,0,0,0,0,0,nan,nan,nan,nan,nan,nan,nan
11376,1,4,5,1,0,0,2,517,0,0,0,0,0,0,0,nan,nan,nan,nan,nan,nan,nan
11377,1,4,5,1,0,0,2,517,0,0,0,0,0,0,0,nan,nan,nan,nan,nan,nan,nan
11378,1,4,5,1,0,0,2,517,0,0,0,0,0,0,0,nan,nan,nan,nan,nan,nan,nan
11379,1,4,5,1,0,0,2,517,0,0,0,0,0,0,0,nan,nan,nan,nan,nan,nan,nan
11380,1,5,5,1,0,0,2,517,0,0,0,0,0,0,0,21.38382957414433,nan,nan,nan,nan,nan,nan
11381,1,5,5,1,0,0,2,517,0,2,0,0,0,0,0,nan,13.732432015831364,nan,nan,nan,nan,nan
11382,1,5,5,1,0,0,2,517,0,2,0,0,0,0,0,nan,nan,nan,nan,nan,nan,nan
11383,1,5,5,0,1,0,2,517,0,2,0,0,0,0,0,nan,nan,nan,18.576036199807277,nan,nan,nan
11384,1,5,5,0,1,0,2,517,0,2,0,0,0,0,0,nan,nan,nan,nan,nan,nan,nan
11385,1,5,5,0,1,0,2,517,0,2,0,0,0,0,0,nan,nan,nan,nan,nan,nan,nan
11386,1,5,5,0,1,0,2,517,0,2,0,0,0,0,0,nan,nan,nan,nan,nan,nan,nan
11387,1,5,5,0,0,1,2,517,0,2,0,0,0,0,0,nan,nan,nan,nan,37.60670757202206,nan,nan
11388,1,5,5,0,0,1,1,518,0,2,0,0,0,0,0,nan,nan,nan,nan,nan,nan,29.532605514898023
11389,1,5,5,0,0,1,1,518,0,2,0,0,0,0,0,nan,nan,nan,nan,nan,nan,nan
11390,1,5,5,0,0,1,1,518,0,2,0,0,0,0,0,nan,nan,nan,nan,nan,nan,nan
11391,1,4,5,1,0,1,1,518,0,0,0,0,0,0,0,nan,nan,20.6417966403842,nan,nan,nan,nan
11392,1,4,5,1,0,1,1,518,0,0,0,0,0,0,0,nan,nan,nan,nan,nan,nan,nan
11393,1,4,5,1,0,1,1,518,0,0,0,0,0,0,0,nan,nan,nan,nan,nan,nan,nan
11394,1,4,5,1,0,1,1,518,0,0,0,0,0,0,0,nan,nan,nan,nan,nan,nan,nan
11395,1,4,5,1,0,1,1,518,0,0,0,0,0,0,0,nan,nan,nan,nan,nan,nan,nan
11396,1,4,5,1,0,1,1,518,0,0,0,0,0,0,0,nan,nan,nan,nan,nan,nan,nan
11397,1,4,5,1,0,1,1,518,0,0,0,0,0,0,0,nan,nan,nan,nan,nan,nan,nan
11398,1,4,5,1,0,1,1,518,0,0,0,0,0,0,0,nan,nan,nan,nan,nan,nan,nan
11399,1,5,5,0,1,1,1,518,0,0,0,0,0,0,0,19.258741696607103,nan,nan,16.003686881778776,nan,nan,nan
11400,1,5,5,0,1,1,1,518,0,0,0,0,0,0,0,nan,nan,nan,nan,nan,nan,nan
11401,1,5,5,0,1,1,1,518,0,0,0,0,0,0,0,nan,nan,nan,nan,nan,nan,nan
11402,1,5,5,0,1,1,0,519,0,0,0,0,0,0,0,nan,nan,nan,nan,nan,nan,14.20699996280382
11403,1,5,5,0,1,1,0,519,0,0,0,0,0,0,0,nan,nan,nan,nan,nan,nan,nan
11404,1,5,5,0,0,2,0,519,0,0,0,0,0,0,0,nan,nan,nan,nan,17.089828293728715,nan,nan
11405,1,5,4,1,0,2,0,519,0,0,0,0,0,0,0,nan,nan,13.812366723646846,nan,nan,nan,nan
11406,1,5,4,1,0,1,1,519,0,0,0,0,0,0,0,nan,nan,nan,nan,nan,40.03441803064379,nan
11407,1,5,4,1,0,1,1,519,0,0,0,0,0,0,0,nan,nan,nan,nan,nan,nan,nan
11408,1,5,4,1,0,1,1,519,0,0,0,0,0,0,0,nan,nan,nan,nan,nan,nan,nan
11409,1,5,4,1,0,1,1,519,0,0,0,0,0,0,0,nan,nan,nan,nan,nan,nan,nan
11410,1,5,4,1,0,1,1,519,0,0,0,0,0,0,0,nan,nan,nan,nan,nan,nan,nan
11411,1,5,4,1,0,1,1,519,0,0,0,0,0,0,0,nan,nan,nan,nan,nan,nan,nan
11412,1,5,4,1,0,1,0,520,0,0,0,0,0,0,0,nan,nan,nan,nan,nan,nan,10.291290623032182
11413,1,4,5,1,0,1,0,520,0,0,0,0,0,0,0,nan,31.437207431110437,nan,nan,nan,nan,nan
11414,1,4,5,1,0,1,0,520,0,0,0,0,0,0,0,nan,nan,nan,nan,nan,nan,nan
11415,1,5,5,1,0,1,0,520,0,0,0,0,0,0,0,15.232440773881535,nan,nan,nan,nan,nan,nan
11416,1,5,5,1,0,1,0,520,0,0,0,0,0,0,0,nan,nan,nan,nan,nan,nan,nan
11417,1,5,5,1,0,1,0,520,0,0,0,0,0,0,0,nan,nan,nan,nan,nan,nan,nan
11418,1,5,5,1,0,0,1,520,0,0,0,0,0,0,0,nan,nan,nan,nan,nan,11.735458534081772,nan
11419,1,5,5,1,0,0,1,520,0,0,0,0,0,0,0,nan,nan,nan,nan,nan,nan,nan
11420,1,5,5,1,0,0,1,520,0,0,0,0,0,0,0,nan,nan,nan,nan,nan,nan,nan
11421,1,5,5,0,1,0,1,520,0,0,0,0,0,0,0,nan,nan,nan,21.417219526814733,nan,nan,nan
11422,1,5,5,0,1,0,1,520,0,0,0,0,0,0,0,nan,nan,nan,nan,nan,nan,nan
11423,1,5,5,0,0,1,1,520,0,0,0,0,0,0,0,nan,nan,nan,nan,19.592237002349066,nan,nan
11424,1,5,5,0,0,1,1,520,0,0,0,0,0,0,0,nan,nan,nan,nan,nan,nan,nan
11425,1,5,5,0,0,1,1,520,0,0,0,0,0,0,0,nan,nan,nan,nan,nan,nan,nan
11426,1,5,5,0,0,1,1,520,0,0,0,0,0,0,0,nan,nan,nan,nan,nan,nan,nan
11427,1,4,5,1,0,1,1,520,0,0,0,0,0,0,0,nan,14.28832518112722,21.59865180239649,nan,nan,nan,nan
11428,1,4,5,1,0,1,0,521,0,0,0,0,0,0,0,nan,nan,nan,nan,nan,nan,16.204678430909553
11429,1,4,5,1,0,1,0,521,0,0,0,0,0,0,0,nan,nan,nan,nan,nan,nan,nan
11430,1,5,5,1,0,1,0,521,0,0,0,0,0,0,0,15.426859876932213,nan,nan,nan,nan,nan,nan
11431,1,5,5,1,0,1,0,521,0,0,0,0,0,0,0,nan,nan,nan,nan,nan,nan,nan
11432,1,5,5,1,0,1,0,521,0,0,0,0,0,0,0,nan,nan,nan,nan,nan,nan,nan
11433,1,5,5,1,0,1,0,521,0,0,0,0,0,0,0,nan,nan,nan,nan,nan,nan,nan
11434,1,5,5,1,0,1,0,521,0,0,0,0,0,0,0,nan,nan,nan,nan,nan,nan,nan
11435,1,5,5,1,0,1,0,521,0,0,0,0,0,0,0,nan,nan,nan,nan,nan,nan,nan
11436,1,5,5,1,0,1,0,521,0,0,0,0,0,0,0,nan,nan,nan,nan,nan,nan,nan
11437,1,5,5,1,0,1,0,521,0,0,0,0,0,0,0,nan,nan,nan,nan,nan,nan,nan
11438,1,5,5,1,0,1,0,521,0,0,0,0,0,0,0,nan,nan,nan,nan,nan,nan,nan
11439,1,5,5,1,0,1,0,521,0,0,0,0,0,0,0,nan,nan,nan,nan,nan,nan,nan
11440,1,5,5,1,0,0,1,521,0,2,0,0,0,0,0,nan,12.705931782502375,nan,nan,nan,22.13016443968627,nan
11441,1,5,5,1,0,0,0,522,0,2,0,0,0,0,0,nan,nan,nan,nan,nan,nan,12.093165223053802
11442,1,5,5,1,0,0,0,522,2,2,0,0,0,0,0,11.384243078889995,nan,nan,nan,nan,nan,nan
11443,1,5,5,1,0,0,0,522,2,2,0,0,0,0,0,nan,nan,nan,nan,nan,nan,nan
11444,1,5,5,1,0,0,0,522,2,2,0,0,0,0,0,nan,nan,nan,nan,nan,nan,nan
11445,1,5,5,0,1,0,0,522,2,2,0,0,0,0,0,nan,nan,nan,24.159365629968306,nan,nan,nan
11446,1,5,5,0,1,0,0,522,2,2,0,0,0,0,0,nan,nan,nan,nan,nan,nan,nan
11447,1,5,5,0,1,0,0,522,2,2,0,0,0,0,0,nan,nan,nan,nan,nan,nan,nan
11448,1,5,5,0,1,0,0,522,2,2,0,0,0,0,0,nan,nan,nan,nan,nan,nan,nan
11449,1,5,5,0,1,0,0,522,2,2,0,0,0,0,0,nan,nan,nan,nan,nan,nan,nan
11450,1,5,5,0,1,0,0,522,2,2,0,0,0,0,0,nan,nan,nan,nan,nan,nan,nan
11451,1,5,5,0,1,0,0,522,2,2,0,0,0,0,0,nan,nan,nan,nan,nan,nan,nan
11452,1,5,5,0,1,0,0,522,2,2,0,0,0,0,0,nan,nan,nan,nan,nan,nan,nan
11453,1,5,5,0,1,0,0,522,2,2,0,0,0,0,0,nan,nan,nan,nan,nan,nan,nan
11454,1,5,5,0,1,0,0,522,2,2,0,0,0,0,0,nan,nan,nan,nan,nan,nan,nan
11455,1,5,5,0,1,0,0,522,2,2,0,0,0,0,0,nan,nan,nan,nan,nan,nan,nan
11456,1,5,5,0,1,0,1,522,2,2,0,0,0,1,0,nan,nan,nan,nan,nan,15.556732401159024,nan
11457,1,5,5,0,1,0,1,522,2,2,0,0,0,1,0,nan,nan,nan,nan,nan,nan,nan
11458,1,5,5,0,1,0,0,523,2,2,0,0,0,1,0,nan,nan,nan,nan,nan,nan,17.56848174681363
11459,1,5,5,0,1,0,0,523,2,2,0,0,0,1,0,nan,nan,nan,nan,nan,nan,nan
11460,1,5,5,0,1,0,0,523,2,2,0,0,0,1,0,nan,nan,nan,nan,nan,nan,nan
11461,1,5,5,0,2,0,0,523,2,2,0,1,0,1,0,nan,nan,nan,15.50349113006996,nan,nan,nan
11462,1,5,5,0,2,0,0,523,2,2,0,1,0,1,0,nan,nan,nan,nan,nan,nan,nan
11463,1,5,5,0,1,0,0,523,2,2,0,1,0,0,0,nan,nan,nan,nan,40.00532101083263,nan,nan
11464,1,5,5,0,1,0,0,523,2,2,0,1,0,0,0,nan,nan,nan,nan,nan,nan,nan
11465,1,5,5,0,1,0,0,523,2,2,0,1,0,0,0,nan,nan,nan,nan,nan,nan,nan
11466,1,5,5,0,1,0,0,523,2,2,0,1,0,0,0,nan,nan,nan,nan,nan,nan,nan
11467,1,5,5,0,1,0,0,523,2,2,0,1,0,0,0,nan,nan,nan,nan,nan,nan,nan
11468,1,5,5,0,1,0,0,523,0,0,0,0,0,0,0,nan,nan,41.95655831312615,nan,nan,nan,nan
11469,1,5,5,0,1,0,0,523,0,0,0,0,0,0,0,nan,nan,nan,nan,nan,nan,nan
11470,1,5,5,0,1,0,0,523,0,0,0,0,0,0,0,nan,nan,nan,nan,nan,nan,nan
11471,1,5,5,0,1,0,0,523,0,0,0,0,0,0,0,nan,nan,nan,nan,nan,nan,nan
11472,1,5,5,0,1,0,0,523,0,0,0,0,0,0,0,nan,nan,nan,nan,nan,nan,nan
11473,1,5,5,0,1,0,0,523,0,0,0,0,0,0,0,nan,nan,nan,nan,nan,nan,nan
11474,1,5,5,0,1,0,0,523,0,0,0,0,0,0,0,nan,nan,nan,nan,nan,nan,nan
11475,1,5,5,0,1,0,0,523,0,0,0,0,0,0,0,nan,nan,nan,nan,nan,nan,nan
11476,1,5,5,0,1,0,0,523,0,0,0,0,0,0,0,nan,nan,nan,nan,nan,nan,nan
11477,1,5,5,0,1,0,0,523,0,0,0,0,0,0,0,nan,nan,nan,nan,nan,nan,nan
11478,1,5,5,0,1,0,0,524,0,0,0,0,0,0,1,nan,nan,nan,nan,nan,nan,19.462068695220296
11479,1,5,5,0,1,0,0,524,0,0,0,0,0,0,1,nan,nan,nan,nan,nan,nan,nan
11480,1,5,5,0,1,0,0,524,0,0,0,0,0,0,1,nan,nan,nan,nan,nan,nan,nan
11481,1,5,5,0,1,0,0,524,0,2,0,0,0,1,0,nan,41.59466975991927,nan,nan,nan,25.20128179146559,nan
11482,1,5,5,0,1,0,0,524,0,2,0,1,0,0,0,nan,nan,nan,21.78924462971736,18.983505281266844,nan,nan
11483,1,5,5,0,1,0,0,524,0,2,0,1,0,0,0,nan,nan,nan,nan,nan,nan,nan
11484,1,5,5,0,1,0,0,524,0,2,0,1,0,0,0,nan,nan,nan,nan,nan,nan,nan
11485,1,5,5,0,1,0,0,524,0,2,0,1,0,0,0,nan,nan,nan,nan,nan,nan,nan
11486,1,5,5,0,1,0,0,524,0,2,0,1,0,0,0,nan,nan,nan,nan,nan,nan,nan
11487,1,5,5,0,1,0,0,524,0,2,0,1,0,0,0,nan,nan,nan,nan,nan,nan,nan
11488,1,5,5,0,1,0,0,524,2,2,0,1,0,0,0,46.875775527962105,nan,nan,nan,nan,nan,nan
11489,1,5,5,0,1,0,0,524,2,2,0,1,0,0,0,nan,nan,nan,nan,nan,nan,nan
11490,1,5,5,0,1,0,0,524,2,2,0,1,0,0,0,nan,nan,nan,nan,nan,nan,nan
11491,1,5,5,0,1,0,0,524,2,2,0,1,0,0,0,nan,nan,nan,nan,nan,nan,nan
11492,1,5,5,0,1,0,0,524,2,2,0,1,0,0,0,nan,nan,nan,nan,nan,nan,nan
11493,1,5,5,0,1,0,0,524,2,2,0,1,0,0,0,nan,nan,nan,nan,nan,nan,nan
11494,1,5,5,0,1,0,0,524,2,2,0,1,0,0,0,nan,nan,nan,nan,nan,nan,nan
11495,1,5,5,0,1,0,0,524,2,2,0,1,0,0,0,nan,nan,nan,nan,nan,nan,nan
11496,1,5,5,0,1,0,0,524,2,2,0,1,0,0,0,nan,nan,nan,nan,nan,nan,nan
11497,1,5,5,0,1,0,0,524,0,0,0,0,0,0,0,nan,nan,28.687601090867247,nan,nan,nan,nan
11498,1,5,5,0,1,0,0,525,0,0,0,0,0,0,1,nan,nan,nan,nan,nan,nan,20.16372548103027
11499,1,5,5,0,1,0,0,525,0,0,0,0,0,0,1,nan,nan,nan,nan,nan,nan,nan
11500,1,5,5,0,1,0,0,525,0,0,0,0,0,0,1,nan,nan,nan,nan,nan,nan,nan
11501,1,5,5,0,1,0,0,525,0,0,0,0,0,0,1,nan,nan,nan,nan,nan,nan,nan
11502,1,5,5,0,1,0,0,525,0,0,0,0,0,1,0,nan,nan,nan,nan,nan,21.42666616097631,nan
11503,1,5,5,0,0,0,0,525,0,0,0,0,0,0,0,nan,nan,nan,nan,21.089031244404396,nan,nan
11504,1,5,5,0,0,0,0,525,0,0,0,0,0,0,0,nan,nan,nan,nan,nan,nan,nan
11505,1,5,5,0,0,0,0,525,0,0,0,0,0,0,0,nan,nan,nan,nan,nan,nan,nan
11506,1,5,5,0,0,0,0,525,0,0,0,0,0,0,0,nan,nan,nan,nan,nan,nan,nan
11507,1,5,5,0,0,0,0,525,0,0,0,0,0,0,0,nan,nan,nan,nan,nan,nan,nan
11508,1,5,5,0,0,0,0,525,0,0,0,0,0,0,0,nan,nan,nan,nan,nan,nan,nan
11509,1,5,5,0,0,0,0,525,0,2,0,0,0,0,0,nan,28.007455517401468,nan,nan,nan,nan,nan
11510,1,5,5,0,0,0,0,525,0,2,0,0,0,0,0,nan,nan,nan,nan,nan,nan,nan
11511,1,5,5,0,0,0,0,525,0,2,0,0,0,0,0,nan,nan,nan,nan,nan,nan,nan
11512,1,5,5,0,0,0,0,525,0,2,0,0,0,0,0,nan,nan,nan,nan,nan,nan,nan
11513,1,5,5,0,0,0,0,525,2,2,0,0,0,0,0,24.576463903871627,nan,nan,nan,nan,nan,nan
11514,1,5,5,0,0,0,0,525,2,2,0,0,0,0,0,nan,nan,nan,nan,nan,nan,nan
11515,1,5,5,0,0,0,0,525,2,2,0,0,0,0,0,nan,nan,nan,nan,nan,nan,nan
11516,1,5,5,0,0,0,0,525,2,2,0,0,0,0,0,nan,nan,nan,nan,nan,nan,nan
11517,1,5,5,0,0,0,0,525,2,2,0,0,0,0,0,nan,nan,nan,nan,nan,nan,nan
11518,1,5,5,0,0,0,0,525,2,2,0,0,0,0,0,nan,nan,nan,nan,nan,nan,nan
11519,1,5,5,0,0,0,0,526,2,2,0,0,1,0,0,nan,nan,nan,nan,16.091119892636925,16.324069458229133,21.172026800482854
11520,1,5,5,0,0,0,0,526,2,2,0,0,1,0,0,nan,nan,nan,nan,nan,nan,nan
11521,1,5,5,0,0,0,0,526,2,2,0,0,1,0,0,nan,nan,nan,nan,nan,nan,nan
11522,1,5,5,0,0,0,0,526,2,2,0,0,1,0,0,nan,nan,nan,nan,nan,nan,nan
11523,1,5,5,0,0,0,0,526,2,2,0,0,1,0,0,nan,nan,nan,nan,nan,nan,nan
11524,1,5,5,0,0,0,0,526,2,2,0,1,0,0,0,nan,nan,nan,41.58375102975879,nan,nan,nan
11525,1,5,5,0,0,0,0,526,0,0,0,0,0,0,0,nan,nan,27.957367552078722,nan,nan,nan,nan
11526,1,5,5,0,0,0,0,526,0,0,0,0,0,0,0,nan,nan,nan,nan,nan,nan,nan
11527,1,5,5,0,0,0,0,526,0,0,0,0,0,0,0,nan,nan,nan,nan,nan,nan,nan
11528,1,5,5,0,0,0,0,526,0,0,0,0,0,0,0,nan,nan,nan,nan,nan,nan,nan
11529,1,5,5,0,0,0,0,526,0,0,0,0,0,0,0,nan,nan,nan,nan,nan,nan,nan
11530,1,5,5,0,0,0,0,526,0,0,0,0,0,0,0,nan,nan,nan,nan,nan,nan,nan
11531,1,5,5,0,0,0,0,526,0,0,0,0,0,0,0,nan,nan,nan,nan,nan,nan,nan
11532,1,5,5,0,0,0,0,526,0,0,0,0,0,0,0,nan,nan,nan,nan,nan,nan,nan
11533,1,5,5,0,0,0,1,526,0,0,0,0,0,1,0,nan,nan,nan,nan,nan,14.768827613765097,nan
11534,1,5,5,0,0,0,1,526,0,0,0,0,0,1,0,nan,nan,nan,nan,nan,nan,nan
11535,1,5,5,0,0,0,1,526,0,0,0,0,0,1,0,nan,nan,nan,nan,nan,nan,nan
11536,1,5,5,0,0,0,1,526,0,0,0,0,1,0,0,nan,nan,nan,nan,16.605629048199262,nan,nan
11537,1,5,5,0,0,0,1,526,0,0,0,0,1,0,0,nan,nan,nan,nan,nan,nan,nan
11538,1,5,5,0,0,0,1,526,0,0,0,1,0,0,0,nan,nan,nan,14.062866280892194,nan,nan,nan
11539,1,5,5,0,0,0,0,527,0,0,0,1,0,0,0,nan,nan,nan,nan,nan,nan,19.663834375676743
11540,1,5,5,0,0,0,0,527,0,0,0,1,0,0,0,nan,nan,nan,nan,nan,nan,nan
11541,1,5,5,0,0,0,0,527,0,0,0,1,0,0,0,nan,nan,nan,nan,nan,nan,nan
11542,1,5,5,0,0,0,0,527,0,0,0,1,0,0,0,nan,nan,nan,nan,nan,nan,nan
11543,1,5,4,0,0,0,0,527,0,0,0,0,0,0,0,nan,nan,18.238502005689952,nan,nan,nan,nan
11544,1,5,4,0,0,0,0,527,0,0,0,0,0,0,0,nan,nan,nan,nan,nan,nan,nan
11545,1,5,4,0,0,0,1,527,0,0,0,0,0,1,0,nan,nan,nan,nan,nan,11.314117104035176,nan
11546,1,5,4,0,0,0,1,527,0,0,0,0,0,1,0,nan,nan,nan,nan,nan,nan,nan
11547,1,5,4,0,0,0,1,527,0,0,0,0,0,1,0,nan,nan,nan,nan,nan,nan,nan
11548,1,5,5,0,0,0,1,527,0,0,0,0,0,1,0,35.49904628752847,38.66318059898731,nan,nan,nan,nan,nan
11549,1,5,5,0,0,0,1,527,0,0,0,0,0,1,0,nan,nan,nan,nan,nan,nan,nan
11550,1,5,5,0,0,0,1,527,0,0,0,0,0,1,0,nan,nan,nan,nan,nan,nan,nan
11551,1,5,5,0,0,0,1,527,0,0,0,0,0,1,0,nan,nan,nan,nan,nan,nan,nan
11552,1,5,5,0,0,0,1,527,0,0,0,0,0,1,0,nan,nan,nan,nan,nan,nan,nan
11553,1,5,5,0,0,0,1,527,0,0,0,0,0,1,0,nan,nan,nan,nan,nan,nan,nan
11554,1,5,5,0,0,0,0,528,0,0,0,0,0,1,0,nan,nan,nan,nan,nan,nan,15.15335214442348
11555,1,5,5,0,0,0,0,528,0,0,0,0,0,1,0,nan,nan,nan,nan,nan,nan,nan
11556,1,5,5,0,0,0,0,528,0,0,0,0,0,1,0,nan,nan,nan,nan,nan,nan,nan
11557,1,5,4,1,0,0,0,528,0,0,0,0,0,1,0,nan,nan,13.531634594966818,nan,nan,nan,nan
11558,1,5,4,1,0,0,0,528,0,0,0,0,0,1,0,nan,nan,nan,nan,nan,nan,nan
11559,1,5,4,0,1,0,0,528,0,0,0,0,0,1,0,nan,nan,nan,21.105100112026776,nan,nan,nan
11560,1,5,4,0,1,0,0,528,0,0,0,0,0,1,0,nan,nan,nan,nan,nan,nan,nan
11561,1,5,4,0,1,0,0,528,0,0,0,0,0,1,0,nan,nan,nan,nan,nan,nan,nan
11562,1,5,4,0,0,0,0,528,2,0,0,0,0,0,0,13.040372109122472,nan,nan,nan,25.857456088817344,nan,nan
11563,1,5,4,0,0,0,0,528,2,0,0,0,0,0,0,nan,nan,nan,nan,nan,nan,nan
11564,1,5,5,0,0,0,0,528,0,0,0,0,0,0,0,nan,16.026264296871886,nan,nan,nan,nan,nan
11565,1,5,5,0,0,0,0,528,0,0,0,0,0,0,0,nan,nan,nan,nan,nan,nan,nan
11566,1,5,5,0,0,0,0,528,0,0,0,0,0,0,0,nan,nan,nan,nan,nan,nan,nan
11567,1,5,5,0,0,0,0,528,0,0,0,0,0,0,0,nan,nan,nan,nan,nan,nan,nan
11568,1,5,5,0,0,0,0,528,0,0,0,0,0,0,0,nan,nan,nan,nan,nan,nan,nan
11569,1,5,5,0,0,0,0,528,0,0,0,0,0,0,0,nan,nan,nan,nan,nan,nan,nan
11570,1,5,5,0,0,0,0,528,0,0,0,0,0,0,0,nan,nan,nan,nan,nan,nan,nan
11571,1,5,5,0,1,0,0,528,0,0,0,1,0,0,0,nan,nan,nan,11.860147056782807,nan,nan,nan
11572,1,5,5,0,1,0,0,528,0,0,0,1,0,0,0,nan,nan,nan,nan,nan,nan,nan
11573,1,5,5,0,1,0,0,528,0,0,0,1,0,0,0,nan,nan,nan,nan,nan,nan,nan
11574,1,5,5,0,1,0,0,528,0,2,0,1,0,0,0,nan,10.444845388072281,nan,nan,nan,nan,nan
11575,1,5,5,0,1,0,0,528,0,2,0,1,0,0,0,nan,nan,nan,nan,nan,nan,nan
11576,1,5,5,0,1,0,0,528,0,2,0,1,0,0,0,nan,nan,nan,nan,nan,nan,nan
11577,1,5,5,0,1,0,0,528,0,2,0,1,0,0,0,nan,nan,nan,nan,nan,nan,nan
11578,1,5,5,0,1,0,0,528,2,2,0,1,0,0,0,16.74388403559533,nan,nan,nan,nan,nan,nan
11579,1,5,5,0,0,1,0,528,2,2,0,1,0,0,0,nan,nan,nan,nan,16.874370225108578,nan,nan
11580,1,5,5,0,0,1,0,528,2,2,0,1,0,0,0,nan,nan,nan,nan,nan,nan,nan
11581,1,5,5,0,0,1,0,529,2,2,0,1,0,0,1,nan,nan,nan,nan,nan,nan,27.482888353468297
11582,1,5,5,0,0,1,0,529,0,0,0,0,0,0,1,nan,nan,24.680211461582076,nan,nan,nan,nan
11583,1,5,5,0,0,1,0,529,0,0,0,0,0,0,1,nan,nan,nan,nan,nan,nan,nan
11584,1,5,5,0,0,1,0,529,0,0,0,0,0,0,1,nan,nan,nan,nan,nan,nan,nan
11585,1,5,5,0,0,1,0,529,0,0,0,0,0,0,1,nan,nan,nan,nan,nan,nan,nan
11586,1,5,5,0,0,1,0,529,0,0,0,0,0,0,1,nan,nan,nan,nan,nan,nan,nan
11587,1,5,5,0,0,1,0,529,0,0,0,0,0,0,1,nan,nan,nan,nan,nan,nan,nan
11588,1,5,5,0,0,1,0,529,0,0,0,0,0,0,1,nan,nan,nan,nan,nan,nan,nan
11589,1,5,5,0,0,1,0,529,0,0,0,0,0,0,1,nan,nan,nan,nan,nan,nan,nan
11590,1,5,5,0,0,1,0,529,0,0,0,0,0,0,1,nan,nan,nan,nan,nan,nan,nan
11591,1,5,5,0,0,1,0,529,2,0,0,0,0,0,1,12.289189174021885,nan,nan,nan,nan,nan,nan
11592,1,5,5,0,0,1,0,529,2,2,0,0,0,0,1,nan,17.60189665035068,nan,nan,nan,nan,nan
11593,1,5,5,0,0,0,0,529,2,2,0,0,0,0,0,nan,nan,nan,nan,nan,48.265507532441916,nan
11594,1,5,5,0,0,0,0,529,2,2,0,0,0,0,0,nan,nan,nan,nan,nan,nan,nan
11595,1,5,5,0,0,0,0,529,2,2,0,0,0,0,0,nan,nan,nan,nan,nan,nan,nan
11596,1,5,5,0,0,0,0,529,2,2,0,0,0,0,0,nan,nan,nan,nan,nan,nan,nan
11597,1,5,5,0,0,0,0,529,2,2,0,0,0,0,0,nan,nan,nan,nan,nan,nan,nan
11598,1,5,5,0,0,0,0,529,2,2,0,0,0,0,0,nan,nan,nan,nan,nan,nan,nan
11599,1,5,5,1,0,1,0,529,0,0,0,0,1,0,0,nan,nan,17.29712038604339,nan,20.261351886760167,nan,nan
11600,1,5,5,1,0,1,0,529,0,0,0,0,1,0,0,nan,nan,nan,nan,nan,nan,nan
11601,1,5,5,1,0,1,0,529,0,0,0,0,1,0,0,nan,nan,nan,nan,nan,nan,nan
11602,1,5,5,1,0,1,0,529,0,0,0,0,1,0,0,nan,nan,nan,nan,nan,nan,nan
11603,1,5,5,1,0,1,0,529,0,0,0,0,1,0,0,nan,nan,nan,nan,nan,nan,nan
11604,1,5,5,1,0,1,0,529,0,0,0,0,1,0,0,nan,nan,nan,nan,nan,nan,nan
11605,1,5,5,1,0,1,0,529,0,0,0,0,1,0,0,nan,nan,nan,nan,nan,nan,nan
11606,1,5,5,1,0,1,0,529,0,0,0,0,1,0,0,nan,nan,nan,nan,nan,nan,nan
11607,1,5,5,1,0,0,0,530,0,0,0,0,1,0,0,nan,nan,nan,nan,nan,14.19506762202036,25.39846880422556
11608,1,5,5,1,0,0,0,530,0,0,0,0,1,0,0,nan,nan,nan,nan,nan,nan,nan
11609,1,5,5,0,0,0,0,530,0,0,0,0,0,0,0,nan,nan,nan,37.96804597632217,nan,nan,nan
11610,1,5,5,0,0,0,0,530,0,0,0,0,0,0,0,nan,nan,nan,nan,nan,nan,nan
11611,1,5,5,0,0,0,0,530,0,0,0,0,0,0,0,nan,nan,nan,nan,nan,nan,nan
11612,1,5,5,0,0,0,0,530,0,0,0,0,0,0,0,nan,nan,nan,nan,nan,nan,nan
11613,1,5,5,0,0,0,0,530,0,0,0,0,0,0,0,nan,nan,nan,nan,nan,nan,nan
11614,1,5,5,0,0,0,0,530,0,0,0,0,0,0,0,nan,nan,nan,nan,nan,nan,nan
11615,1,5,5,0,0,0,0,530,0,0,0,0,0,0,0,nan,nan,nan,nan,nan,nan,nan
11616,1,5,5,0,0,0,0,530,0,0,0,0,0,0,0,nan,nan,nan,nan,nan,nan,nan
11617,1,5,5,0,0,0,0,530,0,0,0,0,0,0,0,nan,nan,nan,nan,nan,nan,nan
11618,1,5,5,0,0,0,0,530,0,0,0,0,0,0,0,nan,nan,nan,nan,nan,nan,nan
11619,1,5,5,0,0,0,0,531,0,0,0,0,0,0,1,nan,nan,nan,nan,nan,nan,12.216458157534362
11620,1,5,4,1,0,0,0,531,0,0,0,0,0,0,1,nan,nan,21.29370918987297,nan,nan,nan,nan
11621,1,5,4,1,0,0,0,531,0,0,0,0,0,0,1,nan,nan,nan,nan,nan,nan,nan
11622,1,5,4,1,0,0,0,531,0,0,0,0,0,0,1,nan,nan,nan,nan,nan,nan,nan
11623,1,4,5,1,0,0,0,531,0,0,0,0,0,0,1,nan,31.267986612550885,nan,nan,nan,nan,nan
11624,1,4,5,1,0,0,0,531,0,0,0,0,0,0,1,nan,nan,nan,nan,nan,nan,nan
11625,1,4,5,1,0,0,0,531,0,0,0,0,0,0,1,nan,nan,nan,nan,nan,nan,nan
11626,1,4,5,1,0,1,0,531,0,0,0,0,1,0,1,nan,nan,nan,nan,27.08040182068362,nan,nan
11627,1,4,5,1,0,1,0,531,0,0,0,0,1,0,1,nan,nan,nan,nan,nan,nan,nan
11628,1,4,5,1,0,1,0,531,0,0,0,0,1,0,1,nan,nan,nan,nan,nan,nan,nan
11629,1,5,5,1,0,1,0,531,0,0,0,0,1,0,1,38.65766893742875,nan,nan,nan,nan,nan,nan
11630,1,5,5,1,0,1,0,531,0,0,0,0,1,0,1,nan,nan,nan,nan,nan,nan,nan
11631,1,5,5,0,0,1,0,531,0,0,0,0,0,0,1,nan,nan,nan,22.057195912731913,nan,nan,nan
11632,1,5,5,0,0,1,0,531,0,0,0,0,0,0,1,nan,nan,nan,nan,nan,nan,nan
11633,1,5,5,0,0,0,0,531,0,0,0,0,0,0,0,nan,nan,nan,nan,nan,26.222611122177113,nan
11634,1,5,5,0,0,0,0,531,0,0,0,0,0,0,0,nan,nan,nan,nan,nan,nan,nan
11635,1,5,5,0,0,0,0,531,0,0,0,0,0,0,0,nan,nan,nan,nan,nan,nan,nan
11636,1,5,5,0,0,0,0,531,0,0,0,0,0,0,0,nan,nan,nan,nan,nan,nan,nan
11637,1,5,4,1,0,0,0,531,0,0,0,0,0,0,0,nan,nan,16.90145397949891,nan,nan,nan,nan
11638,1,5,4,1,0,0,0,531,0,0,0,0,0,0,0,nan,nan,nan,nan,nan,nan,nan
11639,1,5,4,1,0,0,0,531,0,0,0,0,0,0,0,nan,nan,nan,nan,nan,nan,nan
11640,1,5,4,1,0,0,0,531,0,0,0,0,0,0,0,nan,nan,nan,nan,nan,nan,nan
11641,1,5,4,1,0,0,0,531,0,0,0,0,0,0,0,nan,nan,nan,nan,nan,nan,nan
11642,1,5,4,1,0,0,0,531,0,0,0,0,0,0,0,nan,nan,nan,nan,nan,nan,nan
11643,1,4,5,1,0,0,0,531,0,0,0,0,0,0,0,nan,19.564218102064842,nan,nan,nan,nan,nan
11644,1,4,5,1,0,0,0,531,0,0,0,0,0,0,0,nan,nan,nan,nan,nan,nan,nan
11645,1,4,5,1,0,0,0,531,0,0,0,0,0,0,0,nan,nan,nan,nan,nan,nan,nan
11646,1,4,5,1,0,0,0,531,0,0,0,0,0,0,0,nan,nan,nan,nan,nan,nan,nan
11647,1,4,5,1,0,0,0,531,0,0,0,0,0,0,0,nan,nan,nan,nan,nan,nan,nan
11648,1,4,5,0,1,0,0,531,0,0,0,0,0,0,0,nan,nan,nan,17.478450164864626,nan,nan,nan
11649,1,4,5,0,0,1,0,532,0,0,0,0,0,0,1,nan,nan,nan,nan,23.110986311939996,nan,30.589786327163893
11650,1,4,5,0,0,1,0,532,0,0,0,0,0,0,1,nan,nan,nan,nan,nan,nan,nan
11651,1,5,5,0,0,1,0,532,0,0,0,0,0,0,1,21.55233492113257,nan,nan,nan,nan,nan,nan
11652,1,5,5,0,0,1,0,532,0,0,0,0,0,0,1,nan,nan,nan,nan,nan,nan,nan
11653,1,5,5,0,0,1,0,532,0,0,0,0,0,0,1,nan,nan,nan,nan,nan,nan,nan
11654,1,5,5,0,0,1,0,532,0,0,0,0,0,0,1,nan,nan,nan,nan,nan,nan,nan
11655,1,5,5,0,0,1,0,532,0,0,0,0,0,0,1,nan,nan,nan,nan,nan,nan,nan
11656,1,5,5,0,0,0,0,532,0,2,0,0,0,0,0,nan,13.57980618284273,nan,nan,nan,22.897080953358454,nan
11657,1,5,5,0,0,0,0,532,0,2,0,0,0,0,0,nan,nan,nan,nan,nan,nan,nan
11658,1,5,5,0,0,0,0,532,0,2,0,0,0,0,0,nan,nan,nan,nan,nan,nan,nan
11659,1,5,5,0,0,0,0,532,0,2,0,0,0,0,0,nan,nan,nan,nan,nan,nan,nan
11660,1,5,5,0,0,0,0,532,0,2,0,0,0,0,0,nan,nan,nan,nan,nan,nan,nan
11661,1,5,5,0,0,0,0,532,0,2,0,0,0,0,0,nan,nan,nan,nan,nan,nan,nan
11662,1,5,5,0,1,0,0,532,0,2,0,1,0,0,0,nan,nan,nan,13.574393826513187,nan,nan,nan
11663,1,5,5,0,1,0,0,532,0,2,0,1,0,0,0,nan,nan,nan,nan,nan,nan,nan
11664,1,5,5,0,1,0,0,532,0,2,0,1,0,0,0,nan,nan,nan,nan,nan,nan,nan
11665,1,5,5,0,1,0,0,533,0,2,0,1,0,0,1,nan,nan,nan,nan,nan,nan,16.065401107987782
11666,1,5,5,0,1,0,0,533,0,2,0,1,0,0,1,nan,nan,nan,nan,nan,nan,nan
11667,1,5,5,0,1,0,0,533,0,2,0,1,0,0,1,nan,nan,nan,nan,nan,nan,nan
11668,1,5,5,0,0,1,0,533,0,2,0,1,0,0,1,nan,nan,nan,nan,19.12993893566818,nan,nan
11669,1,5,5,0,0,1,0,533,0,2,0,1,0,0,1,nan,nan,nan,nan,nan,nan,nan
11670,1,5,5,0,0,1,0,533,0,2,0,1,0,0,1,nan,nan,nan,nan,nan,nan,nan
11671,1,5,5,0,0,1,0,533,0,2,0,1,0,0,1,nan,nan,nan,nan,nan,nan,nan
11672,1,5,5,0,0,1,0,533,2,2,0,1,0,0,1,21.035303377055243,nan,nan,nan,nan,nan,nan
11673,1,5,5,0,0,1,0,533,0,0,0,0,0,0,1,nan,nan,36.182266966114184,nan,nan,nan,nan
11674,1,5,5,0,0,1,0,533,0,0,0,0,0,0,1,nan,nan,nan,nan,nan,nan,nan
11675,1,5,5,0,0,1,0,533,0,0,0,0,0,0,1,nan,nan,nan,nan,nan,nan,nan
11676,1,5,5,0,0,1,0,533,0,0,0,0,0,0,1,nan,nan,nan,nan,nan,nan,nan
11677,1,5,5,0,0,1,0,533,0,0,0,0,0,0,1,nan,nan,nan,nan,nan,nan,nan
11678,1,5,5,0,0,1,0,533,0,0,0,0,0,0,1,nan,nan,nan,nan,nan,nan,nan
11679,1,5,5,0,0,1,0,533,0,0,0,0,0,0,1,nan,nan,nan,nan,nan,nan,nan
11680,1,5,5,0,0,1,0,533,0,0,0,0,0,0,1,nan,nan,nan,nan,nan,nan,nan
11681,1,5,5,0,0,1,0,533,0,0,0,0,0,0,1,nan,nan,nan,nan,nan,nan,nan
11682,1,5,5,0,0,1,0,533,0,0,0,0,0,0,1,nan,nan,nan,nan,nan,nan,nan
11683,1,5,5,0,0,1,0,533,0,0,0,0,0,0,1,nan,nan,nan,nan,nan,nan,nan
11684,1,5,5,0,0,1,0,533,0,0,0,0,0,0,1,nan,nan,nan,nan,nan,nan,nan
11685,1,5,5,0,1,1,0,533,0,0,0,1,0,0,1,nan,nan,nan,23.19889949985736,nan,nan,nan
11686,1,5,5,0,1,1,0,533,0,0,0,1,0,0,1,nan,nan,nan,nan,nan,nan,nan
11687,1,5,5,0,1,1,0,533,0,2,0,1,0,0,1,nan,30.783666840436126,nan,nan,nan,nan,nan
11688,1,5,5,0,1,0,0,533,0,2,0,1,0,0,0,nan,nan,nan,nan,nan,32.149981346619825,nan
11689,1,5,5,0,1,0,0,533,0,2,0,1,0,0,0,nan,nan,nan,nan,nan,nan,nan
11690,1,5,5,0,1,0,0,533,0,2,0,1,0,0,0,nan,nan,nan,nan,nan,nan,nan
11691,1,5,5,0,1,0,0,533,0,2,0,1,0,0,0,nan,nan,nan,nan,nan,nan,nan
11692,1,4,5,0,1,0,0,533,0,0,0,0,0,0,0,nan,nan,19.044899272388648,nan,nan,nan,nan
11693,1,4,5,0,1,0,0,533,0,0,0,0,0,0,0,nan,nan,nan,nan,nan,nan,nan
11694,1,4,5,0,1,0,0,533,0,0,0,0,0,0,0,nan,nan,nan,nan,nan,nan,nan
11695,1,4,5,0,1,0,0,533,0,0,0,0,0,0,0,nan,nan,nan,nan,nan,nan,nan
11696,1,5,5,0,1,0,0,533,0,0,0,0,0,0,0,24.13626090906473,nan,nan,nan,nan,nan,nan
11697,1,5,5,0,0,1,0,533,0,0,0,0,0,0,0,nan,nan,nan,nan,28.73933560306432,nan,nan
11698,1,5,5,0,0,1,0,533,0,0,0,0,0,0,0,nan,nan,nan,nan,nan,nan,nan
11699,1,5,5,0,0,1,0,533,0,0,0,0,0,0,0,nan,nan,nan,nan,nan,nan,nan
11700,1,5,5,0,0,1,0,533,0,0,0,0,0,0,0,nan,nan,nan,nan,nan,nan,nan
11701,1,5,5,0,0,1,0,533,0,0,0,0,0,0,0,nan,nan,nan,nan,nan,nan,nan
11702,1,5,5,0,0,0,0,534,0,0,0,0,0,0,0,nan,nan,nan,nan,nan,13.40080044692695,36.2214389298515
11703,1,5,5,0,0,0,0,534,0,0,0,0,0,0,0,nan,nan,nan,nan,nan,nan,nan
11704,1,5,5,0,0,0,0,534,0,0,0,0,0,0,0,nan,nan,nan,nan,nan,nan,nan
11705,1,5,5,0,0,0,0,534,0,2,0,0,0,0,0,nan,18.08074655648852,nan,nan,nan,nan,nan
11706,1,5,5,0,0,0,0,534,0,2,0,0,0,0,0,nan,nan,nan,nan,nan,nan,nan
11707,1,5,5,0,0,0,0,534,0,2,0,0,0,0,0,nan,nan,nan,nan,nan,nan,nan
11708,1,5,5,0,1,0,0,534,0,2,0,1,0,0,0,nan,nan,nan,23.089762727953712,nan,nan,nan
11709,1,5,5,0,1,0,0,534,0,2,0,1,0,0,0,nan,nan,nan,nan,nan,nan,nan
11710,1,5,5,0,1,0,0,534,0,2,0,1,0,0,0,nan,nan,nan,nan,nan,nan,nan
11711,1,5,5,0,1,0,0,534,0,2,0,1,0,0,0,nan,nan,nan,nan,nan,nan,nan
11712,1,5,5,0,1,0,0,534,0,2,0,1,0,0,0,nan,nan,nan,nan,nan,nan,nan
11713,1,5,5,0,1,0,0,534,0,2,0,1,0,0,0,nan,nan,nan,nan,nan,nan,nan
11714,1,5,5,0,1,0,0,534,0,2,0,1,0,0,0,nan,nan,nan,nan,nan,nan,nan
11715,1,5,5,0,1,0,0,534,0,2,0,1,0,0,0,nan,nan,nan,nan,nan,nan,nan
11716,1,5,5,0,1,0,0,534,0,2,0,1,0,0,0,nan,nan,nan,nan,nan,nan,nan
11717,1,5,5,0,1,0,0,534,0,2,0,1,0,0,0,nan,nan,nan,nan,nan,nan,nan
11718,1,4,5,0,1,0,0,534,0,0,0,0,0,0,0,nan,nan,25.244794485221064,nan,nan,nan,nan
11719,1,4,5,0,1,0,0,535,0,0,0,0,0,0,1,nan,nan,nan,nan,nan,nan,17.698513059716788
11720,1,4,5,0,1,0,0,535,0,0,0,0,0,0,1,nan,nan,nan,nan,nan,nan,nan
11721,1,4,5,0,1,0,0,535,0,0,0,0,0,1,0,nan,nan,nan,nan,nan,18.871005057950242,nan
11722,1,4,5,0,1,0,0,535,0,0,0,0,0,1,0,nan,nan,nan,nan,nan,nan,nan
11723,1,4,5,0,1,0,0,535,0,0,0,0,0,1,0,nan,nan,nan,nan,nan,nan,nan
11724,1,4,5,0,0,0,0,535,0,0,0,0,0,0,0,nan,nan,nan,nan,27.292534800884823,nan,nan
11725,1,4,5,0,0,0,0,535,0,0,0,0,0,0,0,nan,nan,nan,nan,nan,nan,nan
11726,1,4,5,0,0,0,0,535,0,0,0,0,0,0,0,nan,nan,nan,nan,nan,nan,nan
11727,1,4,5,0,0,0,0,535,0,0,0,0,0,0,0,nan,nan,nan,nan,nan,nan,nan
11728,1,4,5,0,0,0,0,535,0,0,0,0,0,0,0,nan,nan,nan,nan,nan,nan,nan
11729,1,4,5,0,1,0,0,535,0,0,0,1,0,0,0,nan,nan,nan,20.522835808133095,nan,nan,nan
11730,1,4,5,0,1,0,0,535,0,0,0,1,0,0,0,nan,nan,nan,nan,nan,nan,nan
11731,1,4,5,0,1,0,0,535,0,0,0,1,0,0,0,nan,nan,nan,nan,nan,nan,nan
11732,1,4,5,0,1,0,0,536,0,0,0,1,0,0,1,nan,nan,nan,nan,nan,nan,12.973729189698133
11733,1,4,5,0,1,0,0,536,0,0,0,1,0,0,1,nan,nan,nan,nan,nan,nan,nan
11734,1,5,5,0,1,0,0,536,0,0,0,1,0,0,1,37.77921854283704,nan,nan,nan,nan,nan,nan
11735,1,5,5,0,1,0,0,536,0,0,0,1,0,0,1,nan,nan,nan,nan,nan,nan,nan
11736,1,5,5,0,1,0,0,536,0,0,0,1,0,0,1,nan,nan,nan,nan,nan,nan,nan
11737,1,5,5,0,1,0,0,536,0,0,0,1,0,0,1,nan,nan,nan,nan,nan,nan,nan
11738,1,5,5,0,1,0,0,536,0,0,0,1,0,0,1,nan,nan,nan,nan,nan,nan,nan
11739,1,5,5,0,1,0,0,536,0,0,0,1,0,0,1,nan,nan,nan,nan,nan,nan,nan
11740,1,5,4,0,1,0,0,536,0,0,0,0,0,0,1,nan,nan,22.152174977883988,nan,nan,nan,nan
11741,1,5,4,0,1,0,0,536,0,0,0,0,0,0,1,nan,nan,nan,nan,nan,nan,nan
11742,1,5,4,0,1,0,0,536,0,0,0,0,0,0,1,nan,nan,nan,nan,nan,nan,nan
11743,1,5,4,0,1,0,0,536,0,0,0,0,0,0,1,nan,nan,nan,nan,nan,nan,nan
11744,1,5,4,0,1,0,0,536,0,0,0,0,0,0,1,nan,nan,nan,nan,nan,nan,nan
11745,1,5,4,0,1,0,0,536,0,0,0,0,0,0,1,nan,nan,nan,nan,nan,nan,nan
11746,1,5,4,0,1,0,0,536,0,0,0,0,0,1,0,nan,nan,nan,nan,nan,24.980166624567573,nan
11747,1,4,5,0,1,0,0,536,0,0,0,0,0,1,0,nan,41.97817711959033,nan,nan,nan,nan,nan
11748,1,4,5,0,1,0,0,536,0,0,0,0,0,1,0,nan,nan,nan,nan,nan,nan,nan
11749,1,4,5,0,1,0,0,536,0,0,0,0,0,1,0,nan,nan,nan,nan,nan,nan,nan
11750,1,4,5,0,1,0,0,536,0,0,0,0,0,1,0,nan,nan,nan,nan,nan,nan,nan
11751,1,4,5,0,1,0,0,536,0,0,0,0,0,1,0,nan,nan,nan,nan,nan,nan,nan
11752,1,4,5,0,0,0,0,536,0,0,0,0,0,0,0,nan,nan,nan,nan,27.49446090325364,nan,nan
11753,1,4,5,0,0,0,0,536,0,0,0,0,0,0,0,nan,nan,nan,nan,nan,nan,nan
11754,1,4,4,1,0,0,0,536,0,0,0,0,0,0,0,nan,nan,14.646083915436975,nan,nan,nan,nan
11755,1,4,4,1,0,0,0,536,0,0,0,0,0,0,0,nan,nan,nan,nan,nan,nan,nan
11756,1,4,4,1,0,0,0,536,0,0,0,0,0,0,0,nan,nan,nan,nan,nan,nan,nan
11757,1,4,4,1,0,0,0,537,0,0,0,0,0,0,1,nan,nan,nan,nan,nan,nan,24.79561885582916
11758,1,4,4,0,1,0,0,537,0,0,0,0,0,0,1,nan,nan,nan,29.10669011005848,nan,nan,nan
11759,1,4,4,0,1,0,0,537,0,0,0,0,0,0,1,nan,nan,nan,nan,nan,nan,nan
11760,1,4,4,0,1,0,0,537,0,0,0,0,0,0,1,nan,nan,nan,nan,nan,nan,nan
11761,1,4,4,0,1,0,0,537,0,0,0,0,0,0,1,nan,nan,nan,nan,nan,nan,nan
11762,1,4,4,0,1,0,0,537,0,0,0,0,0,0,1,nan,nan,nan,nan,nan,nan,nan
11763,1,4,4,0,1,0,0,537,0,0,0,0,0,0,1,nan,nan,nan,nan,nan,nan,nan
11764,1,4,4,0,1,0,0,537,0,0,0,0,0,0,1,nan,nan,nan,nan,nan,nan,nan
11765,1,4,4,0,1,0,0,537,0,0,0,0,0,0,1,nan,nan,nan,nan,nan,nan,nan
11766,1,4,4,0,1,0,0,537,0,0,0,0,0,0,1,nan,nan,nan,nan,nan,nan,nan
11767,1,4,4,1,1,0,0,537,0,0,0,0,0,0,1,33.005171016373424,19.707575354628716,12.524735848690398,nan,nan,nan,nan
11768,1,4,4,1,1,0,0,537,0,0,0,0,0,0,1,nan,nan,nan,nan,nan,nan,nan
11769,1,4,4,1,1,0,0,537,0,0,0,0,0,0,1,nan,nan,nan,nan,nan,nan,nan
11770,1,4,4,1,1,0,0,537,0,0,0,0,0,0,1,nan,nan,nan,nan,nan,nan,nan
11771,1,4,4,1,1,0,0,537,0,0,0,0,0,0,1,nan,nan,nan,nan,nan,nan,nan
11772,1,4,4,1,1,0,0,537,0,0,0,0,0,0,1,nan,nan,nan,nan,nan,nan,nan
11773,1,4,4,1,1,0,0,537,0,0,0,0,0,0,1,nan,nan,nan,nan,nan,nan,nan
11774,1,4,4,0,2,0,0,537,0,0,0,0,0,0,1,nan,nan,nan,16.334128929012877,nan,nan,nan
11775,1,4,4,0,1,1,0,537,0,0,0,0,0,0,1,nan,nan,nan,nan,23.159525227029008,nan,nan
11776,1,4,4,0,1,1,0,537,0,0,0,0,0,0,1,nan,nan,nan,nan,nan,nan,nan
11777,1,4,4,0,1,1,0,537,0,0,0,0,0,0,1,nan,nan,nan,nan,nan,nan,nan
11778,1,4,4,0,1,1,0,537,0,0,0,0,0,0,1,nan,nan,nan,nan,nan,nan,nan
11779,1,4,4,0,1,0,0,537,0,0,0,0,0,0,0,nan,nan,nan,nan,nan,33.06429311882857,nan
11780,1,4,4,0,1,0,0,537,0,0,0,0,0,0,0,nan,nan,nan,nan,nan,nan,nan
11781,1,4,4,0,1,0,0,537,0,0,0,0,0,0,0,nan,nan,nan,nan,nan,nan,nan
11782,1,4,4,0,1,0,0,537,0,0,0,0,0,0,0,nan,nan,nan,nan,nan,nan,nan
11783,1,4,5,0,1,0,0,537,0,0,0,0,0,0,0,16.402709748164852,16.028804969284465,nan,nan,nan,nan,nan
11784,1,4,5,0,1,0,0,537,0,0,0,0,0,0,0,nan,nan,nan,nan,nan,nan,nan
11785,1,4,5,0,1,0,0,537,0,0,0,0,0,0,0,nan,nan,nan,nan,nan,nan,nan
11786,1,4,5,0,1,0,0,537,0,0,0,0,0,0,0,nan,nan,nan,nan,nan,nan,nan
11787,1,4,5,0,1,0,0,537,0,0,0,0,0,0,0,nan,nan,nan,nan,nan,nan,nan
11788,1,4,4,1,1,0,0,538,0,0,0,0,0,0,1,nan,nan,21.16020178587678,nan,nan,nan,30.692119327173714
11789,1,4,4,1,1,0,0,538,0,0,0,0,0,0,1,nan,nan,nan,nan,nan,nan,nan
11790,1,4,4,1,1,0,0,538,0,0,0,0,0,0,1,nan,nan,nan,nan,nan,nan,nan
11791,1,4,4,1,1,0,0,538,0,0,0,0,0,0,1,nan,nan,nan,nan,nan,nan,nan
11792,1,4,4,1,1,0,0,538,0,0,0,0,0,0,1,nan,nan,nan,nan,nan,nan,nan
11793,1,4,4,0,2,0,0,538,0,0,0,0,0,0,1,nan,nan,nan,19.25222022084199,nan,nan,nan
11794,1,4,4,0,2,0,0,538,0,0,0,0,0,0,1,nan,nan,nan,nan,nan,nan,nan
11795,1,4,4,0,2,0,0,538,0,0,0,0,0,0,1,nan,nan,nan,nan,nan,nan,nan
11796,1,4,4,0,1,1,0,538,0,0,0,0,0,0,1,nan,nan,nan,nan,20.997360765732083,nan,nan
11797,1,4,4,0,1,1,0,538,0,0,0,0,0,0,1,nan,nan,nan,nan,nan,nan,nan
11798,1,3,5,0,1,0,0,538,0,0,0,0,0,0,0,nan,15.311826480430682,nan,nan,nan,19.03412961343929,nan
11799,1,3,5,0,1,0,0,538,0,0,0,0,0,0,0,nan,nan,nan,nan,nan,nan,nan
11800,1,3,5,0,1,0,0,538,0,0,0,0,0,0,0,nan,nan,nan,nan,nan,nan,nan
11801,1,3,5,0,1,0,0,538,0,0,0,0,0,0,0,nan,nan,nan,nan,nan,nan,nan
11802,1,3,5,0,1,0,0,538,0,0,0,0,0,0,0,nan,nan,nan,nan,nan,nan,nan
11803,1,3,5,0,1,0,0,538,0,0,0,0,0,0,0,nan,nan,nan,nan,nan,nan,nan
11804,1,3,5,0,1,0,0,538,0,0,0,0,0,0,0,nan,nan,nan,nan,nan,nan,nan
11805,1,3,5,0,1,0,0,538,0,0,0,0,0,0,0,nan,nan,nan,nan,nan,nan,nan
11806,1,3,5,0,1,0,0,538,0,0,0,0,0,0,0,nan,nan,nan,nan,nan,nan,nan
11807,1,3,5,0,1,0,0,538,0,0,0,0,0,0,0,nan,nan,nan,nan,nan,nan,nan
11808,1,3,5,0,1,0,0,538,0,0,0,0,0,0,0,nan,nan,nan,nan,nan,nan,nan
11809,1,4,5,0,1,0,0,538,0,0,0,0,0,0,0,26.328441349964123,nan,nan,nan,nan,nan,nan
11810,1,4,5,0,1,0,0,538,0,2,0,0,0,0,0,nan,11.899491495285474,nan,nan,nan,nan,nan
11811,1,3,5,1,1,0,0,538,0,0,0,0,0,0,0,nan,nan,22.52706196973122,nan,nan,nan,nan
11812,1,3,5,1,1,0,0,538,0,0,0,0,0,0,0,nan,nan,nan,nan,nan,nan,nan
11813,1,3,5,1,1,0,0,538,0,0,0,0,0,0,0,nan,nan,nan,nan,nan,nan,nan
11814,1,3,5,1,1,0,0,538,0,0,0,0,0,0,0,nan,nan,nan,nan,nan,nan,nan
11815,1,3,5,1,0,1,0,538,0,0,0,0,0,0,0,nan,nan,nan,nan,18.84921147560999,nan,nan
11816,1,3,5,1,0,1,0,538,0,0,0,0,0,0,0,nan,nan,nan,nan,nan,nan,nan
11817,1,3,5,0,1,1,0,538,0,0,0,0,0,0,0,nan,nan,nan,23.057226397322665,nan,nan,nan
11818,1,3,5,0,1,0,1,538,0,0,0,0,0,0,0,nan,nan,nan,nan,nan,20.54463536979347,nan
11819,1,3,5,0,1,0,1,538,0,0,0,0,0,0,0,nan,nan,nan,nan,nan,nan,nan
11820,1,3,5,0,1,0,1,538,0,0,0,0,0,0,0,nan,nan,nan,nan,nan,nan,nan
11821,1,3,5,0,1,0,1,538,0,0,0,0,0,0,0,nan,nan,nan,nan,nan,nan,nan
11822,1,3,5,0,1,0,1,538,0,0,0,0,0,0,0,nan,nan,nan,nan,nan,nan,nan
11823,1,3,5,0,1,0,1,538,0,0,0,0,0,0,0,nan,nan,nan,nan,nan,nan,nan
11824,1,4,5,0,1,0,0,539,0,0,0,0,0,0,0,14.785169314614905,nan,nan,nan,nan,nan,36.265777299253386
11825,1,4,5,0,1,0,0,539,0,0,0,0,0,0,0,nan,nan,nan,nan,nan,nan,nan
11826,1,4,5,0,1,0,0,539,0,0,0,0,0,0,0,nan,nan,nan,nan,nan,nan,nan
11827,1,4,5,0,1,0,0,539,0,0,0,0,0,0,0,nan,nan,nan,nan,nan,nan,nan
11828,1,4,5,0,1,0,0,539,0,0,0,0,0,0,0,nan,nan,nan,nan,nan,nan,nan
11829,1,4,5,0,1,0,0,539,0,0,0,0,0,0,0,nan,nan,nan,nan,nan,nan,nan
11830,1,4,5,0,0,1,0,539,0,0,0,0,0,0,0,nan,nan,nan,nan,14.893394548891592,nan,nan
11831,1,4,5,0,0,1,0,539,0,2,0,0,0,0,0,nan,21.081582715218246,nan,nan,nan,nan,nan
11832,1,4,5,0,0,1,0,539,0,2,0,0,0,0,0,nan,nan,nan,nan,nan,nan,nan
11833,1,4,5,0,0,1,0,539,0,2,0,0,0,0,0,nan,nan,nan,nan,nan,nan,nan
11834,1,4,5,0,0,1,0,539,0,2,0,0,0,0,0,nan,nan,nan,nan,nan,nan,nan
11835,1,4,5,0,1,1,0,539,0,2,0,1,0,0,0,nan,nan,nan,18.703925863701443,nan,nan,nan
11836,1,3,5,0,1,1,0,539,0,0,0,0,0,0,0,nan,nan,25.35134183847913,nan,nan,nan,nan
11837,1,3,5,0,1,1,0,539,0,0,0,0,0,0,0,nan,nan,nan,nan,nan,nan,nan
11838,1,3,5,0,1,1,0,539,0,0,0,0,0,0,0,nan,nan,nan,nan,nan,nan,nan
11839,1,3,5,0,0,2,0,539,0,0,0,0,0,0,0,nan,nan,nan,nan,8.923223037183561,nan,nan
11840,1,3,5,0,0,2,0,539,0,0,0,0,0,0,0,nan,nan,nan,nan,nan,nan,nan
11841,1,3,5,0,0,2,0,540,0,0,0,0,0,0,1,nan,nan,nan,nan,nan,nan,17.01322684061779
11842,1,3,5,0,0,2,0,540,0,0,0,0,0,0,1,nan,nan,nan,nan,nan,nan,nan
11843,1,3,5,0,0,2,0,540,0,0,0,0,0,0,1,nan,nan,nan,nan,nan,nan,nan
11844,1,3,5,0,0,2,0,540,0,0,0,0,0,0,1,nan,nan,nan,nan,nan,nan,nan
11845,1,3,5,0,0,2,0,540,0,0,0,0,0,0,1,nan,nan,nan,nan,nan,nan,nan
11846,1,3,5,0,0,2,0,540,0,0,0,0,0,0,1,nan,nan,nan,nan,nan,nan,nan
11847,1,4,5,0,0,2,0,540,0,0,0,0,0,0,1,22.49717930199222,nan,nan,nan,nan,nan,nan
11848,1,4,5,0,0,2,0,540,0,0,0,0,0,0,1,nan,nan,nan,nan,nan,nan,nan
11849,1,4,5,0,0,2,0,540,0,0,0,0,0,0,1,nan,nan,nan,nan,nan,nan,nan
11850,1,4,5,0,0,1,0,540,0,2,0,0,0,0,0,nan,18.690300585411023,nan,nan,nan,31.452923869703227,nan
11851,1,4,5,0,0,1,0,540,0,2,0,0,0,0,0,nan,nan,nan,nan,nan,nan,nan
11852,1,4,5,0,1,1,0,540,0,2,0,1,0,0,0,nan,nan,nan,16.40851344296425,nan,nan,nan
11853,1,4,5,0,1,1,0,540,0,2,0,1,0,0,0,nan,nan,nan,nan,nan,nan,nan
11854,1,4,5,0,1,1,0,540,0,2,0,1,0,0,0,nan,nan,nan,nan,nan,nan,nan
11855,1,4,5,0,1,1,0,540,0,2,0,1,0,0,0,nan,nan,nan,nan,nan,nan,nan
11856,1,4,5,0,1,1,0,540,0,2,0,1,0,0,0,nan,nan,nan,nan,nan,nan,nan
11857,1,4,5,0,0,2,0,540,0,2,0,1,0,0,0,nan,nan,nan,nan,17.818037513987292,nan,nan
11858,1,4,5,0,0,2,0,540,0,2,0,1,0,0,0,nan,nan,nan,nan,nan,nan,nan
11859,1,3,5,0,0,2,0,540,0,0,0,0,0,0,0,nan,nan,23.43204607467851,nan,nan,nan,nan
11860,1,3,5,0,0,2,0,540,0,0,0,0,0,0,0,nan,nan,nan,nan,nan,nan,nan
11861,1,3,5,0,0,2,0,540,0,0,0,0,0,0,0,nan,nan,nan,nan,nan,nan,nan
11862,1,3,5,0,0,2,0,540,0,0,0,0,0,0,0,nan,nan,nan,nan,nan,nan,nan
11863,1,3,5,0,0,2,0,540,0,0,0,0,0,0,0,nan,nan,nan,nan,nan,nan,nan
11864,1,4,5,0,0,2,0,540,0,0,0,0,0,0,0,17.61897537303048,nan,nan,nan,nan,nan,nan
11865,1,4,5,0,0,2,0,540,0,0,0,0,0,0,0,nan,nan,nan,nan,nan,nan,nan
11866,1,4,5,0,0,2,0,540,0,0,0,0,0,0,0,nan,nan,nan,nan,nan,nan,nan
11867,1,4,5,0,0,2,0,540,0,0,0,0,0,0,0,nan,nan,nan,nan,nan,nan,nan
11868,1,4,5,0,0,2,0,540,0,0,0,0,0,0,0,nan,nan,nan,nan,nan,nan,nan
11869,1,4,5,0,0,2,0,540,0,0,0,0,0,0,0,nan,nan,nan,nan,nan,nan,nan
11870,1,4,5,0,0,2,0,540,0,0,0,0,0,0,0,nan,nan,nan,nan,nan,nan,nan
11871,1,4,5,0,1,2,0,540,0,0,0,1,0,0,0,nan,nan,nan,19.447283485325897,nan,nan,nan
11872,1,4,5,0,1,2,0,540,0,2,0,1,0,0,0,nan,21.63300270021864,nan,nan,nan,nan,nan
11873,1,4,5,0,1,2,0,541,0,2,0,1,0,0,1,nan,nan,nan,nan,nan,nan,32.350644924466906
11874,1,4,5,0,1,2,0,541,0,2,0,1,0,0,1,nan,nan,nan,nan,nan,nan,nan
11875,1,4,5,0,1,2,0,541,0,2,0,1,0,0,1,nan,nan,nan,nan,nan,nan,nan
11876,1,3,5,0,1,1,0,541,0,0,0,0,0,0,0,nan,nan,16.781544817680697,nan,nan,26.699151706245175,nan
11877,1,3,5,0,0,2,0,541,0,0,0,0,0,0,0,nan,nan,nan,nan,20.147110062560387,nan,nan
11878,1,3,5,0,0,2,0,541,0,0,0,0,0,0,0,nan,nan,nan,nan,nan,nan,nan
11879,1,3,5,0,0,2,0,541,0,0,0,0,0,0,0,nan,nan,nan,nan,nan,nan,nan
11880,1,3,5,0,0,2,0,541,0,0,0,0,0,0,0,nan,nan,nan,nan,nan,nan,nan
11881,1,3,5,0,0,2,0,541,0,0,0,0,0,0,0,nan,nan,nan,nan,nan,nan,nan
11882,1,3,5,0,0,2,0,541,0,0,0,0,0,0,0,nan,nan,nan,nan,nan,nan,nan
11883,1,3,5,0,0,2,0,541,0,0,0,0,0,0,0,nan,nan,nan,nan,nan,nan,nan
11884,1,4,5,0,0,2,0,541,0,0,0,0,0,0,0,19.566368430840157,nan,nan,nan,nan,nan,nan
11885,1,4,5,0,0,2,0,541,0,0,0,0,0,0,0,nan,nan,nan,nan,nan,nan,nan
11886,1,4,5,0,0,2,0,541,0,0,0,0,0,0,0,nan,nan,nan,nan,nan,nan,nan
11887,1,4,4,1,0,2,0,541,0,0,0,0,0,0,0,nan,nan,10.407374510170484,nan,nan,nan,nan
11888,1,4,4,1,0,2,0,541,0,0,0,0,0,0,0,nan,nan,nan,nan,nan,nan,nan
11889,1,4,4,1,0,2,0,541,0,0,0,0,0,0,0,nan,nan,nan,nan,nan,nan,nan
11890,1,4,4,0,1,1,1,541,0,0,0,0,0,0,0,nan,nan,nan,18.776630910449967,nan,13.107497653176324,nan
11891,1,4,4,0,1,1,1,541,0,0,0,0,0,0,0,nan,nan,nan,nan,nan,nan,nan
11892,1,4,4,0,1,1,1,541,0,0,0,0,0,0,0,nan,nan,nan,nan,nan,nan,nan
11893,1,4,4,0,1,1,1,541,0,0,0,0,0,0,0,nan,nan,nan,nan,nan,nan,nan
11894,1,4,4,0,1,1,1,541,0,0,0,0,0,0,0,nan,nan,nan,nan,nan,nan,nan
11895,1,3,5,0,1,1,1,541,0,0,0,0,0,0,0,nan,22.893734330058578,nan,nan,nan,nan,nan
11896,1,3,5,0,1,1,1,541,0,0,0,0,0,0,0,nan,nan,nan,nan,nan,nan,nan
11897,1,3,5,0,1,1,1,541,0,0,0,0,0,0,0,nan,nan,nan,nan,nan,nan,nan
11898,1,3,5,0,1,1,1,541,0,0,0,0,0,0,0,nan,nan,nan,nan,nan,nan,nan
11899,1,3,5,0,0,2,1,541,0,0,0,0,0,0,0,nan,nan,nan,nan,22.67250516697277,nan,nan
11900,1,3,5,0,0,2,0,542,0,0,0,0,0,0,0,nan,nan,nan,nan,nan,nan,26.86035822834492
11901,1,3,5,0,0,2,0,542,0,0,0,0,0,0,0,nan,nan,nan,nan,nan,nan,nan
11902,1,4,5,0,0,2,0,542,0,0,0,0,0,0,0,18.4850324552408,nan,nan,nan,nan,nan,nan
11903,1,4,5,0,0,2,0,542,0,0,0,0,0,0,0,nan,nan,nan,nan,nan,nan,nan
11904,1,4,5,0,0,2,0,542,0,0,0,0,0,0,0,nan,nan,nan,nan,nan,nan,nan
11905,1,4,5,0,0,2,0,542,0,0,0,0,0,0,0,nan,nan,nan,nan,nan,nan,nan
11906,1,4,5,0,0,2,0,542,0,0,0,0,0,0,0,nan,nan,nan,nan,nan,nan,nan
11907,1,4,5,0,0,2,0,542,0,0,0,0,0,0,0,nan,nan,nan,nan,nan,nan,nan
11908,1,4,5,0,0,2,0,542,0,0,0,0,0,0,0,nan,nan,nan,nan,nan,nan,nan
11909,1,4,4,1,0,2,0,542,0,0,0,0,0,0,0,nan,nan,22.46337205949021,nan,nan,nan,nan
11910,1,4,4,1,0,2,0,542,0,0,0,0,0,0,0,nan,nan,nan,nan,nan,nan,nan
11911,1,4,4,0,1,2,0,542,0,0,0,0,0,0,0,nan,nan,nan,21.452253280140212,nan,nan,nan
11912,1,4,4,0,1,2,0,542,0,0,0,0,0,0,0,nan,nan,nan,nan,nan,nan,nan
11913,1,4,4,0,1,2,0,542,0,0,0,0,0,0,0,nan,nan,nan,nan,nan,nan,nan
11914,1,4,4,0,1,2,0,542,0,0,0,0,0,0,0,nan,nan,nan,nan,nan,nan,nan
11915,1,4,4,0,1,2,0,542,0,0,0,0,0,0,0,nan,nan,nan,nan,nan,nan,nan
11916,1,4,4,0,1,2,0,542,0,0,0,0,0,0,0,nan,nan,nan,nan,nan,nan,nan
11917,1,4,4,0,1,2,0,542,0,0,0,0,0,0,0,nan,nan,nan,nan,nan,nan,nan
11918,1,4,4,0,1,2,0,542,0,0,0,0,0,0,0,nan,nan,nan,nan,nan,nan,nan
11919,1,4,4,0,0,3,0,542,0,0,0,0,0,0,0,nan,nan,nan,nan,19.826884474350663,nan,nan
11920,1,3,5,0,0,3,0,542,0,0,0,0,0,0,0,nan,25.58985454583126,nan,nan,nan,nan,nan
11921,1,3,5,0,0,3,0,543,0,0,0,0,0,0,1,nan,nan,nan,nan,nan,nan,20.30620006848403
11922,1,3,5,0,0,3,0,543,0,0,0,0,0,0,1,nan,nan,nan,nan,nan,nan,nan
11923,1,3,5,0,0,3,0,543,0,0,0,0,0,0,1,nan,nan,nan,nan,nan,nan,nan
11924,1,3,5,0,0,3,0,543,0,0,0,0,0,0,1,nan,nan,nan,nan,nan,nan,nan
11925,1,3,5,0,0,3,0,543,0,0,0,0,0,0,1,nan,nan,nan,nan,nan,nan,nan
11926,1,3,5,0,0,3,0,543,0,0,0,0,0,0,1,nan,nan,nan,nan,nan,nan,nan
11927,1,3,5,0,0,2,0,543,0,0,0,0,0,0,0,nan,nan,nan,nan,nan,37.924303154715744,nan
11928,1,3,5,0,0,2,0,543,0,0,0,0,0,0,0,nan,nan,nan,nan,nan,nan,nan
11929,1,3,5,0,0,2,0,543,0,0,0,0,0,0,0,nan,nan,nan,nan,nan,nan,nan
11930,1,4,5,0,0,2,0,543,0,0,0,0,0,0,0,28.012777588588506,nan,nan,nan,nan,nan,nan
11931,1,4,5,0,0,2,0,543,0,0,0,0,0,0,0,nan,nan,nan,nan,nan,nan,nan
11932,1,4,5,0,0,2,0,543,0,0,0,0,0,0,0,nan,nan,nan,nan,nan,nan,nan
11933,1,4,5,0,0,2,0,543,0,0,0,0,0,0,0,nan,nan,nan,nan,nan,nan,nan
11934,1,4,5,0,1,2,0,543,0,0,0,1,0,0,0,nan,nan,nan,22.465133423607767,nan,nan,nan
11935,1,3,5,0,1,2,0,543,0,0,0,0,0,0,0,nan,14.396238521878331,25.537765074388517,nan,nan,nan,nan
11936,1,3,5,0,1,2,0,543,0,0,0,0,0,0,0,nan,nan,nan,nan,nan,nan,nan
11937,1,3,5,0,1,2,0,543,0,0,0,0,0,0,0,nan,nan,nan,nan,nan,nan,nan
11938,1,3,5,0,1,2,0,543,0,0,0,0,0,0,0,nan,nan,nan,nan,nan,nan,nan
11939,1,3,5,0,1,2,0,543,0,0,0,0,0,0,0,nan,nan,nan,nan,nan,nan,nan
11940,1,3,5,0,1,2,0,543,0,0,0,0,0,0,0,nan,nan,nan,nan,nan,nan,nan
11941,1,3,5,0,1,2,0,543,0,0,0,0,0,0,0,nan,nan,nan,nan,nan,nan,nan
11942,1,3,5,0,1,2,0,543,0,0,0,0,0,0,0,nan,nan,nan,nan,nan,nan,nan
11943,1,3,5,0,1,2,0,543,0,0,0,0,0,0,0,nan,nan,nan,nan,nan,nan,nan
11944,1,3,5,0,1,2,0,543,0,0,0,0,0,0,0,nan,nan,nan,nan,nan,nan,nan
11945,1,3,5,0,1,2,0,543,0,0,0,0,0,0,0,nan,nan,nan,nan,nan,nan,nan
11946,1,3,5,0,1,2,0,544,0,0,0,0,0,0,1,nan,nan,nan,nan,nan,nan,25.680693118058116
11947,1,3,4,1,1,2,0,544,0,0,0,0,0,0,1,nan,nan,12.18043016887168,nan,nan,nan,nan
11948,1,3,4,1,1,2,0,544,0,0,0,0,0,0,1,nan,nan,nan,nan,nan,nan,nan
11949,1,3,4,1,1,2,0,544,0,0,0,0,0,0,1,nan,nan,nan,nan,nan,nan,nan
11950,1,3,4,1,0,3,0,544,0,0,0,0,0,0,1,nan,nan,nan,nan,30.492155974645357,nan,nan
11951,1,4,4,1,0,3,0,544,0,0,0,0,0,0,1,20.97657365352461,nan,nan,nan,nan,nan,nan
11952,1,4,4,1,0,3,0,544,0,0,0,0,0,0,1,nan,nan,nan,nan,nan,nan,nan
11953,1,4,4,1,0,3,0,544,0,0,0,0,0,0,1,nan,nan,nan,nan,nan,nan,nan
11954,1,4,4,1,0,2,0,544,0,0,0,0,0,0,0,nan,nan,nan,nan,nan,26.602769408449603,nan
11955,1,3,5,0,1,2,0,544,0,0,0,0,0,0,0,nan,20.450249071587677,nan,21.30693736788453,nan,nan,nan
11956,1,3,5,0,1,2,0,544,0,0,0,0,0,0,0,nan,nan,nan,nan,nan,nan,nan
11957,1,3,5,0,1,2,0,544,0,0,0,0,0,0,0,nan,nan,nan,nan,nan,nan,nan
11958,1,3,5,0,1,2,0,544,0,0,0,0,0,0,0,nan,nan,nan,nan,nan,nan,nan
11959,1,3,5,0,1,2,0,544,0,0,0,0,0,0,0,nan,nan,nan,nan,nan,nan,nan
11960,1,3,5,0,1,2,0,544,0,0,0,0,0,0,0,nan,nan,nan,nan,nan,nan,nan
11961,1,3,5,0,1,2,0,544,0,0,0,0,0,0,0,nan,nan,nan,nan,nan,nan,nan
11962,1,3,5,0,1,2,0,544,0,0,0,0,0,0,0,nan,nan,nan,nan,nan,nan,nan
11963,1,3,5,0,1,2,0,544,0,0,0,0,0,0,0,nan,nan,nan,nan,nan,nan,nan
11964,1,3,5,0,1,2,0,544,0,0,0,0,0,0,0,nan,nan,nan,nan,nan,nan,nan
11965,1,3,5,0,2,2,0,544,0,0,0,1,0,0,0,nan,nan,nan,10.081581132897554,nan,nan,nan
11966,1,3,5,0,1,3,0,544,0,0,0,1,0,0,0,nan,nan,nan,nan,16.72480443171844,nan,nan
11967,1,3,5,0,1,3,0,544,0,0,0,1,0,0,0,nan,nan,nan,nan,nan,nan,nan
11968,1,3,5,0,1,3,0,544,0,0,0,1,0,0,0,nan,nan,nan,nan,nan,nan,nan
11969,1,3,5,0,1,3,0,544,0,0,0,1,0,0,0,nan,nan,nan,nan,nan,nan,nan
11970,1,3,5,0,1,3,0,545,0,0,0,1,0,0,1,nan,nan,nan,nan,nan,nan,23.78249954042076
11971,1,3,5,0,1,3,0,545,0,0,0,1,0,0,1,nan,nan,nan,nan,nan,nan,nan
11972,1,3,5,0,1,3,0,545,0,0,0,1,0,0,1,nan,nan,nan,nan,nan,nan,nan
11973,1,3,5,0,1,3,0,545,0,0,0,1,0,0,1,nan,nan,nan,nan,nan,nan,nan
11974,1,3,4,0,1,2,0,545,0,0,0,0,0,0,0,nan,nan,27.598664942224787,nan,nan,19.526264757756508,nan
11975,1,4,4,0,1,2,0,545,0,0,0,0,0,0,0,23.795949489935083,nan,nan,nan,nan,nan,nan
11976,1,3,5,0,1,2,0,545,0,0,0,0,0,0,0,nan,20.727475569245144,nan,nan,nan,nan,nan
11977,1,3,5,0,1,2,0,545,0,0,0,0,0,0,0,nan,nan,nan,nan,nan,nan,nan
11978,1,3,5,0,1,2,0,545,0,0,0,0,0,0,0,nan,nan,nan,nan,nan,nan,nan
11979,1,3,5,0,1,2,0,545,0,0,0,0,0,0,0,nan,nan,nan,nan,nan,nan,nan
11980,1,3,5,0,1,2,0,545,0,0,0,0,0,0,0,nan,nan,nan,nan,nan,nan,nan
11981,1,3,5,0,1,2,0,545,0,0,0,0,0,0,0,nan,nan,nan,nan,nan,nan,nan
11982,1,3,5,0,0,3,0,545,0,0,0,0,0,0,0,nan,nan,nan,nan,15.4553446515838,nan,nan
11983,1,3,5,0,0,3,0,545,0,0,0,0,0,0,0,nan,nan,nan,nan,nan,nan,nan
11984,1,3,5,0,0,3,0,545,0,0,0,0,0,0,0,nan,nan,nan,nan,nan,nan,nan
11985,1,3,5,0,0,3,0,545,0,0,0,0,0,0,0,nan,nan,nan,nan,nan,nan,nan
11986,1,3,5,0,0,3,0,545,0,2,0,0,0,0,0,nan,10.605839710855435,nan,nan,nan,nan,nan
11987,1,3,5,0,0,3,0,546,0,2,0,0,0,0,1,nan,nan,nan,nan,nan,nan,16.52829428572295
11988,1,3,5,0,0,3,0,546,0,2,0,0,0,0,1,nan,nan,nan,nan,nan,nan,nan
11989,1,3,5,0,0,3,0,546,0,2,0,0,0,0,1,nan,nan,nan,nan,nan,nan,nan
11990,1,4,5,0,1,3,0,546,0,2,0,1,0,0,1,14.499862069149458,nan,nan,24.815613493545243,nan,nan,nan
11991,1,4,5,0,1,3,0,546,0,2,0,1,0,0,1,nan,nan,nan,nan,nan,nan,nan
11992,1,4,5,0,1,3,0,546,0,2,0,1,0,0,1,nan,nan,nan,nan,nan,nan,nan
11993,1,4,5,0,1,2,0,546,0,2,0,1,0,0,0,nan,nan,nan,nan,nan,19.08219493028082,nan
11994,1,4,5,0,1,2,0,546,0,2,0,1,0,0,0,nan,nan,nan,nan,nan,nan,nan
11995,1,4,5,0,1,2,0,546,0,2,0,1,0,0,0,nan,nan,nan,nan,nan,nan,nan
11996,1,3,5,0,1,2,0,546,0,0,0,0,0,0,0,nan,nan,21.419472435240095,nan,nan,nan,nan
11997,1,3,5,0,1,2,0,546,0,0,0,0,0,0,0,nan,nan,nan,nan,nan,nan,nan
11998,1,3,5,0,1,2,0,546,0,0,0,0,0,0,0,nan,nan,nan,nan,nan,nan,nan
11999,1,3,5,0,1,2,0,546,0,0,0,0,0,0,0,nan,nan,nan,nan,nan,nan,nan
12000,1,3,5,0,1,2,0,546,0,0,0,0,0,0,0,nan,nan,nan,nan,nan,nan,nan
12001,1,3,5,0,1,2,0,546,0,0,0,0,0,0,0,nan,nan,nan,nan,nan,nan,nan
12002,1,3,5,0,1,2,0,546,0,0,0,0,0,0,0,nan,nan,nan,nan,nan,nan,nan
12003,1,3,5,0,0,3,0,546,0,0,0,0,0,0,0,nan,nan,nan,nan,20.791961022188843,nan,nan
12004,1,4,5,0,0,3,0,546,0,0,0,0,0,0,0,14.433579272816132,nan,nan,nan,nan,nan,nan
12005,1,4,5,0,0,3,0,547,0,0,0,0,0,0,1,nan,nan,nan,nan,nan,nan,18.566548771639646
12006,1,4,5,0,0,2,0,547,0,0,0,0,0,0,0,nan,nan,nan,nan,nan,13.482490710322963,nan
12007,1,4,5,0,0,2,0,547,0,0,0,0,0,0,0,nan,nan,nan,nan,nan,nan,nan
12008,1,4,5,0,0,2,0,547,0,0,0,0,0,0,0,nan,nan,nan,nan,nan,nan,nan
12009,1,4,5,0,0,2,0,547,0,0,0,0,0,0,0,nan,nan,nan,nan,nan,nan,nan
12010,1,4,5,0,0,2,0,547,0,0,0,0,0,0,0,nan,nan,nan,nan,nan,nan,nan
12011,1,4,5,0,0,2,0,547,0,0,0,0,0,0,0,nan,nan,nan,nan,nan,nan,nan
12012,1,4,5,0,0,2,0,547,0,0,0,0,0,0,0,nan,nan,nan,nan,nan,nan,nan
12013,1,4,5,0,0,2,0,547,0,0,0,0,0,0,0,nan,nan,nan,nan,nan,nan,nan
12014,1,4,5,0,0,2,0,547,0,0,0,0,0,0,0,nan,nan,nan,nan,nan,nan,nan
12015,1,4,5,0,0,2,0,547,0,2,0,0,0,0,0,nan,28.27478349048397,nan,nan,nan,nan,nan
12016,1,4,5,0,0,2,0,547,0,2,0,0,0,0,0,nan,nan,nan,nan,nan,nan,nan
12017,1,3,5,1,0,2,0,547,0,0,0,0,0,0,0,nan,nan,21.121553057790152,nan,nan,nan,nan
12018,1,3,5,1,0,3,0,547,0,0,0,0,1,0,0,nan,nan,nan,nan,15.273377048986731,nan,nan
12019,1,3,5,1,0,3,0,547,0,0,0,0,1,0,0,nan,nan,nan,nan,nan,nan,nan
12020,1,3,5,0,0,3,0,547,0,0,0,0,0,0,0,nan,nan,nan,30.398129978257202,nan,nan,nan
12021,1,3,5,0,0,3,0,547,0,0,0,0,0,0,0,nan,nan,nan,nan,nan,nan,nan
12022,1,4,5,0,0,3,0,548,0,0,0,0,0,0,1,17.76659899261722,nan,nan,nan,nan,nan,16.508123100069497
12023,1,4,5,0,0,3,0,548,0,0,0,0,0,0,1,nan,nan,nan,nan,nan,nan,nan
12024,1,4,5,0,0,2,0,548,0,0,0,0,0,0,0,nan,nan,nan,nan,nan,17.878007710714883,nan
12025,1,4,5,0,0,2,0,548,0,0,0,0,0,0,0,nan,nan,nan,nan,nan,nan,nan
12026,1,4,5,0,0,2,0,548,0,0,0,0,0,0,0,nan,nan,nan,nan,nan,nan,nan
12027,1,4,5,0,0,2,0,548,0,0,0,0,0,0,0,nan,nan,nan,nan,nan,nan,nan
12028,1,4,5,0,0,2,0,548,0,0,0,0,0,0,0,nan,nan,nan,nan,nan,nan,nan
12029,1,4,5,0,0,2,0,548,0,0,0,0,0,0,0,nan,nan,nan,nan,nan,nan,nan
12030,1,4,5,0,0,2,0,548,0,0,0,0,0,0,0,nan,nan,nan,nan,nan,nan,nan
12031,1,4,5,0,0,2,0,548,0,0,0,0,0,0,0,nan,nan,nan,nan,nan,nan,nan
12032,1,4,5,0,0,3,0,548,0,0,0,0,1,0,0,nan,nan,nan,nan,14.477572712010442,nan,nan
12033,1,4,5,0,0,3,0,548,0,0,0,1,0,0,0,nan,nan,nan,12.129508050305958,nan,nan,nan
12034,1,4,5,0,0,3,0,548,0,0,0,1,0,0,0,nan,nan,nan,nan,nan,nan,nan
12035,1,4,5,0,0,3,0,548,0,2,0,1,0,0,0,nan,20.3630761008626,nan,nan,nan,nan,nan
12036,1,4,5,0,0,3,0,548,0,2,0,1,0,0,0,nan,nan,nan,nan,nan,nan,nan
12037,1,4,5,0,0,3,0,548,0,2,0,1,0,0,0,nan,nan,nan,nan,nan,nan,nan
12038,1,4,5,0,0,2,1,548,0,2,0,1,0,0,0,nan,nan,nan,nan,nan,14.209856476862115,nan
12039,1,4,5,0,0,2,1,548,0,2,0,1,0,0,0,nan,nan,nan,nan,nan,nan,nan
12040,1,4,5,0,0,2,0,549,0,2,0,1,0,0,0,nan,nan,nan,nan,nan,nan,18.262527621602203
12041,1,4,5,0,0,2,0,549,0,2,0,1,0,0,0,nan,nan,nan,nan,nan,nan,nan
12042,1,4,5,0,0,2,0,549,0,2,0,1,0,0,0,nan,nan,nan,nan,nan,nan,nan
12043,1,4,5,0,0,3,0,549,0,2,0,1,1,0,0,nan,nan,nan,nan,10.42620249668471,nan,nan
12044,1,4,5,0,0,3,0,549,0,2,0,1,1,0,0,nan,nan,nan,nan,nan,nan,nan
12045,1,5,5,0,0,3,0,549,0,2,0,1,1,0,0,23.59125903721724,nan,nan,nan,nan,nan,nan
12046,1,5,5,0,0,3,0,549,0,2,0,1,1,0,0,nan,nan,nan,nan,nan,nan,nan
12047,1,5,5,0,0,3,0,549,0,2,0,1,1,0,0,nan,nan,nan,nan,nan,nan,nan
12048,1,4,5,0,0,3,0,549,0,0,0,0,1,0,0,nan,nan,30.759586013124135,nan,nan,nan,nan
12049,1,4,5,0,0,3,0,549,0,0,0,0,1,0,0,nan,nan,nan,nan,nan,nan,nan
12050,1,4,5,0,0,2,1,549,0,0,0,0,1,0,0,nan,nan,nan,nan,nan,11.656659671965826,nan
12051,1,4,5,0,0,2,1,549,0,0,0,0,1,0,0,nan,nan,nan,nan,nan,nan,nan
12052,1,4,5,0,0,2,1,549,0,0,0,0,1,0,0,nan,nan,nan,nan,nan,nan,nan
12053,1,4,5,0,0,2,1,549,0,0,0,0,1,0,0,nan,nan,nan,nan,nan,nan,nan
12054,1,4,5,0,0,2,1,549,0,0,0,0,1,0,0,nan,nan,nan,nan,nan,nan,nan
12055,1,4,5,0,0,2,1,549,0,0,0,0,1,0,0,nan,nan,nan,nan,nan,nan,nan
12056,1,4,5,0,0,2,1,549,0,0,0,0,1,0,0,nan,nan,nan,nan,nan,nan,nan
12057,1,4,5,0,0,2,1,549,0,0,0,0,1,0,0,nan,nan,nan,nan,nan,nan,nan
12058,1,4,5,0,0,2,1,549,0,0,0,0,1,0,0,nan,nan,nan,nan,nan,nan,nan
12059,1,4,5,0,0,1,2,549,0,0,0,0,1,0,0,nan,nan,nan,nan,nan,9.507767949207846,nan
12060,1,4,5,0,0,1,2,549,0,0,0,0,1,0,0,nan,nan,nan,nan,nan,nan,nan
12061,1,4,5,0,0,1,2,549,0,0,0,1,0,0,0,nan,nan,nan,28.928685222095737,nan,nan,nan
12062,1,4,5,0,0,1,2,549,0,2,0,1,0,0,0,nan,26.674379222447897,nan,nan,nan,nan,nan
12063,1,4,5,0,0,1,2,549,0,2,0,1,0,0,0,nan,nan,nan,nan,nan,nan,nan
12064,1,4,5,0,0,1,2,549,0,2,0,1,0,0,0,nan,nan,nan,nan,nan,nan,nan
12065,1,4,5,0,0,1,1,550,0,2,0,1,0,0,0,nan,nan,nan,nan,nan,nan,24.866613442036396
12066,1,4,5,0,0,1,1,550,0,2,0,1,0,0,0,nan,nan,nan,nan,nan,nan,nan
12067,1,4,5,0,0,1,1,550,0,2,0,1,0,0,0,nan,nan,nan,nan,nan,nan,nan
12068,1,4,5,0,0,1,1,550,0,2,0,1,0,0,0,nan,nan,nan,nan,nan,nan,nan
12069,1,4,5,0,0,1,1,550,0,2,0,1,0,0,0,nan,nan,nan,nan,nan,nan,nan
12070,1,5,5,0,0,1,1,550,0,2,0,1,0,0,0,24.40001663411749,nan,nan,nan,nan,nan,nan
12071,1,5,5,0,0,1,1,550,0,2,0,1,0,0,0,nan,nan,nan,nan,nan,nan,nan
12072,1,5,5,0,0,1,1,550,0,2,0,1,0,0,0,nan,nan,nan,nan,nan,nan,nan
12073,1,5,5,0,0,1,1,550,0,2,0,1,0,0,0,nan,nan,nan,nan,nan,nan,nan
12074,1,5,5,0,0,2,1,550,0,2,0,1,1,0,0,nan,nan,nan,nan,31.349613365606274,nan,nan
12075,1,5,5,0,0,2,1,550,0,2,0,1,1,0,0,nan,nan,nan,nan,nan,nan,nan
12076,1,5,5,0,0,2,1,550,0,2,0,1,1,0,0,nan,nan,nan,nan,nan,nan,nan
12077,1,5,5,0,0,2,1,550,0,2,0,1,1,0,0,nan,nan,nan,nan,nan,nan,nan
12078,1,4,5,0,0,2,1,550,0,0,0,0,1,0,0,nan,nan,30.711680829563193,nan,nan,nan,nan
12079,1,4,5,0,0,2,1,550,0,0,0,0,1,0,0,nan,nan,nan,nan,nan,nan,nan
12080,1,4,5,0,0,2,1,550,0,0,0,0,1,0,0,nan,nan,nan,nan,nan,nan,nan
12081,1,4,5,0,0,2,1,550,0,0,0,0,1,0,0,nan,nan,nan,nan,nan,nan,nan
12082,1,4,5,0,0,2,0,551,0,0,0,0,1,0,0,nan,nan,nan,nan,nan,nan,16.91904714298107
12083,1,4,5,0,0,2,0,551,0,0,0,0,1,0,0,nan,nan,nan,nan,nan,nan,nan
12084,1,4,5,0,0,2,0,551,0,0,0,0,1,0,0,nan,nan,nan,nan,nan,nan,nan
12085,1,4,5,0,0,2,0,551,0,0,0,0,1,0,0,nan,nan,nan,nan,nan,nan,nan
12086,1,5,5,0,0,2,0,551,0,0,0,0,1,0,0,15.684608338911858,nan,nan,nan,nan,nan,nan
12087,1,5,5,0,0,2,0,551,0,0,0,0,1,0,0,nan,nan,nan,nan,nan,nan,nan
12088,1,5,5,0,0,2,0,551,0,0,0,0,1,0,0,nan,nan,nan,nan,nan,nan,nan
12089,1,5,5,0,0,2,0,551,0,0,0,0,1,0,0,nan,nan,nan,nan,nan,nan,nan
12090,1,5,5,0,0,2,0,551,0,0,0,0,1,0,0,nan,nan,nan,nan,nan,nan,nan
12091,1,5,5,0,0,2,0,551,0,0,0,1,0,0,0,nan,nan,nan,29.870121473431936,nan,nan,nan
12092,1,5,5,0,0,2,0,552,0,0,0,1,0,0,1,nan,nan,nan,nan,nan,nan,10.533180945549248
12093,1,5,5,0,0,2,0,552,0,0,0,1,0,0,1,nan,nan,nan,nan,nan,nan,nan
12094,1,5,5,0,0,2,0,552,0,0,0,1,0,0,1,nan,nan,nan,nan,nan,nan,nan
12095,1,5,5,0,0,2,0,552,0,0,0,1,0,0,1,nan,nan,nan,nan,nan,nan,nan
12096,1,5,5,0,0,2,0,552,0,0,0,1,0,0,1,nan,nan,nan,nan,nan,nan,nan
12097,1,5,5,0,0,1,0,552,0,2,0,1,0,0,0,nan,35.338939876100994,nan,nan,nan,37.48609883628524,nan
12098,1,5,5,0,0,1,0,552,0,2,0,1,0,0,0,nan,nan,nan,nan,nan,nan,nan
12099,1,5,5,0,0,1,0,552,0,2,0,1,0,0,0,nan,nan,nan,nan,nan,nan,nan
12100,1,5,5,0,0,1,0,552,0,2,0,1,0,0,0,nan,nan,nan,nan,nan,nan,nan
12101,1,5,5,0,0,1,0,552,0,2,0,1,0,0,0,nan,nan,nan,nan,nan,nan,nan
12102,1,5,5,0,0,2,0,552,0,2,0,1,1,0,0,nan,nan,nan,nan,27.831109323782584,nan,nan
12103,1,5,5,0,0,2,0,552,2,2,0,1,1,0,0,17.338808537850127,nan,nan,nan,nan,nan,nan
12104,1,5,5,0,0,2,0,552,2,2,0,1,1,0,0,nan,nan,nan,nan,nan,nan,nan
12105,1,5,5,0,0,2,0,552,2,2,0,1,1,0,0,nan,nan,nan,nan,nan,nan,nan
12106,1,5,5,0,0,2,0,552,2,2,0,1,1,0,0,nan,nan,nan,nan,nan,nan,nan
12107,1,5,5,0,0,2,0,552,2,2,0,1,1,0,0,nan,nan,nan,nan,nan,nan,nan
12108,1,5,5,0,0,2,0,552,0,0,0,0,1,0,0,nan,nan,29.294193913672643,nan,nan,nan,nan
12109,1,5,5,0,0,2,0,552,0,0,0,0,1,0,0,nan,nan,nan,nan,nan,nan,nan
12110,1,5,5,0,0,2,0,552,0,0,0,0,1,0,0,nan,nan,nan,nan,nan,nan,nan
12111,1,5,5,0,0,2,0,552,0,0,0,0,1,0,0,nan,nan,nan,nan,nan,nan,nan
12112,1,5,5,0,0,2,0,552,0,0,0,0,1,0,0,nan,nan,nan,nan,nan,nan,nan
12113,1,5,5,0,0,2,0,552,0,0,0,0,1,0,0,nan,nan,nan,nan,nan,nan,nan
12114,1,5,5,0,0,2,0,553,0,0,0,0,1,0,1,nan,nan,nan,nan,nan,nan,21.815902315454878
12115,1,5,5,0,0,2,0,553,0,0,0,0,1,0,1,nan,nan,nan,nan,nan,nan,nan
12116,1,5,5,0,0,2,0,553,0,0,0,0,1,0,1,nan,nan,nan,nan,nan,nan,nan
12117,1,5,5,0,0,2,0,553,0,0,0,0,1,0,1,nan,nan,nan,nan,nan,nan,nan
12118,1,5,5,0,0,2,0,553,0,0,0,0,1,0,1,nan,nan,nan,nan,nan,nan,nan
12119,1,5,5,0,0,2,0,553,0,0,0,0,1,0,1,nan,nan,nan,nan,nan,nan,nan
12120,1,5,5,0,0,2,0,553,0,0,0,0,1,0,1,nan,nan,nan,nan,nan,nan,nan
12121,1,5,5,0,0,2,0,553,0,0,0,0,1,0,1,nan,nan,nan,nan,nan,nan,nan
12122,1,5,5,0,0,1,0,553,0,0,0,0,1,0,0,nan,nan,nan,nan,nan,25.294754799062503,nan
12123,1,5,5,0,0,1,0,553,0,0,0,0,1,0,0,nan,nan,nan,nan,nan,nan,nan
12124,1,5,5,0,0,1,0,553,0,0,0,0,1,0,0,nan,nan,nan,nan,nan,nan,nan
12125,1,5,5,0,0,1,0,553,0,0,0,0,1,0,0,nan,nan,nan,nan,nan,nan,nan
12126,1,5,5,0,0,1,0,553,0,0,0,0,1,0,0,nan,nan,nan,nan,nan,nan,nan
12127,1,5,5,0,0,1,0,553,0,0,0,0,1,0,0,nan,nan,nan,nan,nan,nan,nan
12128,1,5,5,0,0,1,0,553,0,0,0,0,1,0,0,nan,nan,nan,nan,nan,nan,nan
12129,1,5,5,0,0,1,0,553,0,0,0,0,1,0,0,nan,nan,nan,nan,nan,nan,nan
12130,1,5,5,0,0,1,0,553,0,0,0,0,1,0,0,nan,nan,nan,nan,nan,nan,nan
12131,1,5,4,0,0,1,0,553,0,0,0,0,0,0,0,nan,nan,23.525347604605486,40.048868010228034,nan,nan,nan
12132,1,4,5,0,0,1,0,553,0,0,0,0,0,0,0,nan,35.222751745272035,nan,nan,nan,nan,nan
12133,1,4,5,0,0,1,0,553,0,0,0,0,0,0,0,nan,nan,nan,nan,nan,nan,nan
12134,1,4,5,0,0,1,0,553,0,0,0,0,0,0,0,nan,nan,nan,nan,nan,nan,nan
12135,1,4,5,0,0,1,0,553,0,0,0,0,0,0,0,nan,nan,nan,nan,nan,nan,nan
12136,1,4,5,0,0,1,0,553,0,0,0,0,0,0,0,nan,nan,nan,nan,nan,nan,nan
12137,1,4,5,0,0,1,0,553,0,0,0,0,0,0,0,nan,nan,nan,nan,nan,nan,nan
12138,1,4,5,0,0,1,0,553,0,0,0,0,0,0,0,nan,nan,nan,nan,nan,nan,nan
12139,1,4,5,0,0,1,0,553,0,0,0,0,0,0,0,nan,nan,nan,nan,nan,nan,nan
12140,1,4,5,0,0,1,0,554,0,0,0,0,0,0,1,nan,nan,nan,nan,nan,nan,26.152291926031467
12141,1,4,5,0,0,0,0,554,0,0,0,0,0,0,0,nan,nan,nan,nan,nan,18.665861765595764,nan
12142,1,5,5,0,0,0,0,554,0,0,0,0,0,0,0,38.848058107667384,nan,nan,nan,nan,nan,nan
12143,1,5,5,0,0,0,0,554,0,0,0,0,0,0,0,nan,nan,nan,nan,nan,nan,nan
12144,1,5,5,0,0,0,0,554,0,0,0,0,0,0,0,nan,nan,nan,nan,nan,nan,nan
12145,1,5,5,0,0,0,0,554,0,2,0,0,0,0,0,nan,13.20175676263898,nan,nan,nan,nan,nan
12146,1,4,5,1,0,0,0,554,0,0,0,0,0,0,0,nan,nan,14.93767175846915,nan,nan,nan,nan
12147,1,4,5,1,0,0,0,554,0,0,0,0,0,0,0,nan,nan,nan,nan,nan,nan,nan
12148,1,4,5,1,0,0,0,554,0,0,0,0,0,0,0,nan,nan,nan,nan,nan,nan,nan
12149,1,4,5,1,0,0,0,554,0,0,0,0,0,0,0,nan,nan,nan,nan,nan,nan,nan
12150,1,4,5,1,0,1,0,554,0,0,0,0,1,0,0,nan,nan,nan,nan,48.10265234829603,nan,nan
12151,1,4,5,0,0,1,0,554,0,0,0,0,0,0,0,nan,nan,nan,19.335149313837974,nan,nan,nan
12152,1,4,5,0,0,1,0,554,0,0,0,0,0,0,0,nan,nan,nan,nan,nan,nan,nan
12153,1,4,5,0,0,1,0,554,0,0,0,0,0,0,0,nan,nan,nan,nan,nan,nan,nan
12154,1,5,5,0,0,1,0,555,0,0,0,0,0,0,1,11.98386092290275,nan,nan,nan,nan,nan,13.433104461899347
12155,1,5,5,0,0,0,0,555,0,0,0,0,0,0,0,nan,nan,nan,nan,nan,13.66840198763748,nan
12156,1,5,5,0,0,0,0,555,0,2,0,0,0,0,0,nan,10.139022416913576,nan,nan,nan,nan,nan
12157,1,5,5,0,0,0,0,555,0,2,0,0,0,0,0,nan,nan,nan,nan,nan,nan,nan
12158,1,5,5,0,0,0,0,555,0,2,0,0,0,0,0,nan,nan,nan,nan,nan,nan,nan
12159,1,4,5,1,0,0,0,555,0,0,0,0,0,0,0,nan,nan,12.506299402135483,nan,nan,nan,nan
12160,1,4,5,1,0,0,0,555,0,0,0,0,0,0,0,nan,nan,nan,nan,nan,nan,nan
12161,1,4,5,1,0,1,0,555,0,0,0,0,1,0,0,nan,nan,nan,nan,10.963133909262979,nan,nan
12162,1,4,5,1,0,1,0,555,0,0,0,0,1,0,0,nan,nan,nan,nan,nan,nan,nan
12163,1,4,5,1,0,1,0,555,0,0,0,0,1,0,0,nan,nan,nan,nan,nan,nan,nan
12164,1,4,5,1,0,0,1,555,0,0,0,0,1,0,0,nan,nan,nan,nan,nan,9.611332927885087,nan
12165,1,4,5,1,0,0,1,555,0,0,0,0,1,0,0,nan,nan,nan,nan,nan,nan,nan
12166,1,5,5,1,0,0,1,555,0,0,0,0,1,0,0,11.922631634886784,nan,nan,nan,nan,nan,nan
12167,1,5,5,1,0,0,1,555,0,0,0,0,1,0,0,nan,nan,nan,nan,nan,nan,nan
12168,1,5,5,1,0,0,1,555,0,0,0,0,1,0,0,nan,nan,nan,nan,nan,nan,nan
12169,1,5,5,1,0,0,1,555,0,0,0,0,1,0,0,nan,nan,nan,nan,nan,nan,nan
12170,1,5,5,0,0,0,1,555,0,0,0,0,0,0,0,nan,nan,nan,19.652903639986107,nan,nan,nan
12171,1,5,5,0,0,0,1,555,0,0,0,0,0,0,0,nan,nan,nan,nan,nan,nan,nan
12172,1,5,5,0,0,0,1,555,0,0,0,0,0,0,0,nan,nan,nan,nan,nan,nan,nan
12173,1,5,5,0,0,0,1,555,0,0,0,0,0,0,0,nan,nan,nan,nan,nan,nan,nan
12174,1,5,5,0,0,0,1,555,0,0,0,0,0,0,0,nan,nan,nan,nan,nan,nan,nan
12175,1,5,5,0,0,0,1,555,0,0,0,0,0,0,0,nan,nan,nan,nan,nan,nan,nan
12176,1,5,5,0,0,0,2,555,0,2,0,0,0,1,0,nan,20.782258638226267,nan,nan,nan,12.150158150294374,nan
12177,1,5,5,0,0,0,2,555,0,2,0,0,0,1,0,nan,nan,nan,nan,nan,nan,nan
12178,1,5,5,0,0,0,1,556,0,2,0,0,0,1,0,nan,nan,nan,nan,nan,nan,24.493218366103974
12179,1,5,5,0,0,0,1,556,0,2,0,0,0,1,0,nan,nan,nan,nan,nan,nan,nan
12180,1,5,5,0,0,0,1,556,0,2,0,0,0,1,0,nan,nan,nan,nan,nan,nan,nan
12181,1,4,5,1,0,0,1,556,0,0,0,0,0,1,0,nan,nan,22.765352777643784,nan,nan,nan,nan
12182,1,5,5,1,0,0,1,556,0,0,0,0,0,1,0,15.97291071996733,nan,nan,nan,nan,nan,nan
12183,1,5,5,1,0,0,1,556,0,0,0,0,0,1,0,nan,nan,nan,nan,nan,nan,nan
12184,1,5,5,1,0,0,1,556,0,0,0,0,0,1,0,nan,nan,nan,nan,nan,nan,nan
12185,1,5,5,1,0,0,1,556,0,0,0,0,0,1,0,nan,nan,nan,nan,nan,nan,nan
12186,1,5,5,0,1,0,1,556,0,0,0,0,0,1,0,nan,nan,nan,15.56494304917942,nan,nan,nan
12187,1,5,5,0,1,0,1,556,0,0,0,0,0,1,0,nan,nan,nan,nan,nan,nan,nan
12188,1,5,5,0,1,0,1,556,0,0,0,0,0,1,0,nan,nan,nan,nan,nan,nan,nan
12189,1,5,5,0,1,0,0,557,0,0,0,0,0,1,0,nan,nan,nan,nan,nan,nan,11.14754693350369
12190,1,5,5,0,1,0,0,557,0,0,0,0,0,1,0,nan,nan,nan,nan,nan,nan,nan
12191,1,5,5,0,1,0,0,557,0,0,0,0,0,1,0,nan,nan,nan,nan,nan,nan,nan
12192,1,5,5,0,1,0,0,557,0,0,0,0,0,1,0,nan,nan,nan,nan,nan,nan,nan
12193,1,5,5,0,1,0,0,557,0,0,0,0,0,1,0,nan,nan,nan,nan,nan,nan,nan
12194,1,5,5,0,1,0,0,557,0,0,0,0,0,1,0,nan,nan,nan,nan,nan,nan,nan
12195,1,5,4,1,0,0,0,557,0,0,0,0,0,0,0,nan,nan,13.584847906560753,nan,33.70635760938603,nan,nan
12196,1,5,4,1,0,0,0,557,2,0,0,0,0,0,0,14.231592232645198,nan,nan,nan,nan,nan,nan
12197,1,5,4,1,0,0,0,557,2,0,0,0,0,0,0,nan,nan,nan,nan,nan,nan,nan
12198,1,5,5,1,0,0,0,557,0,0,0,0,0,0,0,nan,21.68879311366618,nan,nan,nan,nan,nan
12199,1,5,5,1,0,0,0,557,0,0,0,0,0,0,0,nan,nan,nan,nan,nan,nan,nan
12200,1,5,5,1,0,0,0,557,0,0,0,0,0,0,0,nan,nan,nan,nan,nan,nan,nan
12201,1,5,5,1,0,0,0,557,0,0,0,0,0,0,0,nan,nan,nan,nan,nan,nan,nan
12202,1,5,5,1,0,0,0,557,0,0,0,0,0,0,0,nan,nan,nan,nan,nan,nan,nan
12203,1,5,5,0,1,0,0,557,0,0,0,0,0,0,0,nan,nan,nan,16.809350336436182,nan,nan,nan
12204,1,5,5,0,1,0,0,558,0,0,0,0,0,0,1,nan,nan,nan,nan,nan,nan,14.634938619117747
12205,1,5,5,0,1,0,0,558,0,0,0,0,0,0,1,nan,nan,nan,nan,nan,nan,nan
12206,1,5,5,0,0,1,0,558,0,0,0,0,0,0,1,nan,nan,nan,nan,10.805244061482881,nan,nan
12207,1,5,5,0,0,1,0,558,0,0,0,0,0,0,1,nan,nan,nan,nan,nan,nan,nan
12208,1,5,4,1,0,1,0,558,0,0,0,0,0,0,1,nan,nan,12.90930661533639,nan,nan,nan,nan
12209,1,4,5,1,0,1,0,558,0,0,0,0,0,0,1,nan,11.185595480781558,nan,nan,nan,nan,nan
12210,1,4,5,1,0,1,0,558,0,0,0,0,0,0,1,nan,nan,nan,nan,nan,nan,nan
12211,1,4,5,1,0,1,0,558,0,0,0,0,0,0,1,nan,nan,nan,nan,nan,nan,nan
12212,1,4,5,1,0,1,0,558,0,0,0,0,0,0,1,nan,nan,nan,nan,nan,nan,nan
12213,1,4,5,1,0,1,0,558,0,0,0,0,0,0,1,nan,nan,nan,nan,nan,nan,nan
12214,1,5,5,0,1,1,0,558,0,0,0,0,0,0,1,18.251317996027865,nan,nan,11.345819313164611,nan,nan,nan
12215,1,5,5,0,1,1,0,558,0,0,0,0,0,0,1,nan,nan,nan,nan,nan,nan,nan
12216,1,5,5,0,1,0,0,558,0,0,0,0,0,0,0,nan,nan,nan,nan,nan,39.21588673678707,nan
12217,1,5,5,0,1,0,0,558,0,0,0,0,0,0,0,nan,nan,nan,nan,nan,nan,nan
12218,1,5,5,0,1,0,0,558,0,0,0,0,0,0,0,nan,nan,nan,nan,nan,nan,nan
12219,1,5,5,0,1,0,0,558,0,0,0,0,0,0,0,nan,nan,nan,nan,nan,nan,nan
12220,1,5,5,0,1,0,0,558,0,2,0,0,0,0,0,nan,11.071472279385489,nan,nan,nan,nan,nan
12221,1,5,5,0,1,0,0,558,0,2,0,0,0,0,0,nan,nan,nan,nan,nan,nan,nan
12222,1,5,5,0,1,0,0,558,0,2,0,0,0,0,0,nan,nan,nan,nan,nan,nan,nan
12223,1,5,5,0,0,1,0,558,0,2,0,0,0,0,0,nan,nan,nan,nan,16.922573281894074,nan,nan
12224,1,4,5,1,0,1,0,558,0,0,0,0,0,0,0,nan,nan,15.726897888958774,nan,nan,nan,nan
12225,1,4,5,1,0,1,0,558,0,0,0,0,0,0,0,nan,nan,nan,nan,nan,nan,nan
12226,1,4,5,1,0,1,0,558,0,0,0,0,0,0,0,nan,nan,nan,nan,nan,nan,nan
12227,1,4,5,1,0,1,0,558,0,0,0,0,0,0,0,nan,nan,nan,nan,nan,nan,nan
12228,1,4,5,1,0,1,0,558,0,0,0,0,0,0,0,nan,nan,nan,nan,nan,nan,nan
12229,1,4,5,1,0,1,0,558,0,0,0,0,0,0,0,nan,nan,nan,nan,nan,nan,nan
12230,1,4,5,0,1,1,0,558,0,0,0,0,0,0,0,nan,nan,nan,16.155446142049186,nan,nan,nan
12231,1,4,5,0,1,1,0,558,0,0,0,0,0,0,0,nan,nan,nan,nan,nan,nan,nan
12232,1,4,5,0,1,0,1,558,0,0,0,0,0,0,0,nan,nan,nan,nan,nan,16.79930183632314,nan
12233,1,4,5,0,1,0,1,558,0,0,0,0,0,0,0,nan,nan,nan,nan,nan,nan,nan
12234,1,4,5,0,1,0,0,559,0,0,0,0,0,0,0,nan,nan,nan,nan,nan,nan,30.340123659852907
12235,1,4,5,0,1,0,0,559,0,0,0,0,0,0,0,nan,nan,nan,nan,nan,nan,nan
12236,1,4,5,0,1,0,0,559,0,0,0,0,0,0,0,nan,nan,nan,nan,nan,nan,nan
12237,1,4,5,0,1,0,0,559,0,0,0,0,0,0,0,nan,nan,nan,nan,nan,nan,nan
12238,1,4,5,0,1,0,0,559,0,0,0,0,0,0,0,nan,nan,nan,nan,nan,nan,nan
12239,1,4,5,0,1,0,0,559,0,0,0,0,0,0,0,nan,nan,nan,nan,nan,nan,nan
12240,1,4,5,0,1,0,0,559,0,0,0,0,0,0,0,nan,nan,nan,nan,nan,nan,nan
12241,1,5,4,1,1,0,0,559,0,0,0,0,0,0,0,27.30852412461536,nan,16.947621428556886,nan,nan,nan,nan
12242,1,5,4,1,1,0,0,559,0,0,0,0,0,0,0,nan,nan,nan,nan,nan,nan,nan
12243,1,5,4,1,1,0,0,559,0,0,0,0,0,0,0,nan,nan,nan,nan,nan,nan,nan
12244,1,4,5,1,1,0,0,559,0,0,0,0,0,0,0,nan,24.118766496099852,nan,nan,nan,nan,nan
12245,1,4,5,1,1,0,0,559,0,0,0,0,0,0,0,nan,nan,nan,nan,nan,nan,nan
12246,1,4,5,1,1,0,0,559,0,0,0,0,0,0,0,nan,nan,nan,nan,nan,nan,nan
12247,1,4,5,1,1,0,0,559,0,0,0,0,0,0,0,nan,nan,nan,nan,nan,nan,nan
12248,1,4,5,1,1,0,0,559,0,0,0,0,0,0,0,nan,nan,nan,nan,nan,nan,nan
12249,1,4,5,1,1,0,0,559,0,0,0,0,0,0,0,nan,nan,nan,nan,nan,nan,nan
12250,1,4,5,1,1,0,0,559,0,0,0,0,0,0,0,nan,nan,nan,nan,nan,nan,nan
12251,1,4,5,1,1,0,0,559,0,0,0,0,0,0,0,nan,nan,nan,nan,nan,nan,nan
12252,1,4,5,1,0,1,0,559,0,0,0,0,0,0,0,nan,nan,nan,nan,29.618853011370447,nan,nan
12253,1,4,5,0,1,1,0,559,0,0,0,0,0,0,0,nan,nan,nan,22.881944947428565,nan,nan,nan
12254,1,4,5,0,1,1,0,559,0,0,0,0,0,0,0,nan,nan,nan,nan,nan,nan,nan
12255,1,4,5,0,1,1,0,559,0,0,0,0,0,0,0,nan,nan,nan,nan,nan,nan,nan
12256,1,4,5,0,1,1,0,559,0,0,0,0,0,0,0,nan,nan,nan,nan,nan,nan,nan
12257,1,5,5,0,1,1,0,559,0,0,0,0,0,0,0,15.578529962780522,nan,nan,nan,nan,nan,nan
12258,1,5,5,0,1,1,0,559,0,0,0,0,0,0,0,nan,nan,nan,nan,nan,nan,nan
12259,1,5,5,0,1,1,0,559,0,0,0,0,0,0,0,nan,nan,nan,nan,nan,nan,nan
12260,1,5,5,0,1,1,0,559,0,0,0,0,0,0,0,nan,nan,nan,nan,nan,nan,nan
12261,1,5,5,0,1,1,0,559,0,0,0,0,0,0,0,nan,nan,nan,nan,nan,nan,nan
12262,1,5,5,0,1,1,0,559,0,0,0,0,0,0,0,nan,nan,nan,nan,nan,nan,nan
12263,1,5,5,0,1,1,0,559,0,0,0,0,0,0,0,nan,nan,nan,nan,nan,nan,nan
12264,1,5,5,0,1,1,0,559,0,2,0,0,0,0,0,nan,19.365376033656503,nan,nan,nan,nan,nan
12265,1,5,5,0,1,1,0,560,0,2,0,0,0,0,1,nan,nan,nan,nan,nan,nan,30.58707981232692
12266,1,5,5,0,1,1,0,560,0,2,0,0,0,0,1,nan,nan,nan,nan,nan,nan,nan
12267,1,5,5,0,1,1,0,560,0,2,0,0,0,0,1,nan,nan,nan,nan,nan,nan,nan
12268,1,5,5,0,1,1,0,560,0,2,0,0,0,0,1,nan,nan,nan,nan,nan,nan,nan
12269,1,5,5,0,1,1,0,560,0,2,0,0,0,0,1,nan,nan,nan,nan,nan,nan,nan
12270,1,4,5,1,1,0,0,560,0,0,0,0,0,0,0,nan,nan,29.678385923731184,nan,nan,37.81697977796466,nan
12271,1,4,5,1,1,0,0,560,0,0,0,0,0,0,0,nan,nan,nan,nan,nan,nan,nan
12272,1,4,5,1,1,0,0,560,0,0,0,0,0,0,0,nan,nan,nan,nan,nan,nan,nan
12273,1,4,5,1,0,1,0,560,0,0,0,0,0,0,0,nan,nan,nan,nan,20.775692458291815,nan,nan
12274,1,4,5,1,0,1,0,560,0,0,0,0,0,0,0,nan,nan,nan,nan,nan,nan,nan
12275,1,4,5,1,0,1,0,560,0,0,0,0,0,0,0,nan,nan,nan,nan,nan,nan,nan
12276,1,4,5,1,0,1,0,560,0,0,0,0,0,0,0,nan,nan,nan,nan,nan,nan,nan
12277,1,4,5,1,0,1,0,560,0,0,0,0,0,0,0,nan,nan,nan,nan,nan,nan,nan
12278,1,4,5,1,0,1,0,560,0,0,0,0,0,0,0,nan,nan,nan,nan,nan,nan,nan
12279,1,4,5,1,0,1,0,560,0,0,0,0,0,0,0,nan,nan,nan,nan,nan,nan,nan
12280,1,4,5,0,1,1,0,560,0,0,0,0,0,0,0,nan,nan,nan,27.085469998171902,nan,nan,nan
12281,1,4,5,0,1,1,0,560,0,0,0,0,0,0,0,nan,nan,nan,nan,nan,nan,nan
12282,1,4,5,0,1,1,0,560,0,0,0,0,0,0,0,nan,nan,nan,nan,nan,nan,nan
12283,1,4,5,0,1,1,0,560,0,0,0,0,0,0,0,nan,nan,nan,nan,nan,nan,nan
12284,1,4,5,0,1,1,0,560,0,0,0,0,0,0,0,nan,nan,nan,nan,nan,nan,nan
12285,1,4,5,0,1,1,0,560,0,0,0,0,0,0,0,nan,nan,nan,nan,nan,nan,nan
12286,1,4,5,0,1,0,1,560,0,0,0,0,0,0,0,nan,nan,nan,nan,nan,15.569802443289518,nan
12287,1,4,5,0,1,0,1,560,0,0,0,0,0,0,0,nan,nan,nan,nan,nan,nan,nan
12288,1,4,5,0,1,0,1,560,0,0,0,0,0,0,0,nan,nan,nan,nan,nan,nan,nan
12289,1,4,4,1,1,0,1,560,0,0,0,0,0,0,0,nan,nan,18.473595580295296,nan,nan,nan,nan
12290,1,4,4,1,1,0,1,560,0,0,0,0,0,0,0,nan,nan,nan,nan,nan,nan,nan
12291,1,4,4,1,1,0,1,560,0,0,0,0,0,0,0,nan,nan,nan,nan,nan,nan,nan
12292,1,4,4,0,2,0,1,560,0,0,0,0,0,0,0,nan,nan,nan,11.88183072449283,nan,nan,nan
12293,1,4,4,0,2,0,1,560,0,0,0,0,0,0,0,nan,nan,nan,nan,nan,nan,nan
12294,1,3,5,0,2,0,1,560,0,0,0,0,0,0,0,nan,29.825971803818902,nan,nan,nan,nan,nan
12295,1,4,5,0,2,0,1,560,0,0,0,0,0,0,0,37.61240897658172,nan,nan,nan,nan,nan,nan
12296,1,4,5,0,1,1,1,560,0,0,0,0,0,0,0,nan,nan,nan,nan,22.735243235536473,nan,nan
12297,1,4,5,0,1,1,1,560,0,0,0,0,0,0,0,nan,nan,nan,nan,nan,nan,nan
12298,1,4,5,0,1,1,1,560,0,0,0,0,0,0,0,nan,nan,nan,nan,nan,nan,nan
12299,1,4,5,0,1,1,1,560,0,0,0,0,0,0,0,nan,nan,nan,nan,nan,nan,nan
12300,1,4,5,0,1,1,1,560,0,0,0,0,0,0,0,nan,nan,nan,nan,nan,nan,nan
12301,1,4,5,0,1,1,1,560,0,0,0,0,0,0,0,nan,nan,nan,nan,nan,nan,nan
12302,1,4,5,0,1,1,1,560,0,0,0,0,0,0,0,nan,nan,nan,nan,nan,nan,nan
12303,1,4,5,0,1,1,1,560,0,0,0,0,0,0,0,nan,nan,nan,nan,nan,nan,nan
12304,1,4,5,0,1,1,1,560,0,0,0,0,0,0,0,nan,nan,nan,nan,nan,nan,nan
12305,1,4,5,0,2,1,1,560,0,0,0,1,0,0,0,nan,nan,nan,12.71279887001947,nan,nan,nan
12306,1,4,5,0,2,0,2,560,0,0,0,1,0,0,0,nan,nan,nan,nan,nan,20.001508436445874,nan
12307,1,4,4,0,2,0,2,560,0,0,0,0,0,0,0,nan,nan,18.659307942969463,nan,nan,nan,nan
12308,1,4,4,0,2,0,1,561,0,0,0,0,0,0,0,nan,nan,nan,nan,nan,nan,42.97696589797488
12309,1,4,4,0,2,0,1,561,0,0,0,0,0,0,0,nan,nan,nan,nan,nan,nan,nan
12310,1,4,4,0,2,0,1,561,0,0,0,0,0,0,0,nan,nan,nan,nan,nan,nan,nan
12311,1,4,4,0,2,0,1,561,0,0,0,0,0,0,0,nan,nan,nan,nan,nan,nan,nan
12312,1,4,4,0,2,0,1,561,0,0,0,0,0,0,0,nan,nan,nan,nan,nan,nan,nan
12313,1,4,4,0,2,0,1,561,0,0,0,0,0,0,0,nan,nan,nan,nan,nan,nan,nan
12314,1,4,4,0,2,0,1,561,0,0,0,0,0,0,0,nan,nan,nan,nan,nan,nan,nan
12315,1,4,4,0,2,0,1,561,0,0,0,0,0,0,0,nan,nan,nan,nan,nan,nan,nan
12316,1,3,5,0,2,0,1,561,0,0,0,0,0,0,0,nan,22.89022018176729,nan,nan,nan,nan,nan
12317,1,3,5,0,2,0,1,561,0,0,0,0,0,0,0,nan,nan,nan,nan,nan,nan,nan
12318,1,3,5,0,2,0,1,561,0,0,0,0,0,0,0,nan,nan,nan,nan,nan,nan,nan
12319,1,3,5,0,1,1,1,561,0,0,0,0,0,0,0,nan,nan,nan,nan,23.118307879958593,nan,nan
12320,1,3,5,0,1,1,1,561,0,0,0,0,0,0,0,nan,nan,nan,nan,nan,nan,nan
12321,1,3,5,0,1,1,1,561,0,0,0,0,0,0,0,nan,nan,nan,nan,nan,nan,nan
12322,1,3,5,0,1,1,1,561,0,0,0,0,0,0,0,nan,nan,nan,nan,nan,nan,nan
12323,1,3,4,1,1,1,1,561,0,0,0,0,0,0,0,nan,nan,15.241014172108407,nan,nan,nan,nan
12324,1,4,4,1,1,1,1,561,0,0,0,0,0,0,0,29.804681460009306,nan,nan,nan,nan,nan,nan
12325,1,4,4,1,1,1,1,561,0,0,0,0,0,0,0,nan,nan,nan,nan,nan,nan,nan
12326,1,4,4,1,1,1,1,561,0,0,0,0,0,0,0,nan,nan,nan,nan,nan,nan,nan
12327,1,3,5,1,1,1,1,561,0,0,0,0,0,0,0,nan,10.57470768157873,nan,nan,nan,nan,nan
12328,1,3,5,1,1,1,1,561,0,0,0,0,0,0,0,nan,nan,nan,nan,nan,nan,nan
12329,1,3,5,1,1,1,0,562,0,0,0,0,0,0,0,nan,nan,nan,nan,nan,nan,21.000357793453077
12330,1,3,5,1,1,0,1,562,0,0,0,0,0,0,0,nan,nan,nan,nan,nan,23.8180095203752,nan
12331,1,3,5,1,1,0,1,562,0,0,0,0,0,0,0,nan,nan,nan,nan,nan,nan,nan
12332,1,3,5,1,1,0,1,562,0,0,0,0,0,0,0,nan,nan,nan,nan,nan,nan,nan
12333,1,3,5,0,2,0,1,562,0,0,0,0,0,0,0,nan,nan,nan,28.426588162312328,nan,nan,nan
12334,1,3,5,0,2,0,1,562,0,0,0,0,0,0,0,nan,nan,nan,nan,nan,nan,nan
12335,1,3,5,0,2,0,1,562,0,0,0,0,0,0,0,nan,nan,nan,nan,nan,nan,nan
12336,1,4,5,0,2,0,1,562,0,0,0,0,0,0,0,11.57085893578369,nan,nan,nan,nan,nan,nan
12337,1,4,5,0,1,1,1,562,0,0,0,0,0,0,0,nan,nan,nan,nan,18.469396631462587,nan,nan
12338,1,4,5,0,1,1,1,562,0,0,0,0,0,0,0,nan,nan,nan,nan,nan,nan,nan
12339,1,4,4,1,1,1,1,562,0,0,0,0,0,0,0,nan,nan,16.675081888735804,nan,nan,nan,nan
12340,1,3,5,1,1,1,1,562,0,0,0,0,0,0,0,nan,13.359788976373238,nan,nan,nan,nan,nan
12341,1,3,5,1,1,1,1,562,0,0,0,0,0,0,0,nan,nan,nan,nan,nan,nan,nan
12342,1,3,5,1,1,1,0,563,0,0,0,0,0,0,0,nan,nan,nan,nan,nan,nan,13.187756897457803
12343,1,3,5,1,1,1,0,563,0,0,0,0,0,0,0,nan,nan,nan,nan,nan,nan,nan
12344,1,3,5,1,1,1,0,563,0,0,0,0,0,0,0,nan,nan,nan,nan,nan,nan,nan
12345,1,3,5,1,1,1,0,563,0,0,0,0,0,0,0,nan,nan,nan,nan,nan,nan,nan
12346,1,3,5,1,1,0,1,563,0,0,0,0,0,0,0,nan,nan,nan,nan,nan,16.391549622623643,nan
12347,1,3,5,1,1,0,1,563,0,0,0,0,0,0,0,nan,nan,nan,nan,nan,nan,nan
12348,1,3,5,1,1,0,1,563,0,0,0,0,0,0,0,nan,nan,nan,nan,nan,nan,nan
12349,1,3,5,1,1,0,1,563,0,0,0,0,0,0,0,nan,nan,nan,nan,nan,nan,nan
12350,1,3,5,1,0,1,1,563,0,0,0,0,0,0,0,nan,nan,nan,nan,12.568043723456867,nan,nan
12351,1,3,5,1,0,1,1,563,0,0,0,0,0,0,0,nan,nan,nan,nan,nan,nan,nan
12352,1,3,5,1,0,1,1,563,0,2,0,0,0,0,0,nan,11.644425363410846,nan,nan,nan,nan,nan
12353,1,3,5,1,0,1,1,563,0,2,0,0,0,0,0,nan,nan,nan,nan,nan,nan,nan
12354,1,3,5,1,0,1,1,563,0,2,0,0,0,0,0,nan,nan,nan,nan,nan,nan,nan
12355,1,3,5,1,0,1,1,563,0,2,0,0,0,0,0,nan,nan,nan,nan,nan,nan,nan
12356,1,3,5,1,0,0,2,563,0,2,0,0,0,0,0,nan,nan,nan,nan,nan,10.384394136357514,nan
12357,1,4,5,0,1,0,2,563,0,2,0,0,0,0,0,21.22048743006235,nan,nan,24.206306264924933,nan,nan,nan
12358,1,4,5,0,1,0,2,563,0,2,0,0,0,0,0,nan,nan,nan,nan,nan,nan,nan
12359,1,4,5,0,1,0,1,564,0,2,0,0,0,0,0,nan,nan,nan,nan,nan,nan,17.39173990936615
12360,1,4,5,0,1,0,1,564,0,2,0,0,0,0,0,nan,nan,nan,nan,nan,nan,nan
12361,1,4,5,0,0,1,1,564,0,2,0,0,0,0,0,nan,nan,nan,nan,11.04215260264209,nan,nan
12362,1,3,5,1,0,1,1,564,0,0,0,0,0,0,0,nan,nan,22.65108513922496,nan,nan,nan,nan
12363,1,3,5,1,0,1,1,564,0,0,0,0,0,0,0,nan,nan,nan,nan,nan,nan,nan
12364,1,3,5,1,0,1,1,564,0,0,0,0,0,0,0,nan,nan,nan,nan,nan,nan,nan
12365,1,3,5,1,0,1,1,564,0,0,0,0,0,0,0,nan,nan,nan,nan,nan,nan,nan
12366,1,3,5,1,0,1,1,564,0,0,0,0,0,0,0,nan,nan,nan,nan,nan,nan,nan
12367,1,3,5,1,0,1,1,564,0,0,0,0,0,0,0,nan,nan,nan,nan,nan,nan,nan
12368,1,3,5,1,0,1,1,564,0,0,0,0,0,0,0,nan,nan,nan,nan,nan,nan,nan
12369,1,3,5,1,0,1,1,564,0,0,0,0,0,0,0,nan,nan,nan,nan,nan,nan,nan
12370,1,3,5,1,0,1,1,564,0,0,0,0,0,0,0,nan,nan,nan,nan,nan,nan,nan
12371,1,3,5,1,0,1,1,564,0,0,0,0,0,0,0,nan,nan,nan,nan,nan,nan,nan
12372,1,3,5,1,0,1,1,564,0,0,0,0,0,0,0,nan,nan,nan,nan,nan,nan,nan
12373,1,3,5,1,0,1,1,564,0,0,0,0,0,0,0,nan,nan,nan,nan,nan,nan,nan
12374,1,3,5,1,0,2,1,564,0,0,0,0,1,0,0,nan,nan,nan,nan,13.158500803701827,nan,nan
12375,1,3,5,1,0,2,1,564,0,0,0,0,1,0,0,nan,nan,nan,nan,nan,nan,nan
12376,1,3,5,1,0,2,1,564,0,0,0,0,1,0,0,nan,nan,nan,nan,nan,nan,nan
12377,1,3,5,1,0,2,1,564,0,0,0,0,1,0,0,nan,nan,nan,nan,nan,nan,nan
12378,1,3,5,1,0,2,1,564,0,0,0,0,1,0,0,nan,nan,nan,nan,nan,nan,nan
12379,1,3,5,1,0,2,1,564,0,0,0,0,1,0,0,nan,nan,nan,nan,nan,nan,nan
12380,1,3,5,1,0,2,1,564,0,0,0,0,1,0,0,nan,nan,nan,nan,nan,nan,nan
12381,1,3,5,1,0,2,1,564,0,0,0,0,1,0,0,nan,nan,nan,nan,nan,nan,nan
12382,1,4,5,1,0,2,1,564,0,2,0,0,1,0,0,24.597152742215258,29.576734705766285,nan,nan,nan,nan,nan
12383,1,4,5,1,0,2,0,565,0,2,0,0,1,0,0,nan,nan,nan,nan,nan,nan,23.9249503782612
12384,1,4,5,1,0,2,0,565,0,2,0,0,1,0,0,nan,nan,nan,nan,nan,nan,nan
12385,1,4,5,1,0,2,0,565,0,2,0,0,1,0,0,nan,nan,nan,nan,nan,nan,nan
12386,1,4,5,1,0,1,1,565,0,2,0,0,1,0,0,nan,nan,nan,nan,nan,29.66882240677296,nan
12387,1,4,5,0,0,1,1,565,0,2,0,0,0,0,0,nan,nan,nan,29.336420300856844,nan,nan,nan
12388,1,3,5,1,0,1,1,565,0,0,0,0,0,0,0,nan,nan,26.346738676484165,nan,nan,nan,nan
12389,1,3,5,1,0,1,1,565,0,0,0,0,0,0,0,nan,nan,nan,nan,nan,nan,nan
12390,1,3,5,1,0,1,1,565,0,0,0,0,0,0,0,nan,nan,nan,nan,nan,nan,nan
12391,1,3,5,1,0,1,1,565,0,0,0,0,0,0,0,nan,nan,nan,nan,nan,nan,nan
12392,1,3,5,1,0,1,1,565,0,0,0,0,0,0,0,nan,nan,nan,nan,nan,nan,nan
12393,1,3,5,1,0,1,1,565,0,0,0,0,0,0,0,nan,nan,nan,nan,nan,nan,nan
12394,1,3,5,1,0,1,1,565,0,0,0,0,0,0,0,nan,nan,nan,nan,nan,nan,nan
12395,1,3,5,1,0,2,1,565,0,0,0,0,1,0,0,nan,nan,nan,nan,21.056956232814628,nan,nan
12396,1,3,5,1,0,2,1,565,0,0,0,0,1,0,0,nan,nan,nan,nan,nan,nan,nan
12397,1,3,5,0,0,2,0,566,0,0,0,0,0,0,0,nan,nan,nan,10.53004773594148,nan,nan,14.073178901784559
12398,1,3,5,0,0,2,0,566,0,0,0,0,0,0,0,nan,nan,nan,nan,nan,nan,nan
12399,1,3,5,0,0,2,0,566,0,0,0,0,0,0,0,nan,nan,nan,nan,nan,nan,nan
12400,1,3,5,0,0,2,0,566,0,0,0,0,0,0,0,nan,nan,nan,nan,nan,nan,nan
12401,1,3,5,0,0,2,0,566,0,0,0,0,0,0,0,nan,nan,nan,nan,nan,nan,nan
12402,1,3,5,0,0,2,0,566,0,0,0,0,0,0,0,nan,nan,nan,nan,nan,nan,nan
12403,1,3,5,0,0,2,0,566,0,0,0,0,0,0,0,nan,nan,nan,nan,nan,nan,nan
12404,1,3,5,0,0,2,0,566,0,0,0,0,0,0,0,nan,nan,nan,nan,nan,nan,nan
12405,1,4,5,0,0,2,0,566,0,2,0,0,0,0,0,23.111971624039143,23.659221263855216,nan,nan,nan,nan,nan
12406,1,3,5,1,0,2,0,566,0,0,0,0,0,0,0,nan,nan,17.573205850292652,nan,nan,nan,nan
12407,1,3,5,1,0,2,0,566,0,0,0,0,0,0,0,nan,nan,nan,nan,nan,nan,nan
12408,1,3,5,1,0,2,0,566,0,0,0,0,0,0,0,nan,nan,nan,nan,nan,nan,nan
12409,1,3,5,1,0,2,0,566,0,0,0,0,0,0,0,nan,nan,nan,nan,nan,nan,nan
12410,1,3,5,1,0,2,0,567,0,0,0,0,0,0,1,nan,nan,nan,nan,nan,nan,12.900681766550406
12411,1,3,5,1,0,2,0,567,0,0,0,0,0,0,1,nan,nan,nan,nan,nan,nan,nan
12412,1,3,5,1,0,1,0,567,0,0,0,0,0,0,0,nan,nan,nan,nan,nan,25.542283078029868,nan
12413,1,3,5,1,0,2,0,567,0,0,0,0,1,0,0,nan,nan,nan,nan,18.289929820040925,nan,nan
12414,1,3,5,1,0,2,0,567,0,0,0,0,1,0,0,nan,nan,nan,nan,nan,nan,nan
12415,1,3,5,1,0,2,0,567,0,0,0,0,1,0,0,nan,nan,nan,nan,nan,nan,nan
12416,1,3,5,1,0,2,0,567,0,0,0,0,1,0,0,nan,nan,nan,nan,nan,nan,nan
12417,1,3,5,0,0,2,0,567,0,2,0,0,0,0,0,nan,11.656628343522243,nan,19.873216811312886,nan,nan,nan
12418,1,3,5,0,0,2,0,567,0,2,0,0,0,0,0,nan,nan,nan,nan,nan,nan,nan
12419,1,3,5,0,0,2,0,567,0,2,0,0,0,0,0,nan,nan,nan,nan,nan,nan,nan
12420,1,3,5,0,0,2,0,567,0,2,0,0,0,0,0,nan,nan,nan,nan,nan,nan,nan
12421,1,3,5,0,0,1,1,567,0,2,0,0,0,0,0,nan,nan,nan,nan,nan,9.143695847902563,nan
12422,1,3,5,0,0,1,1,567,0,2,0,0,0,0,0,nan,nan,nan,nan,nan,nan,nan
12423,1,3,5,0,0,1,1,567,0,2,0,0,0,0,0,nan,nan,nan,nan,nan,nan,nan
12424,1,3,5,0,0,1,1,567,0,2,0,0,0,0,0,nan,nan,nan,nan,nan,nan,nan
12425,1,3,5,0,0,1,1,567,0,2,0,0,0,0,0,nan,nan,nan,nan,nan,nan,nan
12426,1,2,5,0,1,1,1,567,0,0,0,0,0,0,0,nan,nan,20.427932668981157,8.845058435694227,nan,nan,nan
12427,1,2,5,0,1,1,1,567,0,0,0,0,0,0,0,nan,nan,nan,nan,nan,nan,nan
12428,1,2,5,0,1,1,1,567,0,0,0,0,0,0,0,nan,nan,nan,nan,nan,nan,nan
12429,1,2,5,0,1,1,1,567,0,0,0,0,0,0,0,nan,nan,nan,nan,nan,nan,nan
12430,1,2,5,0,1,1,1,567,0,0,0,0,0,0,0,nan,nan,nan,nan,nan,nan,nan
12431,1,3,5,0,1,1,0,568,0,0,0,0,0,0,0,26.53618747337896,nan,nan,nan,nan,nan,20.258292505939608
12432,1,3,5,0,1,0,1,568,0,0,0,0,0,0,0,nan,nan,nan,nan,nan,11.533293773565674,nan
12433,1,3,5,0,1,0,1,568,0,0,0,0,0,0,0,nan,nan,nan,nan,nan,nan,nan
12434,1,3,5,0,1,0,1,568,0,0,0,0,0,0,0,nan,nan,nan,nan,nan,nan,nan
12435,1,3,5,0,1,0,1,568,0,0,0,0,0,0,0,nan,nan,nan,nan,nan,nan,nan
12436,1,3,5,0,1,0,1,568,0,0,0,0,0,0,0,nan,nan,nan,nan,nan,nan,nan
12437,1,3,5,0,0,1,1,568,0,0,0,0,0,0,0,nan,nan,nan,nan,23.596097099731196,nan,nan
12438,1,3,5,0,1,1,1,568,0,0,0,1,0,0,0,nan,nan,nan,12.04464769432525,nan,nan,nan
12439,1,3,5,0,1,1,1,568,0,0,0,1,0,0,0,nan,nan,nan,nan,nan,nan,nan
12440,1,3,5,0,1,1,1,568,0,0,0,1,0,0,0,nan,nan,nan,nan,nan,nan,nan
12441,1,3,5,0,1,1,1,568,0,0,0,1,0,0,0,nan,nan,nan,nan,nan,nan,nan
12442,1,3,5,0,1,1,1,568,0,0,0,1,0,0,0,nan,nan,nan,nan,nan,nan,nan
12443,1,3,4,0,1,1,1,568,0,0,0,0,0,0,0,nan,nan,16.570982041997922,nan,nan,nan,nan
12444,1,3,4,0,1,1,1,568,0,0,0,0,0,0,0,nan,nan,nan,nan,nan,nan,nan
12445,1,3,4,0,1,0,2,568,0,0,0,0,0,0,0,nan,nan,nan,nan,nan,12.422737077074999,nan
12446,1,4,4,0,1,0,2,568,0,0,0,0,0,0,0,14.840397996717002,nan,nan,nan,nan,nan,nan
12447,1,4,4,0,1,0,2,568,0,0,0,0,0,0,0,nan,nan,nan,nan,nan,nan,nan
12448,1,3,5,0,1,0,2,568,0,0,0,0,0,0,0,nan,31.321537415924467,nan,nan,nan,nan,nan
12449,1,3,5,0,1,0,2,568,0,0,0,0,0,0,0,nan,nan,nan,nan,nan,nan,nan
12450,1,3,5,0,1,0,2,568,0,0,0,0,0,0,0,nan,nan,nan,nan,nan,nan,nan
12451,1,3,5,0,1,0,2,568,0,0,0,0,0,0,0,nan,nan,nan,nan,nan,nan,nan
12452,1,3,5,0,1,0,2,568,0,0,0,0,0,0,0,nan,nan,nan,nan,nan,nan,nan
12453,1,3,5,0,1,0,2,568,0,0,0,0,0,0,0,nan,nan,nan,nan,nan,nan,nan
12454,1,3,5,0,2,0,2,568,0,0,0,1,0,0,0,nan,nan,nan,15.555728285122314,nan,nan,nan
12455,1,3,5,0,2,0,2,568,0,0,0,1,0,0,0,nan,nan,nan,nan,nan,nan,nan
12456,1,3,4,0,2,0,2,568,0,0,0,0,0,0,0,nan,nan,13.204812340043645,nan,nan,nan,nan
12457,1,3,4,0,2,0,2,568,0,0,0,0,0,0,0,nan,nan,nan,nan,nan,nan,nan
12458,1,3,4,0,2,0,1,569,0,0,0,0,0,0,0,nan,nan,nan,nan,nan,nan,27.211783101256515
12459,1,4,4,0,2,0,1,569,0,0,0,0,0,0,0,12.502761178193396,nan,nan,nan,nan,nan,nan
12460,1,3,5,0,2,0,1,569,0,0,0,0,0,0,0,nan,12.08703616962157,nan,nan,nan,nan,nan
12461,1,3,5,0,2,0,1,569,0,0,0,0,0,0,0,nan,nan,nan,nan,nan,nan,nan
12462,1,3,5,0,2,0,1,569,0,0,0,0,0,0,0,nan,nan,nan,nan,nan,nan,nan
12463,1,3,5,0,2,0,1,569,0,0,0,0,0,0,0,nan,nan,nan,nan,nan,nan,nan
12464,1,3,5,0,2,0,1,569,0,0,0,0,0,0,0,nan,nan,nan,nan,nan,nan,nan
12465,1,3,5,0,1,1,1,569,0,0,0,0,0,0,0,nan,nan,nan,nan,28.514565551835403,nan,nan
12466,1,3,5,0,1,1,1,569,0,0,0,0,0,0,0,nan,nan,nan,nan,nan,nan,nan
12467,1,3,5,0,1,1,1,569,0,0,0,0,0,0,0,nan,nan,nan,nan,nan,nan,nan
12468,1,3,5,0,2,0,2,569,0,0,0,1,0,0,0,nan,nan,nan,14.81249604563709,nan,23.282805065879074,nan
12469,1,3,4,0,2,0,2,569,0,0,0,0,0,0,0,nan,nan,13.42267770325816,nan,nan,nan,nan
12470,1,3,4,0,2,0,1,570,0,0,0,0,0,0,0,nan,nan,nan,nan,nan,nan,12.416956423157899
12471,1,3,4,0,2,0,1,570,0,0,0,0,0,0,0,nan,nan,nan,nan,nan,nan,nan
12472,1,3,4,0,2,0,1,570,0,0,0,0,0,0,0,nan,nan,nan,nan,nan,nan,nan
12473,1,3,4,0,2,0,1,570,0,0,0,0,0,0,0,nan,nan,nan,nan,nan,nan,nan
12474,1,3,4,0,2,0,1,570,0,0,0,0,0,0,0,nan,nan,nan,nan,nan,nan,nan
12475,1,3,4,0,2,0,1,570,0,0,0,0,0,0,0,nan,nan,nan,nan,nan,nan,nan
12476,1,3,4,0,2,0,1,570,0,0,0,0,0,0,0,nan,nan,nan,nan,nan,nan,nan
12477,1,4,4,0,2,0,1,570,0,0,0,0,0,0,0,18.029445276592014,nan,nan,nan,nan,nan,nan
12478,1,4,4,0,2,0,1,570,0,0,0,0,0,0,0,nan,nan,nan,nan,nan,nan,nan
12479,1,4,4,0,2,0,1,570,0,0,0,0,0,0,0,nan,nan,nan,nan,nan,nan,nan
12480,1,4,4,0,2,0,1,570,0,0,0,0,0,0,0,nan,nan,nan,nan,nan,nan,nan
12481,1,4,4,0,2,0,1,570,0,0,0,0,0,0,0,nan,nan,nan,nan,nan,nan,nan
12482,1,4,4,0,2,0,1,570,0,0,0,0,0,0,0,nan,nan,nan,nan,nan,nan,nan
12483,1,4,4,0,2,0,1,570,0,0,0,0,0,0,0,nan,nan,nan,nan,nan,nan,nan
12484,1,4,4,0,2,0,1,570,0,0,0,0,0,0,0,nan,nan,nan,nan,nan,nan,nan
12485,1,4,4,0,2,0,1,570,0,0,0,0,0,0,0,nan,nan,nan,nan,nan,nan,nan
12486,1,4,4,0,2,0,1,570,0,0,0,0,0,0,0,nan,nan,nan,nan,nan,nan,nan
12487,1,4,4,0,2,0,1,570,0,0,0,0,0,0,0,nan,nan,nan,nan,nan,nan,nan
12488,1,4,4,0,2,0,1,570,0,0,0,0,0,0,0,nan,nan,nan,nan,nan,nan,nan
12489,1,5,4,0,2,0,1,570,0,0,0,0,0,0,0,12.634072217224457,nan,nan,nan,nan,nan,nan
12490,1,5,4,0,2,0,1,570,0,0,0,0,0,0,0,nan,nan,nan,nan,nan,nan,nan
12491,1,5,4,0,2,0,1,570,0,0,0,0,0,0,0,nan,nan,nan,nan,nan,nan,nan
12492,1,4,5,0,2,0,1,570,0,0,0,0,0,0,0,nan,32.07766947530763,nan,nan,nan,nan,nan
12493,1,4,5,0,2,0,1,570,0,0,0,0,0,0,0,nan,nan,nan,nan,nan,nan,nan
12494,1,4,5,0,2,0,1,570,0,0,0,0,0,0,0,nan,nan,nan,nan,nan,nan,nan
12495,1,4,4,1,2,0,1,570,0,0,0,0,0,0,0,nan,nan,25.56376539937628,nan,nan,nan,nan
12496,1,4,4,1,2,0,0,571,0,0,0,0,0,0,0,nan,nan,nan,nan,nan,nan,26.088060534473698
12497,1,4,4,1,2,0,1,571,0,0,0,0,0,1,0,nan,nan,nan,nan,nan,28.975940387716037,nan
12498,1,4,4,1,2,0,1,571,0,0,0,0,0,1,0,nan,nan,nan,nan,nan,nan,nan
12499,1,4,4,1,2,0,1,571,0,0,0,0,0,1,0,nan,nan,nan,nan,nan,nan,nan
12500,1,4,4,1,1,0,1,571,0,0,0,0,0,0,0,nan,nan,nan,nan,34.29522179839478,nan,nan
12501,1,4,4,1,1,0,1,571,0,0,0,0,0,0,0,nan,nan,nan,nan,nan,nan,nan
12502,1,4,4,1,1,0,1,571,0,0,0,0,0,0,0,nan,nan,nan,nan,nan,nan,nan
12503,1,4,4,1,1,0,1,571,0,0,0,0,0,0,0,nan,nan,nan,nan,nan,nan,nan
12504,1,3,5,1,1,0,1,571,0,0,0,0,0,0,0,nan,11.27440125593239,nan,nan,nan,nan,nan
12505,1,3,5,1,1,0,0,572,0,0,0,0,0,0,0,nan,nan,nan,nan,nan,nan,8.590821256479103
12506,1,3,5,1,1,0,0,572,0,0,0,0,0,0,0,nan,nan,nan,nan,nan,nan,nan
12507,1,3,5,1,1,0,0,572,0,0,0,0,0,0,0,nan,nan,nan,nan,nan,nan,nan
12508,1,3,5,1,1,0,0,572,0,0,0,0,0,0,0,nan,nan,nan,nan,nan,nan,nan
12509,1,3,5,1,1,0,0,572,0,0,0,0,0,0,0,nan,nan,nan,nan,nan,nan,nan
12510,1,3,5,1,1,0,0,572,0,0,0,0,0,0,0,nan,nan,nan,nan,nan,nan,nan
12511,1,3,5,0,2,0,0,572,0,0,0,0,0,0,0,nan,nan,nan,42.35092747525778,nan,nan,nan
12512,1,3,5,0,2,0,1,572,0,0,0,0,0,1,0,nan,nan,nan,nan,nan,15.074268971780839,nan
12513,1,3,5,0,2,0,1,572,0,0,0,0,0,1,0,nan,nan,nan,nan,nan,nan,nan
12514,1,4,5,0,2,0,1,572,0,0,0,0,0,1,0,24.824973743112423,nan,nan,nan,nan,nan,nan
12515,1,4,5,0,2,0,1,572,0,0,0,0,0,1,0,nan,nan,nan,nan,nan,nan,nan
12516,1,4,5,0,2,0,1,572,0,0,0,0,0,1,0,nan,nan,nan,nan,nan,nan,nan
12517,1,4,5,0,2,0,1,572,0,0,0,0,0,1,0,nan,nan,nan,nan,nan,nan,nan
12518,1,4,5,0,2,0,1,572,0,0,0,0,0,1,0,nan,nan,nan,nan,nan,nan,nan
12519,1,4,5,0,2,0,1,572,0,0,0,0,0,1,0,nan,nan,nan,nan,nan,nan,nan
12520,1,4,5,0,2,0,1,572,0,0,0,0,0,1,0,nan,nan,nan,nan,nan,nan,nan
12521,1,4,5,0,2,0,1,572,0,0,0,0,0,1,0,nan,nan,nan,nan,nan,nan,nan
12522,1,4,5,0,2,0,0,573,0,0,0,0,0,1,0,nan,nan,nan,nan,nan,nan,16.96417922042565
12523,1,4,5,0,1,0,0,573,0,0,0,0,0,0,0,nan,nan,nan,nan,23.406309176138166,nan,nan
12524,1,4,5,0,1,0,0,573,0,2,0,0,0,0,0,nan,20.269617390093117,nan,nan,nan,nan,nan
12525,1,4,5,0,1,0,0,573,0,2,0,0,0,0,0,nan,nan,nan,nan,nan,nan,nan
12526,1,4,5,0,1,0,0,573,0,2,0,0,0,0,0,nan,nan,nan,nan,nan,nan,nan
12527,1,3,5,1,1,0,0,573,0,0,0,0,0,0,0,nan,nan,32.219845951971365,nan,nan,nan,nan
12528,1,3,5,1,1,0,0,573,0,0,0,0,0,0,0,nan,nan,nan,nan,nan,nan,nan
12529,1,3,5,1,1,0,0,573,0,0,0,0,0,0,0,nan,nan,nan,nan,nan,nan,nan
12530,1,3,5,1,1,0,0,573,0,0,0,0,0,0,0,nan,nan,nan,nan,nan,nan,nan
12531,1,3,5,1,1,0,0,573,0,0,0,0,0,0,0,nan,nan,nan,nan,nan,nan,nan
12532,1,3,5,1,1,0,0,573,0,0,0,0,0,0,0,nan,nan,nan,nan,nan,nan,nan
12533,1,3,5,1,1,0,0,573,0,0,0,0,0,0,0,nan,nan,nan,nan,nan,nan,nan
12534,1,3,5,0,1,1,0,573,0,0,0,0,0,0,0,nan,nan,nan,22.783591047922528,10.499829062497156,nan,nan
12535,1,3,5,0,1,1,0,573,0,0,0,0,0,0,0,nan,nan,nan,nan,nan,nan,nan
12536,1,4,5,0,1,1,0,573,0,0,0,0,0,0,0,21.92202794316654,nan,nan,nan,nan,nan,nan
12537,1,4,5,0,1,1,0,574,0,0,0,0,0,0,1,nan,nan,nan,nan,nan,nan,14.702608790857994
12538,1,4,5,0,1,0,0,574,0,2,0,0,0,0,0,nan,14.462646999370918,nan,nan,nan,26.099582686689246,nan
12539,1,4,5,0,1,0,0,574,0,2,0,0,0,0,0,nan,nan,nan,nan,nan,nan,nan
12540,1,3,5,1,1,0,0,574,0,0,0,0,0,0,0,nan,nan,13.00132850231239,nan,nan,nan,nan
12541,1,3,5,1,1,0,0,574,0,0,0,0,0,0,0,nan,nan,nan,nan,nan,nan,nan
12542,1,3,5,1,1,0,0,574,0,0,0,0,0,0,0,nan,nan,nan,nan,nan,nan,nan
12543,1,3,5,1,1,0,0,574,0,0,0,0,0,0,0,nan,nan,nan,nan,nan,nan,nan
12544,1,3,5,1,1,0,0,574,0,0,0,0,0,0,0,nan,nan,nan,nan,nan,nan,nan
12545,1,3,5,1,1,0,0,574,0,0,0,0,0,0,0,nan,nan,nan,nan,nan,nan,nan
12546,1,3,5,1,1,0,0,574,0,0,0,0,0,0,0,nan,nan,nan,nan,nan,nan,nan
12547,1,3,5,1,1,0,0,574,0,0,0,0,0,0,0,nan,nan,nan,nan,nan,nan,nan
12548,1,3,5,1,1,0,0,575,0,0,0,0,0,0,1,nan,nan,nan,nan,nan,nan,11.428660924113501
12549,1,3,5,1,1,0,0,575,0,0,0,0,0,0,1,nan,nan,nan,nan,nan,nan,nan
12550,1,3,5,1,1,0,0,575,0,0,0,0,0,0,1,nan,nan,nan,nan,nan,nan,nan
12551,1,3,5,1,1,0,0,575,0,0,0,0,0,0,1,nan,nan,nan,nan,nan,nan,nan
12552,1,3,5,1,0,1,0,575,0,0,0,0,0,0,1,nan,nan,nan,nan,18.68073156520404,nan,nan
12553,1,3,5,1,0,1,0,575,0,0,0,0,0,0,1,nan,nan,nan,nan,nan,nan,nan
12554,1,3,5,1,0,1,0,575,0,0,0,0,0,0,1,nan,nan,nan,nan,nan,nan,nan
12555,1,3,5,1,0,1,0,575,0,0,0,0,0,0,1,nan,nan,nan,nan,nan,nan,nan
12556,1,3,5,1,0,1,0,575,0,0,0,0,0,0,1,nan,nan,nan,nan,nan,nan,nan
12557,1,3,5,1,0,1,0,575,0,0,0,0,0,0,1,nan,nan,nan,nan,nan,nan,nan
12558,1,3,5,0,1,0,0,575,0,0,0,0,0,0,0,nan,nan,nan,23.96512292123225,nan,20.0994424669625,nan
12559,1,4,5,0,1,0,0,575,0,0,0,0,0,0,0,22.50741266553632,nan,nan,nan,nan,nan,nan
12560,1,4,5,0,1,0,0,575,0,0,0,0,0,0,0,nan,nan,nan,nan,nan,nan,nan
12561,1,4,4,1,1,0,0,575,0,0,0,0,0,0,0,nan,nan,20.332692794059767,nan,nan,nan,nan
12562,1,4,4,1,0,1,0,575,0,0,0,0,0,0,0,nan,nan,nan,nan,9.692320645432119,nan,nan
12563,1,4,4,1,0,1,0,575,0,0,0,0,0,0,0,nan,nan,nan,nan,nan,nan,nan
12564,1,4,4,1,0,1,0,575,0,0,0,0,0,0,0,nan,nan,nan,nan,nan,nan,nan
12565,1,4,4,1,0,1,0,575,0,0,0,0,0,0,0,nan,nan,nan,nan,nan,nan,nan
12566,1,4,4,1,0,1,0,575,0,0,0,0,0,0,0,nan,nan,nan,nan,nan,nan,nan
12567,1,4,4,1,0,1,0,575,0,0,0,0,0,0,0,nan,nan,nan,nan,nan,nan,nan
12568,1,4,4,1,0,1,0,575,0,0,0,0,0,0,0,nan,nan,nan,nan,nan,nan,nan
12569,1,4,4,1,0,1,0,575,0,0,0,0,0,0,0,nan,nan,nan,nan,nan,nan,nan
12570,1,4,4,1,0,1,0,575,0,0,0,0,0,0,0,nan,nan,nan,nan,nan,nan,nan
12571,1,3,5,1,0,1,0,575,0,0,0,0,0,0,0,nan,32.271349319917135,nan,nan,nan,nan,nan
12572,1,3,5,0,1,1,0,575,0,0,0,0,0,0,0,nan,nan,nan,14.900339381938466,nan,nan,nan
12573,1,3,5,0,1,0,1,575,0,0,0,0,0,0,0,nan,nan,nan,nan,nan,14.489177676759937,nan
12574,1,3,5,0,1,0,0,576,0,0,0,0,0,0,0,nan,nan,nan,nan,nan,nan,25.92504398294841
12575,1,3,5,0,1,0,0,576,0,0,0,0,0,0,0,nan,nan,nan,nan,nan,nan,nan
12576,1,3,5,0,0,1,0,576,0,0,0,0,0,0,0,nan,nan,nan,nan,13.86330292425555,nan,nan
12577,1,3,5,0,0,1,0,576,0,0,0,0,0,0,0,nan,nan,nan,nan,nan,nan,nan
12578,1,3,5,0,0,1,0,576,0,0,0,0,0,0,0,nan,nan,nan,nan,nan,nan,nan
12579,1,3,5,0,0,1,0,576,0,0,0,0,0,0,0,nan,nan,nan,nan,nan,nan,nan
12580,1,3,5,0,0,1,0,576,0,0,0,0,0,0,0,nan,nan,nan,nan,nan,nan,nan
12581,1,3,5,0,0,1,0,576,0,0,0,0,0,0,0,nan,nan,nan,nan,nan,nan,nan
12582,1,3,5,0,0,1,0,576,0,0,0,0,0,0,0,nan,nan,nan,nan,nan,nan,nan
12583,1,4,5,0,0,1,0,576,0,0,0,0,0,0,0,24.28122015338886,nan,nan,nan,nan,nan,nan
12584,1,4,5,0,1,1,0,576,0,0,0,1,0,0,0,nan,nan,nan,11.516634238036204,nan,nan,nan
12585,1,4,5,0,1,1,0,576,0,0,0,1,0,0,0,nan,nan,nan,nan,nan,nan,nan
12586,1,4,5,0,1,0,1,576,0,0,0,1,0,0,0,nan,nan,nan,nan,nan,13.040463851180903,nan
12587,1,4,5,0,1,0,1,576,0,0,0,1,0,0,0,nan,nan,nan,nan,nan,nan,nan
12588,1,4,5,0,1,0,1,576,0,0,0,1,0,0,0,nan,nan,nan,nan,nan,nan,nan
12589,1,4,5,0,1,0,1,576,0,0,0,1,0,0,0,nan,nan,nan,nan,nan,nan,nan
12590,1,4,5,0,0,1,1,576,0,2,0,1,0,0,0,nan,19.610325721809204,nan,nan,14.499506892401769,nan,nan
12591,1,4,5,0,0,1,1,576,0,2,0,1,0,0,0,nan,nan,nan,nan,nan,nan,nan
12592,1,4,5,0,0,1,1,576,0,2,0,1,0,0,0,nan,nan,nan,nan,nan,nan,nan
12593,1,4,5,0,0,1,1,576,0,2,0,1,0,0,0,nan,nan,nan,nan,nan,nan,nan
12594,1,4,5,0,0,1,1,576,0,2,0,1,0,0,0,nan,nan,nan,nan,nan,nan,nan
12595,1,4,5,0,0,1,1,576,0,2,0,1,0,0,0,nan,nan,nan,nan,nan,nan,nan
12596,1,4,5,0,0,1,1,576,0,2,0,1,0,0,0,nan,nan,nan,nan,nan,nan,nan
12597,1,3,5,0,0,1,0,577,0,0,0,0,0,0,0,nan,nan,36.017033832493325,nan,nan,nan,22.63458638166412
12598,1,3,5,0,0,1,0,577,0,0,0,0,0,0,0,nan,nan,nan,nan,nan,nan,nan
12599,1,3,5,0,0,1,0,577,0,0,0,0,0,0,0,nan,nan,nan,nan,nan,nan,nan
12600,1,3,5,0,0,1,0,577,0,0,0,0,0,0,0,nan,nan,nan,nan,nan,nan,nan
12601,1,3,5,0,0,1,0,577,0,0,0,0,0,0,0,nan,nan,nan,nan,nan,nan,nan
12602,1,3,5,0,0,0,1,577,0,0,0,0,0,0,0,nan,nan,nan,nan,nan,16.647481469355625,nan
12603,1,3,5,0,0,0,1,577,0,0,0,0,0,0,0,nan,nan,nan,nan,nan,nan,nan
12604,1,3,5,0,0,0,1,577,0,0,0,0,0,0,0,nan,nan,nan,nan,nan,nan,nan
12605,1,3,5,0,0,0,1,577,0,0,0,0,0,0,0,nan,nan,nan,nan,nan,nan,nan
12606,1,3,5,0,1,0,1,577,0,0,0,1,0,0,0,nan,nan,nan,22.169914844214873,nan,nan,nan
12607,1,3,5,0,1,0,1,577,0,0,0,1,0,0,0,nan,nan,nan,nan,nan,nan,nan
12608,1,3,5,0,1,0,1,577,0,0,0,1,0,0,0,nan,nan,nan,nan,nan,nan,nan
12609,1,3,5,0,1,0,1,577,0,0,0,1,0,0,0,nan,nan,nan,nan,nan,nan,nan
12610,1,3,5,0,1,0,1,577,0,0,0,1,0,0,0,nan,nan,nan,nan,nan,nan,nan
12611,1,3,5,0,1,0,1,577,0,0,0,1,0,0,0,nan,nan,nan,nan,nan,nan,nan
12612,1,3,5,0,1,0,1,577,0,0,0,1,0,0,0,nan,nan,nan,nan,nan,nan,nan
12613,1,3,5,0,1,0,1,577,0,0,0,1,0,0,0,nan,nan,nan,nan,nan,nan,nan
12614,1,3,5,0,0,1,1,577,0,0,0,1,0,0,0,nan,nan,nan,nan,23.487723514299432,nan,nan
12615,1,3,5,0,0,1,1,577,0,0,0,1,0,0,0,nan,nan,nan,nan,nan,nan,nan
12616,1,3,5,0,0,1,1,577,0,0,0,1,0,0,0,nan,nan,nan,nan,nan,nan,nan
12617,1,3,5,0,0,1,1,577,0,0,0,1,0,0,0,nan,nan,nan,nan,nan,nan,nan
12618,1,4,5,0,0,1,1,577,0,2,0,1,0,0,0,34.51752057307385,27.780592115261243,nan,nan,nan,nan,nan
12619,1,4,5,0,0,1,1,577,0,2,0,1,0,0,0,nan,nan,nan,nan,nan,nan,nan
12620,1,4,5,0,0,1,1,577,0,2,0,1,0,0,0,nan,nan,nan,nan,nan,nan,nan
12621,1,4,5,0,0,0,2,577,0,2,0,1,0,0,0,nan,nan,nan,nan,nan,19.0034402608253,nan
12622,1,3,5,0,0,0,2,577,0,0,0,0,0,0,0,nan,nan,25.710652845324148,nan,nan,nan,nan
12623,1,3,5,0,0,0,2,577,0,0,0,0,0,0,0,nan,nan,nan,nan,nan,nan,nan
12624,1,3,5,0,0,0,2,577,0,0,0,0,0,0,0,nan,nan,nan,nan,nan,nan,nan
12625,1,3,5,0,0,0,1,578,0,0,0,0,0,0,0,nan,nan,nan,nan,nan,nan,28.744181800300794
12626,1,3,5,0,0,0,1,578,0,0,0,0,0,0,0,nan,nan,nan,nan,nan,nan,nan
12627,1,3,5,0,0,0,1,578,0,0,0,0,0,0,0,nan,nan,nan,nan,nan,nan,nan
12628,1,3,5,0,0,0,1,578,0,0,0,0,0,0,0,nan,nan,nan,nan,nan,nan,nan
12629,1,3,5,0,0,0,1,578,0,0,0,0,0,0,0,nan,nan,nan,nan,nan,nan,nan
12630,1,4,5,0,0,0,1,578,0,0,0,0,0,0,0,12.300714360479105,nan,nan,nan,nan,nan,nan
12631,1,4,5,0,0,0,1,578,0,0,0,0,0,0,0,nan,nan,nan,nan,nan,nan,nan
12632,1,4,5,0,0,0,1,578,0,0,0,0,0,0,0,nan,nan,nan,nan,nan,nan,nan
12633,1,4,5,0,0,0,1,578,0,0,0,0,0,0,0,nan,nan,nan,nan,nan,nan,nan
12634,1,4,5,0,0,1,1,578,0,0,0,0,1,0,0,nan,nan,nan,nan,19.754017519380795,nan,nan
12635,1,4,5,0,0,1,1,578,0,0,0,0,1,0,0,nan,nan,nan,nan,nan,nan,nan
12636,1,4,5,0,0,1,1,578,0,0,0,1,0,0,0,nan,nan,nan,30.296381407613808,nan,nan,nan
12637,1,4,4,0,0,1,0,579,0,0,0,0,0,0,0,nan,nan,14.924939469319725,nan,nan,nan,11.53274947279715
12638,1,4,4,0,0,1,0,579,0,0,0,0,0,0,0,nan,nan,nan,nan,nan,nan,nan
12639,1,4,4,0,0,1,0,579,0,0,0,0,0,0,0,nan,nan,nan,nan,nan,nan,nan
12640,1,3,5,0,0,1,0,579,0,0,0,0,0,0,0,nan,22.006748477491783,nan,nan,nan,nan,nan
12641,1,3,5,0,0,0,1,579,0,0,0,0,0,0,0,nan,nan,nan,nan,nan,20.17154259205745,nan
12642,1,4,5,0,0,0,1,579,0,0,0,0,0,0,0,12.134400691915289,nan,nan,nan,nan,nan,nan
12643,1,4,5,0,0,0,1,579,0,0,0,0,0,0,0,nan,nan,nan,nan,nan,nan,nan
12644,1,4,5,0,0,0,1,579,0,0,0,0,0,0,0,nan,nan,nan,nan,nan,nan,nan
12645,1,4,5,0,0,0,1,579,0,0,0,0,0,0,0,nan,nan,nan,nan,nan,nan,nan
12646,1,4,5,0,0,0,1,579,0,0,0,0,0,0,0,nan,nan,nan,nan,nan,nan,nan
12647,1,4,5,0,0,0,1,579,0,0,0,0,0,0,0,nan,nan,nan,nan,nan,nan,nan
12648,1,4,5,0,0,0,1,579,0,0,0,0,0,0,0,nan,nan,nan,nan,nan,nan,nan
12649,1,4,5,0,0,0,1,579,0,0,0,0,0,0,0,nan,nan,nan,nan,nan,nan,nan
12650,1,4,5,0,0,0,1,579,0,0,0,0,0,0,0,nan,nan,nan,nan,nan,nan,nan
12651,1,4,5,0,0,1,1,579,0,0,0,0,1,0,0,nan,nan,nan,nan,17.423954119629343,nan,nan
12652,1,4,5,0,0,1,1,579,0,0,0,0,1,0,0,nan,nan,nan,nan,nan,nan,nan
12653,1,4,5,0,0,1,1,579,0,0,0,0,1,0,0,nan,nan,nan,nan,nan,nan,nan
12654,1,4,5,0,0,1,1,579,0,0,0,0,1,0,0,nan,nan,nan,nan,nan,nan,nan
12655,1,4,5,0,0,1,1,579,0,0,0,0,1,0,0,nan,nan,nan,nan,nan,nan,nan
12656,1,4,5,0,0,1,1,579,0,0,0,1,0,0,0,nan,nan,nan,19.211405558691695,nan,nan,nan
12657,1,4,5,0,0,1,1,579,0,2,0,1,0,0,0,nan,16.999734568675194,nan,nan,nan,nan,nan
12658,1,4,5,0,0,1,1,579,0,2,0,1,0,0,0,nan,nan,nan,nan,nan,nan,nan
12659,1,4,5,0,0,1,1,579,0,2,0,1,0,0,0,nan,nan,nan,nan,nan,nan,nan
12660,1,4,5,0,0,1,1,579,0,2,0,1,0,0,0,nan,nan,nan,nan,nan,nan,nan
12661,1,4,5,0,0,1,1,579,0,2,0,1,0,0,0,nan,nan,nan,nan,nan,nan,nan
12662,1,4,5,0,0,1,0,580,0,2,0,1,0,0,0,nan,nan,nan,nan,nan,nan,25.348674879744067
12663,1,5,5,0,0,1,0,580,0,2,0,1,0,0,0,20.76611992753533,nan,nan,nan,nan,nan,nan
12664,1,5,5,0,0,1,0,580,0,2,0,1,0,0,0,nan,nan,nan,nan,nan,nan,nan
12665,1,5,5,0,0,1,0,580,0,2,0,1,0,0,0,nan,nan,nan,nan,nan,nan,nan
12666,1,5,5,0,0,0,1,580,0,2,0,1,0,0,0,nan,nan,nan,nan,nan,24.85596294369134,nan
12667,1,5,5,0,0,0,1,580,0,2,0,1,0,0,0,nan,nan,nan,nan,nan,nan,nan
12668,1,4,5,0,0,0,1,580,0,0,0,0,0,0,0,nan,nan,30.896241251350148,nan,nan,nan,nan
12669,1,4,5,0,0,0,1,580,0,0,0,0,0,0,0,nan,nan,nan,nan,nan,nan,nan
12670,1,4,5,0,0,0,1,580,0,0,0,0,0,0,0,nan,nan,nan,nan,nan,nan,nan
12671,1,4,5,0,0,0,1,580,0,0,0,0,0,0,0,nan,nan,nan,nan,nan,nan,nan
12672,1,4,5,0,0,0,1,580,0,0,0,0,0,0,0,nan,nan,nan,nan,nan,nan,nan
12673,1,4,5,0,0,0,1,580,0,0,0,0,0,0,0,nan,nan,nan,nan,nan,nan,nan
12674,1,4,5,0,0,1,0,581,0,0,0,0,1,0,0,nan,nan,nan,nan,22.492007931841727,nan,12.068439804164882
12675,1,4,5,0,0,1,0,581,0,0,0,0,1,0,0,nan,nan,nan,nan,nan,nan,nan
12676,1,4,5,0,0,1,0,581,0,0,0,0,1,0,0,nan,nan,nan,nan,nan,nan,nan
12677,1,5,5,0,0,1,0,581,0,0,0,0,1,0,0,14.107738405078635,nan,nan,nan,nan,nan,nan
12678,1,5,5,0,0,1,0,581,0,0,0,0,1,0,0,nan,nan,nan,nan,nan,nan,nan
12679,1,5,5,0,0,1,0,581,0,0,0,0,1,0,0,nan,nan,nan,nan,nan,nan,nan
12680,1,5,5,0,0,1,0,581,0,0,0,0,1,0,0,nan,nan,nan,nan,nan,nan,nan
12681,1,5,4,1,0,1,0,581,0,0,0,0,1,0,0,nan,nan,12.937349546378755,nan,nan,nan,nan
12682,1,4,5,1,0,1,0,581,0,0,0,0,1,0,0,nan,24.596403125951838,nan,nan,nan,nan,nan
12683,1,4,5,1,0,0,1,581,0,0,0,0,1,0,0,nan,nan,nan,nan,nan,16.53154315541542,nan
12684,1,4,5,1,0,0,1,581,0,0,0,0,1,0,0,nan,nan,nan,nan,nan,nan,nan
12685,1,4,5,1,0,0,0,582,0,0,0,0,1,0,0,nan,nan,nan,nan,nan,nan,10.536584935087376
12686,1,4,5,1,0,0,0,582,0,0,0,0,1,0,0,nan,nan,nan,nan,nan,nan,nan
12687,1,4,5,0,0,0,0,582,0,0,0,0,0,0,0,nan,nan,nan,31.289932367964866,nan,nan,nan
12688,1,4,5,0,0,0,0,582,0,0,0,0,0,0,0,nan,nan,nan,nan,nan,nan,nan
12689,1,4,5,0,0,0,0,582,0,0,0,0,0,0,0,nan,nan,nan,nan,nan,nan,nan
12690,1,4,5,0,0,0,0,582,0,0,0,0,0,0,0,nan,nan,nan,nan,nan,nan,nan
12691,1,4,5,0,0,0,0,582,0,0,0,0,0,0,0,nan,nan,nan,nan,nan,nan,nan
12692,1,4,5,0,0,0,0,582,0,0,0,0,0,0,0,nan,nan,nan,nan,nan,nan,nan
12693,1,4,5,0,0,0,0,582,0,0,0,0,0,0,0,nan,nan,nan,nan,nan,nan,nan
12694,1,4,5,0,0,0,0,582,0,0,0,0,0,0,0,nan,nan,nan,nan,nan,nan,nan
12695,1,5,5,0,0,0,0,582,0,0,0,0,0,0,0,17.846428500304683,nan,nan,nan,nan,nan,nan
12696,1,5,5,0,0,0,0,582,0,0,0,0,0,0,0,nan,nan,nan,nan,nan,nan,nan
12697,1,5,5,0,0,0,0,582,0,0,0,0,0,0,0,nan,nan,nan,nan,nan,nan,nan
12698,1,5,5,0,0,0,0,582,0,0,0,0,0,0,0,nan,nan,nan,nan,nan,nan,nan
12699,1,5,5,0,0,1,0,583,0,0,0,0,1,0,1,nan,nan,nan,nan,25.21962744027951,nan,14.149651713007188
12700,1,5,5,0,0,0,0,583,0,0,0,1,0,0,0,nan,nan,nan,13.56856441202217,nan,17.607686170307716,nan
12701,1,5,5,0,0,0,0,583,0,0,0,1,0,0,0,nan,nan,nan,nan,nan,nan,nan
12702,1,5,5,0,0,0,0,583,0,0,0,1,0,0,0,nan,nan,nan,nan,nan,nan,nan
12703,1,5,5,0,0,0,0,583,0,0,0,1,0,0,0,nan,nan,nan,nan,nan,nan,nan
12704,1,5,5,0,0,0,0,583,0,0,0,1,0,0,0,nan,nan,nan,nan,nan,nan,nan
12705,1,5,5,0,0,0,0,583,0,0,0,1,0,0,0,nan,nan,nan,nan,nan,nan,nan
12706,1,5,5,0,0,0,0,583,0,0,0,1,0,0,0,nan,nan,nan,nan,nan,nan,nan
12707,1,5,5,0,0,0,0,583,0,0,0,1,0,0,0,nan,nan,nan,nan,nan,nan,nan
12708,1,5,5,0,0,0,0,583,0,0,0,1,0,0,0,nan,nan,nan,nan,nan,nan,nan
12709,1,5,5,0,0,0,0,583,0,0,0,1,0,0,0,nan,nan,nan,nan,nan,nan,nan
12710,1,5,5,0,0,1,0,583,0,2,0,1,1,0,0,nan,28.091034370027046,nan,nan,11.615744663769874,nan,nan
12711,1,4,5,0,0,1,0,583,0,0,0,0,1,0,0,nan,nan,29.538724231933884,nan,nan,nan,nan
12712,1,4,5,0,0,1,0,583,0,0,0,0,1,0,0,nan,nan,nan,nan,nan,nan,nan
12713,1,4,5,0,0,1,0,583,0,0,0,0,1,0,0,nan,nan,nan,nan,nan,nan,nan
12714,1,4,5,0,0,1,0,583,0,0,0,0,1,0,0,nan,nan,nan,nan,nan,nan,nan
12715,1,4,5,0,0,1,0,583,0,0,0,0,1,0,0,nan,nan,nan,nan,nan,nan,nan
12716,1,4,5,0,0,1,0,583,0,0,0,0,1,0,0,nan,nan,nan,nan,nan,nan,nan
12717,1,4,5,0,0,1,0,583,0,0,0,0,1,0,0,nan,nan,nan,nan,nan,nan,nan
12718,1,4,5,0,0,1,0,584,0,0,0,0,1,0,1,nan,nan,nan,nan,nan,nan,18.8072770706749
12719,1,4,5,0,0,1,0,584,0,0,0,0,1,0,1,nan,nan,nan,nan,nan,nan,nan
12720,1,4,5,0,0,1,0,584,0,0,0,1,0,0,1,nan,nan,nan,19.291608243593146,nan,nan,nan
12721,1,4,5,0,0,1,0,584,0,0,0,1,0,0,1,nan,nan,nan,nan,nan,nan,nan
12722,1,5,5,0,0,1,0,584,0,0,0,1,0,0,1,27.4423154002543,nan,nan,nan,nan,nan,nan
12723,1,5,5,0,0,1,0,584,0,0,0,1,0,0,1,nan,nan,nan,nan,nan,nan,nan
12724,1,5,5,0,0,1,0,584,0,0,0,1,0,0,1,nan,nan,nan,nan,nan,nan,nan
12725,1,5,5,0,0,1,0,584,0,0,0,1,0,0,1,nan,nan,nan,nan,nan,nan,nan
12726,1,5,5,0,0,1,0,584,0,0,0,1,0,0,1,nan,nan,nan,nan,nan,nan,nan
12727,1,5,5,0,0,1,0,584,0,0,0,1,0,0,1,nan,nan,nan,nan,nan,nan,nan
12728,1,5,5,0,0,1,0,584,0,2,0,1,0,0,1,nan,18.536762198149518,nan,nan,nan,nan,nan
12729,1,5,5,0,0,1,0,584,0,2,0,1,0,0,1,nan,nan,nan,nan,nan,nan,nan
12730,1,4,5,0,0,1,0,584,0,0,0,0,0,0,1,nan,nan,19.41060142416063,nan,nan,nan,nan
12731,1,4,5,0,0,1,0,584,0,0,0,0,0,0,1,nan,nan,nan,nan,nan,nan,nan
12732,1,4,5,0,0,1,0,584,0,0,0,0,0,0,1,nan,nan,nan,nan,nan,nan,nan
12733,1,5,5,0,0,1,0,584,0,0,0,0,0,0,1,10.614180349268281,nan,nan,nan,nan,nan,nan
12734,1,5,5,0,0,1,0,584,0,0,0,0,0,0,1,nan,nan,nan,nan,nan,nan,nan
12735,1,5,5,0,0,2,0,584,0,0,0,0,1,0,1,nan,nan,nan,nan,25.015242806262904,nan,nan
12736,1,5,5,0,0,2,0,584,0,0,0,0,1,0,1,nan,nan,nan,nan,nan,nan,nan
12737,1,5,5,0,0,2,0,584,0,0,0,0,1,0,1,nan,nan,nan,nan,nan,nan,nan
12738,1,5,5,0,0,2,0,584,0,0,0,0,1,0,1,nan,nan,nan,nan,nan,nan,nan
12739,1,5,5,0,0,2,0,584,0,0,0,0,1,0,1,nan,nan,nan,nan,nan,nan,nan
12740,1,5,5,0,0,2,0,584,0,0,0,0,1,0,1,nan,nan,nan,nan,nan,nan,nan
12741,1,5,5,0,0,2,0,584,0,0,0,0,1,0,1,nan,nan,nan,nan,nan,nan,nan
12742,1,5,5,0,0,1,0,584,0,0,0,1,0,0,0,nan,nan,nan,22.258896215629647,nan,41.95858281269102,nan
12743,1,5,5,0,0,1,0,584,0,0,0,1,0,0,0,nan,nan,nan,nan,nan,nan,nan
12744,1,5,5,0,0,1,0,584,0,0,0,1,0,0,0,nan,nan,nan,nan,nan,nan,nan
12745,1,5,5,0,0,1,0,584,0,0,0,1,0,0,0,nan,nan,nan,nan,nan,nan,nan
12746,1,5,5,0,0,1,0,584,0,0,0,1,0,0,0,nan,nan,nan,nan,nan,nan,nan
12747,1,5,5,0,0,1,0,584,0,0,0,1,0,0,0,nan,nan,nan,nan,nan,nan,nan
12748,1,5,5,0,0,1,0,584,0,0,0,1,0,0,0,nan,nan,nan,nan,nan,nan,nan
12749,1,5,5,0,0,1,0,584,0,0,0,1,0,0,0,nan,nan,nan,nan,nan,nan,nan
12750,1,5,5,0,0,1,0,584,0,0,0,1,0,0,0,nan,nan,nan,nan,nan,nan,nan
12751,1,5,5,0,0,1,0,584,0,0,0,1,0,0,0,nan,nan,nan,nan,nan,nan,nan
12752,1,5,4,0,0,1,0,584,0,0,0,0,0,0,0,nan,nan,22.16613294425406,nan,nan,nan,nan
12753,1,5,4,0,0,1,0,584,0,0,0,0,0,0,0,nan,nan,nan,nan,nan,nan,nan
12754,1,5,4,0,0,1,0,584,0,0,0,0,0,0,0,nan,nan,nan,nan,nan,nan,nan
12755,1,5,4,0,0,1,0,584,0,0,0,0,0,0,0,nan,nan,nan,nan,nan,nan,nan
12756,1,5,4,0,0,1,0,584,0,0,0,0,0,0,0,nan,nan,nan,nan,nan,nan,nan
12757,1,5,4,0,0,0,0,585,0,0,0,0,0,0,0,nan,nan,nan,nan,nan,14.540615719002744,39.08630847432869
12758,1,5,4,0,0,1,0,585,0,0,0,0,1,0,0,nan,nan,nan,nan,22.83080406374029,nan,nan
12759,1,5,4,0,0,1,0,585,0,0,0,0,1,0,0,nan,nan,nan,nan,nan,nan,nan
12760,1,5,4,0,0,1,0,585,0,0,0,0,1,0,0,nan,nan,nan,nan,nan,nan,nan
12761,1,5,4,0,0,1,0,585,0,0,0,0,1,0,0,nan,nan,nan,nan,nan,nan,nan
12762,1,4,5,0,0,1,0,585,0,0,0,0,1,0,0,nan,33.713638694673136,nan,nan,nan,nan,nan
12763,1,4,5,0,0,1,0,585,0,0,0,0,1,0,0,nan,nan,nan,nan,nan,nan,nan
12764,1,4,5,0,0,1,0,585,0,0,0,0,1,0,0,nan,nan,nan,nan,nan,nan,nan
12765,1,4,5,0,0,1,0,585,0,0,0,0,1,0,0,nan,nan,nan,nan,nan,nan,nan
12766,1,4,5,0,0,1,0,585,0,0,0,0,1,0,0,nan,nan,nan,nan,nan,nan,nan
12767,1,4,5,0,0,1,0,585,0,0,0,0,1,0,0,nan,nan,nan,nan,nan,nan,nan
12768,1,4,5,0,0,1,0,585,0,0,0,0,1,0,0,nan,nan,nan,nan,nan,nan,nan
12769,1,4,5,0,0,1,0,585,0,0,0,0,1,0,0,nan,nan,nan,nan,nan,nan,nan
12770,1,4,5,0,0,1,0,585,0,0,0,0,1,0,0,nan,nan,nan,nan,nan,nan,nan
12771,1,4,5,0,0,1,0,585,0,0,0,0,1,0,0,nan,nan,nan,nan,nan,nan,nan
12772,1,4,4,1,0,0,1,585,0,0,0,0,1,0,0,nan,nan,20.2042590871024,nan,nan,14.802522705307638,nan
12773,1,4,4,0,0,0,1,585,0,0,0,0,0,0,0,nan,nan,nan,30.483486384044227,nan,nan,nan
12774,1,4,4,0,0,0,1,585,0,0,0,0,0,0,0,nan,nan,nan,nan,nan,nan,nan
12775,1,4,4,0,0,0,1,585,0,0,0,0,0,0,0,nan,nan,nan,nan,nan,nan,nan
12776,1,4,4,0,0,0,0,586,0,0,0,0,0,0,0,nan,nan,nan,nan,nan,nan,18.936224986649904
12777,1,4,4,0,0,0,0,586,0,0,0,0,0,0,0,nan,nan,nan,nan,nan,nan,nan
12778,1,4,4,0,0,0,0,586,0,0,0,0,0,0,0,nan,nan,nan,nan,nan,nan,nan
12779,1,4,4,0,0,0,0,586,0,0,0,0,0,0,0,nan,nan,nan,nan,nan,nan,nan
12780,1,5,4,0,0,0,0,586,0,0,0,0,0,0,0,46.94545526556976,nan,nan,nan,nan,nan,nan
12781,1,5,4,0,0,0,0,586,0,0,0,0,0,0,0,nan,nan,nan,nan,nan,nan,nan
12782,1,5,4,0,0,0,0,586,0,0,0,0,0,0,0,nan,nan,nan,nan,nan,nan,nan
12783,1,5,4,0,0,0,0,586,0,0,0,0,0,0,0,nan,nan,nan,nan,nan,nan,nan
12784,1,5,4,0,0,0,0,586,0,0,0,0,0,0,0,nan,nan,nan,nan,nan,nan,nan
12785,1,4,5,0,0,0,1,586,0,0,0,0,0,1,0,nan,22.74377613195429,nan,nan,nan,13.522397832635761,nan
12786,1,4,5,0,0,0,1,586,0,0,0,0,0,1,0,nan,nan,nan,nan,nan,nan,nan
12787,1,4,5,0,0,0,1,586,0,0,0,0,0,1,0,nan,nan,nan,nan,nan,nan,nan
12788,1,4,5,0,0,0,0,587,0,0,0,0,1,0,0,nan,nan,nan,nan,30.175454660635296,nan,12.130020934899221
12789,1,4,5,0,0,0,0,587,0,0,0,0,1,0,0,nan,nan,nan,nan,nan,nan,nan
12790,1,4,5,0,0,0,0,587,0,0,0,0,1,0,0,nan,nan,nan,nan,nan,nan,nan
12791,1,5,5,0,0,0,0,587,0,0,0,1,0,0,0,11.721989897969252,nan,nan,18.687211493637733,nan,nan,nan
12792,1,5,5,0,0,0,0,587,0,0,0,1,0,0,0,nan,nan,nan,nan,nan,nan,nan
12793,1,5,5,0,0,0,0,587,0,2,0,1,0,0,0,nan,8.224412731342454,nan,nan,nan,nan,nan
12794,1,5,5,0,0,0,0,587,0,2,0,1,0,0,0,nan,nan,nan,nan,nan,nan,nan
12795,1,5,5,0,0,0,0,587,0,2,0,1,0,0,0,nan,nan,nan,nan,nan,nan,nan
12796,1,5,5,0,0,0,0,587,0,2,0,1,0,0,0,nan,nan,nan,nan,nan,nan,nan
12797,1,5,5,0,0,0,0,587,0,2,0,1,0,0,0,nan,nan,nan,nan,nan,nan,nan
12798,1,5,5,0,0,0,0,587,0,2,0,1,0,0,0,nan,nan,nan,nan,nan,nan,nan
12799,1,5,5,0,0,0,0,587,0,2,0,1,0,0,0,nan,nan,nan,nan,nan,nan,nan
12800,1,5,5,0,0,0,0,587,0,2,0,1,0,0,0,nan,nan,nan,nan,nan,nan,nan
12801,1,5,5,0,0,0,0,587,0,2,0,1,0,0,0,nan,nan,nan,nan,nan,nan,nan
12802,1,5,5,0,0,0,0,587,0,2,0,1,0,0,0,nan,nan,nan,nan,nan,nan,nan
12803,1,4,5,0,0,0,0,587,0,0,0,0,0,0,0,nan,nan,30.573925546499595,nan,nan,nan,nan
12804,1,4,5,0,0,0,0,587,0,0,0,0,0,0,0,nan,nan,nan,nan,nan,nan,nan
12805,1,4,5,0,0,0,0,587,0,0,0,0,0,0,0,nan,nan,nan,nan,nan,nan,nan
12806,1,4,5,0,0,0,0,587,0,0,0,0,0,0,0,nan,nan,nan,nan,nan,nan,nan
12807,1,4,5,0,0,0,0,587,0,0,0,0,0,0,0,nan,nan,nan,nan,nan,nan,nan
12808,1,4,5,0,0,0,0,587,0,0,0,0,0,0,0,nan,nan,nan,nan,nan,nan,nan
12809,1,4,5,0,0,1,0,587,0,0,0,0,1,0,0,nan,nan,nan,nan,20.934051442201962,nan,nan
12810,1,4,5,0,0,0,1,587,0,0,0,0,1,0,0,nan,nan,nan,nan,nan,24.383431172816927,nan
12811,1,4,5,0,0,0,1,587,0,0,0,0,1,0,0,nan,nan,nan,nan,nan,nan,nan
12812,1,4,5,0,0,0,1,587,0,0,0,0,1,0,0,nan,nan,nan,nan,nan,nan,nan
12813,1,4,5,0,0,0,1,587,0,0,0,0,1,0,0,nan,nan,nan,nan,nan,nan,nan
12814,1,4,5,0,0,0,1,587,0,0,0,0,1,0,0,nan,nan,nan,nan,nan,nan,nan
12815,1,4,4,0,0,0,1,587,0,0,0,0,0,0,0,nan,nan,12.477792259251146,23.816087439439798,nan,nan,nan
12816,1,4,4,0,0,0,1,587,0,0,0,0,0,0,0,nan,nan,nan,nan,nan,nan,nan
12817,1,5,4,0,0,0,1,587,0,0,0,0,0,0,0,25.11842750481992,nan,nan,nan,nan,nan,nan
12818,1,5,4,0,0,0,1,587,0,0,0,0,0,0,0,nan,nan,nan,nan,nan,nan,nan
12819,1,5,4,0,0,0,1,588,0,0,0,0,0,1,0,nan,nan,nan,nan,nan,9.801120053862178,30.92092982102804
12820,1,5,4,0,0,0,1,588,0,0,0,0,0,1,0,nan,nan,nan,nan,nan,nan,nan
12821,1,4,5,0,0,0,1,588,0,0,0,0,0,1,0,nan,28.300706806645394,nan,nan,nan,nan,nan
12822,1,4,5,0,0,0,1,588,0,0,0,0,0,1,0,nan,nan,nan,nan,nan,nan,nan
12823,1,4,5,0,0,0,1,588,0,0,0,0,0,1,0,nan,nan,nan,nan,nan,nan,nan
12824,1,4,5,0,0,0,1,588,0,0,0,0,0,1,0,nan,nan,nan,nan,nan,nan,nan
12825,1,4,5,0,0,0,1,588,0,0,0,0,0,1,0,nan,nan,nan,nan,nan,nan,nan
12826,1,4,5,0,0,0,1,588,0,0,0,0,0,1,0,nan,nan,nan,nan,nan,nan,nan
12827,1,4,5,0,0,0,1,588,0,0,0,0,0,1,0,nan,nan,nan,nan,nan,nan,nan
12828,1,4,5,0,0,0,1,588,0,0,0,0,0,1,0,nan,nan,nan,nan,nan,nan,nan
12829,1,5,5,0,0,0,1,588,0,0,0,0,0,1,0,12.563958467078919,nan,nan,nan,nan,nan,nan
12830,1,5,5,0,0,0,1,588,0,0,0,0,0,1,0,nan,nan,nan,nan,nan,nan,nan
12831,1,5,5,0,1,0,1,588,0,0,0,1,0,1,0,nan,nan,nan,15.49437250250412,nan,nan,nan
12832,1,5,5,0,1,0,1,588,0,0,0,1,0,1,0,nan,nan,nan,nan,nan,nan,nan
12833,1,5,5,0,1,0,1,588,0,0,0,1,0,1,0,nan,nan,nan,nan,nan,nan,nan
12834,1,5,5,0,1,0,1,588,0,2,0,1,0,1,0,nan,12.948160168654795,nan,nan,nan,nan,nan
12835,1,5,5,0,1,0,1,588,0,2,0,1,0,1,0,nan,nan,nan,nan,nan,nan,nan
12836,1,5,5,0,1,0,1,588,0,2,0,1,0,1,0,nan,nan,nan,nan,nan,nan,nan
12837,1,5,5,0,1,0,1,588,0,2,0,1,0,1,0,nan,nan,nan,nan,nan,nan,nan
12838,1,5,5,0,1,0,1,588,0,2,0,1,0,1,0,nan,nan,nan,nan,nan,nan,nan
12839,1,5,5,0,1,0,1,588,0,2,0,1,0,1,0,nan,nan,nan,nan,nan,nan,nan
12840,1,5,5,0,1,0,0,589,0,2,0,1,0,1,0,nan,nan,nan,nan,nan,nan,21.38918200288026
12841,1,5,5,0,1,0,0,589,0,2,0,1,0,1,0,nan,nan,nan,nan,nan,nan,nan
12842,1,5,5,0,1,0,0,589,0,2,0,1,0,1,0,nan,nan,nan,nan,nan,nan,nan
12843,1,5,5,0,1,0,0,589,2,2,0,1,0,1,0,13.45080487542873,nan,nan,nan,nan,nan,nan
12844,1,5,5,0,1,0,0,589,2,2,0,1,0,1,0,nan,nan,nan,nan,nan,nan,nan
12845,1,5,5,0,1,0,0,589,2,2,0,1,0,1,0,nan,nan,nan,nan,nan,nan,nan
12846,1,5,5,0,1,0,0,589,2,2,0,1,0,1,0,nan,nan,nan,nan,nan,nan,nan
12847,1,5,5,0,1,0,0,589,2,2,0,1,0,1,0,nan,nan,nan,nan,nan,nan,nan
12848,1,5,5,0,1,0,0,589,2,2,0,1,0,1,0,nan,nan,nan,nan,nan,nan,nan
12849,1,5,5,0,1,0,0,589,2,2,0,1,0,1,0,nan,nan,nan,nan,nan,nan,nan
12850,1,5,5,0,1,0,0,589,2,2,0,1,0,1,0,nan,nan,nan,nan,nan,nan,nan
12851,1,5,5,0,1,0,0,589,0,0,0,0,0,1,0,nan,nan,35.67564010414753,nan,nan,nan,nan
12852,1,5,5,0,1,0,0,590,0,0,0,0,0,1,1,nan,nan,nan,nan,nan,nan,11.968422043792089
12853,1,5,5,0,1,0,0,590,0,0,0,0,0,1,1,nan,nan,nan,nan,nan,nan,nan
12854,1,5,5,0,1,0,0,590,0,0,0,0,0,1,1,nan,nan,nan,nan,nan,nan,nan
12855,1,5,5,0,1,0,0,590,0,0,0,0,0,1,1,nan,nan,nan,nan,nan,nan,nan
12856,1,5,5,0,1,0,0,590,0,0,0,0,0,1,1,nan,nan,nan,nan,nan,nan,nan
12857,1,5,5,0,1,0,0,590,0,0,0,0,0,1,1,nan,nan,nan,nan,nan,nan,nan
12858,1,5,5,0,1,0,0,590,0,0,0,0,0,1,1,nan,nan,nan,nan,nan,nan,nan
12859,1,5,5,0,0,0,0,590,0,0,0,0,0,0,1,nan,nan,nan,nan,49.982193563875626,nan,nan
12860,1,5,5,0,0,0,0,590,0,0,0,0,0,0,1,nan,nan,nan,nan,nan,nan,nan
12861,1,5,5,0,0,0,0,590,0,0,0,0,0,0,1,nan,nan,nan,nan,nan,nan,nan
12862,1,5,5,0,0,0,0,590,0,0,0,0,0,0,1,nan,nan,nan,nan,nan,nan,nan
12863,1,5,5,0,0,0,0,590,0,0,0,0,0,0,1,nan,nan,nan,nan,nan,nan,nan
12864,1,5,5,0,0,0,0,590,0,0,0,0,0,0,1,nan,nan,nan,nan,nan,nan,nan
12865,1,5,5,0,0,0,0,590,0,0,0,0,0,0,1,nan,nan,nan,nan,nan,nan,nan
12866,1,5,5,0,0,0,0,590,0,0,0,0,0,0,1,nan,nan,nan,nan,nan,nan,nan
12867,1,5,5,0,0,0,0,590,0,0,0,0,0,0,1,nan,nan,nan,nan,nan,nan,nan
12868,1,5,5,0,0,0,0,590,0,2,0,0,0,0,1,nan,33.52742244441106,nan,nan,nan,nan,nan
12869,1,5,5,0,0,0,0,590,0,2,0,0,0,0,1,nan,nan,nan,nan,nan,nan,nan
12870,1,5,5,0,0,0,0,590,0,2,0,0,0,0,1,nan,nan,nan,nan,nan,nan,nan
12871,1,5,5,0,0,0,0,590,0,2,0,0,0,0,1,nan,nan,nan,nan,nan,nan,nan
12872,1,4,5,1,0,0,0,590,0,0,0,0,0,0,1,nan,nan,20.71308550797403,nan,nan,nan,nan
12873,1,4,5,1,0,0,0,590,0,0,0,0,0,0,1,nan,nan,nan,nan,nan,nan,nan
12874,1,4,5,1,0,0,0,590,0,0,0,0,0,0,1,nan,nan,nan,nan,nan,nan,nan
12875,1,5,5,1,0,0,0,590,0,0,0,0,0,1,0,32.20059733190101,nan,nan,nan,nan,55.50381465971441,nan
12876,1,5,5,1,0,0,0,590,0,0,0,0,0,1,0,nan,nan,nan,nan,nan,nan,nan
12877,1,5,5,1,0,0,0,590,0,0,0,0,0,1,0,nan,nan,nan,nan,nan,nan,nan
12878,1,5,5,1,0,0,0,590,0,0,0,0,0,1,0,nan,nan,nan,nan,nan,nan,nan
12879,1,5,5,1,0,0,0,590,0,0,0,0,0,1,0,nan,nan,nan,nan,nan,nan,nan
12880,1,5,5,1,0,0,0,590,0,0,0,0,1,0,0,nan,nan,nan,nan,20.806838014992536,nan,nan
12881,1,5,5,1,0,0,0,590,0,0,0,0,1,0,0,nan,nan,nan,nan,nan,nan,nan
12882,1,5,5,1,0,0,0,590,0,0,0,0,1,0,0,nan,nan,nan,nan,nan,nan,nan
12883,1,5,5,0,0,0,0,590,0,0,0,0,0,0,0,nan,nan,nan,52.79440099627209,nan,nan,nan
12884,1,5,5,0,0,0,0,590,0,0,0,0,0,0,0,nan,nan,nan,nan,nan,nan,nan
12885,1,5,5,0,0,0,0,590,0,0,0,0,0,0,0,nan,nan,nan,nan,nan,nan,nan
12886,1,5,5,0,0,0,0,590,0,0,0,0,0,0,0,nan,nan,nan,nan,nan,nan,nan
12887,1,5,5,0,0,0,0,590,2,0,0,0,0,0,0,11.783415581929148,nan,nan,nan,nan,nan,nan
12888,1,5,5,0,0,0,0,590,2,0,0,0,0,0,0,nan,nan,nan,nan,nan,nan,nan
12889,1,5,5,0,0,0,0,590,2,2,0,0,0,0,0,nan,21.501890998315503,nan,nan,nan,nan,nan
12890,1,5,5,0,0,0,0,591,2,2,0,0,0,0,1,nan,nan,nan,nan,nan,nan,37.898212135467475
12891,1,5,5,0,0,0,0,591,2,2,0,0,0,0,1,nan,nan,nan,nan,nan,nan,nan
12892,1,5,5,0,0,0,0,591,2,2,0,0,0,0,1,nan,nan,nan,nan,nan,nan,nan
12893,1,5,5,0,0,0,0,591,2,2,0,0,0,0,1,nan,nan,nan,nan,nan,nan,nan
12894,1,5,5,0,0,1,0,591,2,2,0,0,1,0,1,nan,nan,nan,nan,13.692940302431452,nan,nan
12895,1,5,5,0,0,1,0,591,2,2,0,0,1,0,1,nan,nan,nan,nan,nan,nan,nan
12896,1,5,5,0,0,1,0,591,2,2,0,0,1,0,1,nan,nan,nan,nan,nan,nan,nan
12897,1,5,5,0,0,1,0,591,2,2,0,0,1,0,1,nan,nan,nan,nan,nan,nan,nan
12898,1,5,5,0,0,1,0,591,2,2,0,0,1,0,1,nan,nan,nan,nan,nan,nan,nan
12899,1,5,5,0,0,0,0,591,2,2,0,0,1,0,0,nan,nan,nan,nan,nan,24.17643592063905,nan
12900,1,5,5,0,0,0,0,591,2,2,0,0,1,0,0,nan,nan,nan,nan,nan,nan,nan
12901,1,5,5,0,0,0,0,591,2,2,0,0,1,0,0,nan,nan,nan,nan,nan,nan,nan
12902,1,5,5,0,0,0,0,591,2,2,0,1,0,0,0,nan,nan,nan,18.201227642763115,nan,nan,nan
12903,1,5,5,0,0,0,0,591,2,2,0,1,0,0,0,nan,nan,nan,nan,nan,nan,nan
12904,1,5,5,0,0,0,0,591,2,2,0,1,0,0,0,nan,nan,nan,nan,nan,nan,nan
12905,1,5,5,0,0,0,0,591,2,2,0,1,0,0,0,nan,nan,nan,nan,nan,nan,nan
12906,1,5,5,0,0,0,0,591,2,2,0,1,0,0,0,nan,nan,nan,nan,nan,nan,nan
12907,1,5,5,0,0,0,0,591,2,2,0,1,0,0,0,nan,nan,nan,nan,nan,nan,nan
12908,1,5,5,0,0,0,0,592,2,2,0,1,0,0,1,nan,nan,nan,nan,nan,nan,17.757869611850765
12909,1,5,5,0,0,0,0,592,2,2,0,1,0,0,1,nan,nan,nan,nan,nan,nan,nan
12910,1,5,5,0,0,0,0,592,2,2,0,1,0,0,1,nan,nan,nan,nan,nan,nan,nan
12911,1,5,5,0,0,0,0,592,2,2,0,1,0,0,1,nan,nan,nan,nan,nan,nan,nan
12912,1,5,5,0,0,0,0,592,2,2,0,1,0,0,1,nan,nan,nan,nan,nan,nan,nan
12913,1,5,5,0,0,0,0,592,2,2,0,1,0,0,1,nan,nan,nan,nan,nan,nan,nan
12914,1,5,5,0,0,0,0,592,0,0,0,0,0,0,1,nan,nan,42.30511187989032,nan,nan,nan,nan
12915,1,5,5,0,0,0,0,592,0,0,0,0,0,0,1,nan,nan,nan,nan,nan,nan,nan
12916,1,5,5,0,0,0,0,592,0,0,0,0,0,0,1,nan,nan,nan,nan,nan,nan,nan
12917,1,5,5,0,0,0,0,592,0,0,0,0,0,0,1,nan,nan,nan,nan,nan,nan,nan
12918,1,5,5,0,0,0,0,592,0,0,0,0,0,0,1,nan,nan,nan,nan,nan,nan,nan
12919,1,5,5,0,0,0,0,592,0,0,0,0,0,1,0,nan,nan,nan,nan,nan,20.188932972456314,nan
12920,1,5,5,0,0,0,0,592,0,0,0,0,0,1,0,nan,nan,nan,nan,nan,nan,nan
12921,1,5,5,0,0,0,0,592,0,0,0,0,1,0,0,nan,nan,nan,nan,27.513415992480077,nan,nan
12922,1,5,5,0,0,0,0,592,0,0,0,0,1,0,0,nan,nan,nan,nan,nan,nan,nan
12923,1,5,5,0,0,0,0,592,0,0,0,0,1,0,0,nan,nan,nan,nan,nan,nan,nan
12924,1,5,5,0,0,0,0,592,0,0,0,0,1,0,0,nan,nan,nan,nan,nan,nan,nan
12925,1,5,5,0,0,0,0,592,0,0,0,0,1,0,0,nan,nan,nan,nan,nan,nan,nan
12926,1,5,5,0,0,0,0,592,0,0,0,0,1,0,0,nan,nan,nan,nan,nan,nan,nan
12927,1,5,4,1,0,0,0,592,0,0,0,0,1,0,0,nan,nan,13.002538614526202,nan,nan,nan,nan
12928,1,5,4,1,0,0,0,592,0,0,0,0,1,0,0,nan,nan,nan,nan,nan,nan,nan
12929,1,5,4,1,0,0,0,592,0,0,0,0,1,0,0,nan,nan,nan,nan,nan,nan,nan
12930,1,5,4,1,0,0,0,592,0,0,0,0,1,0,0,nan,nan,nan,nan,nan,nan,nan
12931,1,5,4,1,0,0,0,592,2,0,0,0,1,0,0,44.635758408339825,nan,nan,nan,nan,nan,nan
12932,1,5,4,1,0,0,0,592,2,0,0,0,1,0,0,nan,nan,nan,nan,nan,nan,nan
12933,1,5,4,1,0,0,0,592,2,0,0,0,1,0,0,nan,nan,nan,nan,nan,nan,nan
12934,1,5,4,1,0,0,0,592,2,0,0,0,1,0,0,nan,nan,nan,nan,nan,nan,nan
12935,1,5,4,1,0,0,0,592,2,0,0,0,1,0,0,nan,nan,nan,nan,nan,nan,nan
12936,1,5,4,1,0,0,0,592,2,0,0,0,1,0,0,nan,nan,nan,nan,nan,nan,nan
12937,1,5,4,1,0,0,0,592,2,0,0,0,1,0,0,nan,nan,nan,nan,nan,nan,nan
12938,1,5,5,1,0,0,0,593,0,0,0,0,1,0,1,nan,48.82380518672653,nan,nan,nan,nan,30.5771576254956
12939,1,5,5,1,0,0,0,593,0,0,0,0,1,0,1,nan,nan,nan,nan,nan,nan,nan
12940,1,5,5,1,0,0,0,593,0,0,0,0,1,0,1,nan,nan,nan,nan,nan,nan,nan
12941,1,5,5,1,0,0,0,593,0,0,0,0,1,0,1,nan,nan,nan,nan,nan,nan,nan
12942,1,5,5,1,0,0,0,593,0,0,0,0,1,0,1,nan,nan,nan,nan,nan,nan,nan
12943,1,5,5,1,0,0,0,593,0,0,0,0,1,0,1,nan,nan,nan,nan,nan,nan,nan
12944,1,5,5,0,0,0,0,593,0,0,0,0,0,1,0,nan,nan,nan,42.59245568719598,nan,24.235034116862153,nan
12945,1,5,5,0,0,0,0,593,0,0,0,0,0,1,0,nan,nan,nan,nan,nan,nan,nan
12946,1,5,5,0,0,0,0,593,0,0,0,0,0,1,0,nan,nan,nan,nan,nan,nan,nan
12947,1,5,4,1,0,0,0,593,0,0,0,0,0,1,0,nan,nan,19.972294833371052,nan,nan,nan,nan
12948,1,5,4,1,0,0,0,593,0,0,0,0,0,1,0,nan,nan,nan,nan,nan,nan,nan
12949,1,5,4,1,0,0,0,593,0,0,0,0,0,1,0,nan,nan,nan,nan,nan,nan,nan
12950,1,5,4,1,0,0,0,593,2,0,0,0,0,1,0,18.508895912866137,nan,nan,nan,nan,nan,nan
12951,1,5,4,1,0,0,0,593,2,0,0,0,0,1,0,nan,nan,nan,nan,nan,nan,nan
12952,1,5,4,1,0,0,0,593,2,0,0,0,0,1,0,nan,nan,nan,nan,nan,nan,nan
12953,1,5,4,1,0,0,0,593,2,0,0,0,0,1,0,nan,nan,nan,nan,nan,nan,nan
12954,1,5,5,1,0,0,0,593,0,0,0,0,0,1,0,nan,16.296809037758067,nan,nan,nan,nan,nan
12955,1,5,5,1,0,0,0,593,0,0,0,0,1,0,0,nan,nan,nan,nan,33.821415078780774,nan,nan
12956,1,5,5,1,0,0,0,593,0,0,0,0,1,0,0,nan,nan,nan,nan,nan,nan,nan
12957,1,5,5,1,0,0,0,593,0,0,0,0,1,0,0,nan,nan,nan,nan,nan,nan,nan
12958,1,5,5,1,0,0,0,593,0,0,0,0,1,0,0,nan,nan,nan,nan,nan,nan,nan
12959,1,5,5,1,0,0,0,593,0,0,0,0,1,0,0,nan,nan,nan,nan,nan,nan,nan
12960,1,5,5,1,0,0,0,593,0,0,0,0,1,0,0,nan,nan,nan,nan,nan,nan,nan
12961,1,5,5,1,0,0,0,593,0,0,0,0,1,0,0,nan,nan,nan,nan,nan,nan,nan
12962,1,5,5,1,0,0,0,593,0,0,0,0,1,0,0,nan,nan,nan,nan,nan,nan,nan
12963,1,5,5,0,0,0,0,594,0,0,0,0,0,0,1,nan,nan,nan,18.702433953389118,nan,nan,24.5288602019682
12964,1,5,5,0,0,0,0,594,0,0,0,0,0,0,1,nan,nan,nan,nan,nan,nan,nan
12965,1,5,5,0,0,0,0,594,0,0,0,0,0,0,1,nan,nan,nan,nan,nan,nan,nan
12966,1,5,5,0,0,0,0,594,0,0,0,0,0,0,1,nan,nan,nan,nan,nan,nan,nan
12967,1,5,5,0,0,0,0,594,2,0,0,0,0,1,0,17.04416785073954,nan,nan,nan,nan,23.38753991307931,nan
12968,1,5,5,0,0,0,0,594,2,0,0,0,0,1,0,nan,nan,nan,nan,nan,nan,nan
12969,1,5,5,0,0,0,0,594,2,0,0,0,0,1,0,nan,nan,nan,nan,nan,nan,nan
12970,1,5,5,0,0,0,0,594,2,0,0,0,0,1,0,nan,nan,nan,nan,nan,nan,nan
12971,1,5,5,0,0,0,0,594,2,0,0,0,0,1,0,nan,nan,nan,nan,nan,nan,nan
12972,1,5,5,0,0,0,0,594,2,0,0,0,0,1,0,nan,nan,nan,nan,nan,nan,nan
12973,1,5,5,0,0,0,0,594,2,0,0,0,1,0,0,nan,nan,nan,nan,18.10891552970861,nan,nan
12974,1,5,5,0,0,0,0,594,2,0,0,1,0,0,0,nan,nan,nan,11.003559811559171,nan,nan,nan
12975,1,5,5,0,0,0,0,594,2,0,0,1,0,0,0,nan,nan,nan,nan,nan,nan,nan
12976,1,5,5,0,0,0,0,594,2,0,0,1,0,0,0,nan,nan,nan,nan,nan,nan,nan
12977,1,5,5,0,0,0,0,594,2,0,0,1,0,0,0,nan,nan,nan,nan,nan,nan,nan
12978,1,5,5,0,0,0,0,594,2,0,0,1,0,0,0,nan,nan,nan,nan,nan,nan,nan
12979,1,5,5,0,0,0,0,595,2,0,0,1,0,0,1,nan,nan,nan,nan,nan,nan,16.22871203682371
12980,1,5,5,0,0,0,0,595,2,0,0,1,0,0,1,nan,nan,nan,nan,nan,nan,nan
12981,1,5,5,0,0,0,0,595,2,0,0,1,0,0,1,nan,nan,nan,nan,nan,nan,nan
12982,1,5,5,0,0,0,0,595,2,0,0,1,0,0,1,nan,nan,nan,nan,nan,nan,nan
12983,1,5,5,0,0,0,0,595,2,0,0,1,0,0,1,nan,nan,nan,nan,nan,nan,nan
12984,1,5,5,0,0,0,0,595,2,2,0,1,0,0,1,nan,29.61988130777536,nan,nan,nan,nan,nan
12985,1,5,5,0,0,0,0,595,0,0,0,0,0,0,1,nan,nan,37.58374066025317,nan,nan,nan,nan
12986,1,5,5,0,0,0,0,595,0,0,0,0,0,0,1,nan,nan,nan,nan,nan,nan,nan
12987,1,5,5,0,0,0,0,595,0,0,0,0,0,0,1,nan,nan,nan,nan,nan,nan,nan
12988,1,5,5,0,0,0,0,595,0,0,0,0,0,0,1,nan,nan,nan,nan,nan,nan,nan
12989,1,5,5,0,0,0,0,595,0,0,0,0,0,0,1,nan,nan,nan,nan,nan,nan,nan
12990,1,5,5,0,0,0,0,595,0,0,0,0,0,0,1,nan,nan,nan,nan,nan,nan,nan
12991,1,5,5,0,0,0,0,595,0,0,0,0,0,0,1,nan,nan,nan,nan,nan,nan,nan
12992,1,5,5,0,0,0,0,595,0,0,0,0,0,0,1,nan,nan,nan,nan,nan,nan,nan
12993,1,5,5,0,0,0,0,595,0,0,0,0,0,0,1,nan,nan,nan,nan,nan,nan,nan
12994,1,5,5,0,0,0,0,595,0,0,0,0,0,1,0,nan,nan,nan,nan,nan,26.92279165486252,nan
12995,1,5,5,0,0,0,0,595,0,0,0,0,1,0,0,nan,nan,nan,nan,21.566271887721086,nan,nan
12996,1,5,5,0,0,0,0,595,0,0,0,1,0,0,0,nan,nan,nan,22.14438851838895,nan,nan,nan
12997,1,5,5,0,0,0,0,595,0,0,0,1,0,0,0,nan,nan,nan,nan,nan,nan,nan
12998,1,5,4,0,0,0,0,595,0,0,0,0,0,0,0,nan,nan,13.024323423247552,nan,nan,nan,nan
12999,1,5,4,0,0,0,0,595,0,0,0,0,0,0,0,nan,nan,nan,nan,nan,nan,nan
13000,1,5,4,0,0,0,0,595,0,0,0,0,0,0,0,nan,nan,nan,nan,nan,nan,nan
13001,1,5,4,0,0,0,0,595,0,0,0,0,0,0,0,nan,nan,nan,nan,nan,nan,nan
13002,1,5,4,0,0,0,0,595,0,0,0,0,0,0,0,nan,nan,nan,nan,nan,nan,nan
13003,1,5,4,0,0,0,0,595,0,0,0,0,0,0,0,nan,nan,nan,nan,nan,nan,nan
13004,1,5,4,0,0,0,0,595,0,0,0,0,0,0,0,nan,nan,nan,nan,nan,nan,nan
13005,1,5,4,0,0,0,0,595,0,0,0,0,0,0,0,nan,nan,nan,nan,nan,nan,nan
13006,1,5,4,0,0,0,0,595,0,0,0,0,0,0,0,nan,nan,nan,nan,nan,nan,nan
13007,1,5,4,0,0,0,0,596,0,0,0,0,0,0,1,nan,nan,nan,nan,nan,nan,28.150985334754296
13008,1,5,4,0,0,0,0,596,0,0,0,0,0,0,1,nan,nan,nan,nan,nan,nan,nan
13009,1,5,4,0,0,0,0,596,0,0,0,0,0,0,1,nan,nan,nan,nan,nan,nan,nan
13010,1,5,4,0,0,0,0,596,0,0,0,0,0,0,1,nan,nan,nan,nan,nan,nan,nan
13011,1,5,4,0,0,0,0,596,0,0,0,0,0,0,1,nan,nan,nan,nan,nan,nan,nan
13012,1,5,4,0,0,0,0,596,0,0,0,0,0,1,0,nan,nan,nan,nan,nan,18.004977932114343,nan
13013,1,5,4,0,1,0,0,596,0,0,0,1,0,1,0,nan,nan,nan,16.74728108193085,nan,nan,nan
13014,1,5,4,0,1,0,0,596,2,0,0,1,0,1,0,47.43377467796017,nan,nan,nan,nan,nan,nan
13015,1,5,4,0,1,0,0,596,2,0,0,1,0,1,0,nan,nan,nan,nan,nan,nan,nan
13016,1,5,4,0,1,0,0,596,2,0,0,1,0,1,0,nan,nan,nan,nan,nan,nan,nan
13017,1,5,4,0,1,0,0,596,2,0,0,1,0,1,0,nan,nan,nan,nan,nan,nan,nan
13018,1,5,4,0,1,0,0,596,2,0,0,1,0,1,0,nan,nan,nan,nan,nan,nan,nan
13019,1,5,5,0,1,0,0,596,0,0,0,1,0,1,0,nan,35.03710954587041,nan,nan,nan,nan,nan
13020,1,5,5,0,1,0,0,596,0,0,0,1,0,1,0,nan,nan,nan,nan,nan,nan,nan
13021,1,5,5,0,1,0,0,596,0,0,0,1,0,1,0,nan,nan,nan,nan,nan,nan,nan
13022,1,5,5,0,0,0,0,596,0,0,0,1,0,0,0,nan,nan,nan,nan,26.695088572863824,nan,nan
13023,1,5,5,0,0,0,0,597,0,0,0,1,0,0,1,nan,nan,nan,nan,nan,nan,16.02501714517348
13024,1,5,5,0,0,0,0,597,0,0,0,1,0,0,1,nan,nan,nan,nan,nan,nan,nan
13025,1,5,5,0,0,0,0,597,0,0,0,1,0,0,1,nan,nan,nan,nan,nan,nan,nan
13026,1,5,5,0,0,0,0,597,0,0,0,1,0,0,1,nan,nan,nan,nan,nan,nan,nan
13027,1,5,5,0,0,0,0,597,0,0,0,1,0,0,1,nan,nan,nan,nan,nan,nan,nan
13028,1,5,5,0,0,0,0,597,0,0,0,1,0,0,1,nan,nan,nan,nan,nan,nan,nan
13029,1,5,5,0,0,0,0,597,0,0,0,1,0,0,1,nan,nan,nan,nan,nan,nan,nan
13030,1,5,5,0,0,0,0,597,0,0,0,1,0,0,1,nan,nan,nan,nan,nan,nan,nan
13031,1,5,5,0,0,0,0,597,0,0,0,1,0,0,1,nan,nan,nan,nan,nan,nan,nan
13032,1,5,5,0,0,0,0,597,0,0,0,1,0,0,1,nan,nan,nan,nan,nan,nan,nan
13033,1,5,5,0,0,0,0,597,0,0,0,1,0,0,1,nan,nan,nan,nan,nan,nan,nan
13034,1,5,5,0,0,0,0,597,0,0,0,1,0,0,1,nan,nan,nan,nan,nan,nan,nan
13035,1,5,5,0,0,0,0,597,0,2,0,1,0,0,1,nan,16.204655246719994,nan,nan,nan,nan,nan
13036,1,5,5,0,0,0,0,597,2,2,0,1,0,0,1,21.68945632258874,nan,nan,nan,nan,nan,nan
13037,1,5,5,0,0,0,0,597,0,0,0,0,0,0,1,nan,nan,39.33191972154418,nan,nan,nan,nan
13038,1,5,5,0,0,0,0,597,0,0,0,0,0,0,1,nan,nan,nan,nan,nan,nan,nan
13039,1,5,5,0,0,0,0,597,0,0,0,0,0,0,1,nan,nan,nan,nan,nan,nan,nan
13040,1,5,5,0,0,0,0,597,0,0,0,0,0,0,1,nan,nan,nan,nan,nan,nan,nan
13041,1,5,5,0,0,1,0,597,0,0,0,0,1,0,1,nan,nan,nan,nan,19.081841640216226,nan,nan
13042,1,5,5,0,0,1,0,597,0,0,0,0,1,0,1,nan,nan,nan,nan,nan,nan,nan
13043,1,5,5,0,0,1,0,597,0,0,0,0,1,0,1,nan,nan,nan,nan,nan,nan,nan
13044,1,5,5,0,0,1,0,597,0,0,0,0,1,0,1,nan,nan,nan,nan,nan,nan,nan
13045,1,5,5,0,0,0,0,597,0,0,0,0,1,0,0,nan,nan,nan,nan,nan,33.21204709693666,nan
13046,1,5,5,0,0,0,0,597,0,0,0,0,1,0,0,nan,nan,nan,nan,nan,nan,nan
13047,1,5,5,0,0,0,0,597,2,0,0,0,1,0,0,11.25192435727331,nan,nan,nan,nan,nan,nan
13048,1,5,5,0,0,0,0,597,2,0,0,0,1,0,0,nan,nan,nan,nan,nan,nan,nan
13049,1,5,5,0,0,0,0,597,2,0,0,0,1,0,0,nan,nan,nan,nan,nan,nan,nan
13050,1,5,5,0,0,0,0,597,2,0,0,0,1,0,0,nan,nan,nan,nan,nan,nan,nan
13051,1,5,5,0,0,0,0,597,2,0,0,0,1,0,0,nan,nan,nan,nan,nan,nan,nan
13052,1,5,5,0,0,0,0,597,2,2,0,0,1,0,0,nan,16.519974463255494,nan,nan,nan,nan,nan
13053,1,5,5,0,0,0,0,597,2,2,0,1,0,0,0,nan,nan,nan,40.33819255895651,nan,nan,nan
13054,1,5,5,0,0,0,0,597,2,2,0,1,0,0,0,nan,nan,nan,nan,nan,nan,nan
13055,1,5,5,0,0,0,0,597,2,2,0,1,0,0,0,nan,nan,nan,nan,nan,nan,nan
13056,1,5,5,0,0,0,0,597,2,2,0,1,0,0,0,nan,nan,nan,nan,nan,nan,nan
13057,1,5,5,0,0,0,0,598,2,2,0,1,0,0,1,nan,nan,nan,nan,nan,nan,33.79952517995116
13058,1,5,5,0,0,0,0,598,2,2,0,1,0,0,1,nan,nan,nan,nan,nan,nan,nan
13059,1,5,5,0,0,0,0,598,2,2,0,1,0,0,1,nan,nan,nan,nan,nan,nan,nan
13060,1,5,5,0,0,0,0,598,2,2,0,1,0,0,1,nan,nan,nan,nan,nan,nan,nan
13061,1,5,5,0,0,0,0,598,2,2,0,1,0,0,1,nan,nan,nan,nan,nan,nan,nan
13062,1,5,5,0,0,0,0,598,2,2,0,1,0,0,1,nan,nan,nan,nan,nan,nan,nan
13063,1,5,5,0,0,0,0,598,2,2,0,1,0,0,1,nan,nan,nan,nan,nan,nan,nan
13064,1,5,5,0,0,0,0,598,2,2,0,1,0,0,1,nan,nan,nan,nan,nan,nan,nan
13065,1,5,5,0,0,0,0,598,2,2,0,1,0,0,1,nan,nan,nan,nan,nan,nan,nan
13066,1,5,5,0,0,0,0,598,2,2,0,1,0,0,1,nan,nan,nan,nan,nan,nan,nan
13067,1,5,5,0,0,0,0,598,2,2,0,1,0,0,1,nan,nan,nan,nan,nan,nan,nan
13068,1,5,5,0,0,0,0,598,2,2,0,1,0,0,1,nan,nan,nan,nan,nan,nan,nan
13069,1,5,5,0,0,0,0,598,0,0,0,0,0,0,1,nan,nan,31.702154771232017,nan,nan,nan,nan
13070,1,5,5,0,0,0,0,598,0,0,0,0,0,1,0,nan,nan,nan,nan,nan,24.500651474931146,nan
13071,1,5,5,0,0,0,0,598,0,0,0,0,1,0,0,nan,nan,nan,nan,30.738179843438047,nan,nan
13072,1,5,5,0,0,0,0,598,0,0,0,0,1,0,0,nan,nan,nan,nan,nan,nan,nan
13073,1,5,5,0,0,0,0,598,0,0,0,0,1,0,0,nan,nan,nan,nan,nan,nan,nan
13074,1,5,5,0,0,0,0,598,0,0,0,0,1,0,0,nan,nan,nan,nan,nan,nan,nan
13075,1,5,5,0,0,0,0,598,0,0,0,0,1,0,0,nan,nan,nan,nan,nan,nan,nan
13076,1,5,5,0,0,0,0,598,0,0,0,0,1,0,0,nan,nan,nan,nan,nan,nan,nan
13077,1,5,5,0,0,0,0,598,0,0,0,0,1,0,0,nan,nan,nan,nan,nan,nan,nan
13078,1,5,5,0,0,0,0,598,0,2,0,0,1,0,0,nan,26.727064028700624,nan,nan,nan,nan,nan
13079,1,5,5,0,0,0,0,598,0,2,0,0,1,0,0,nan,nan,nan,nan,nan,nan,nan
13080,1,5,5,0,0,0,0,598,0,2,0,1,0,0,0,nan,nan,nan,26.980566984406323,nan,nan,nan
13081,1,5,5,0,0,0,0,598,0,2,0,1,0,0,0,nan,nan,nan,nan,nan,nan,nan
13082,1,5,5,0,0,0,0,598,0,2,0,1,0,0,0,nan,nan,nan,nan,nan,nan,nan
13083,1,4,5,0,0,0,0,598,0,0,0,0,0,0,0,nan,nan,14.590048105019378,nan,nan,nan,nan
13084,1,4,5,0,0,0,0,598,0,0,0,0,0,0,0,nan,nan,nan,nan,nan,nan,nan
13085,1,4,5,0,0,0,1,598,0,0,0,0,0,1,0,nan,nan,nan,nan,nan,15.537729575038611,nan
13086,1,4,5,0,0,0,1,598,0,0,0,0,0,1,0,nan,nan,nan,nan,nan,nan,nan
13087,1,4,5,0,0,0,0,599,0,0,0,0,0,1,0,nan,nan,nan,nan,nan,nan,29.57256414346557
13088,1,4,5,0,0,0,0,599,0,0,0,0,0,1,0,nan,nan,nan,nan,nan,nan,nan
13089,1,4,5,0,0,0,0,599,0,0,0,0,0,1,0,nan,nan,nan,nan,nan,nan,nan
13090,1,4,5,0,0,0,0,599,0,0,0,0,0,1,0,nan,nan,nan,nan,nan,nan,nan
13091,1,4,5,0,0,0,0,599,0,0,0,0,0,1,0,nan,nan,nan,nan,nan,nan,nan
13092,1,4,5,0,0,0,0,599,0,0,0,0,0,1,0,nan,nan,nan,nan,nan,nan,nan
13093,1,4,5,0,0,0,0,599,0,0,0,0,0,1,0,nan,nan,nan,nan,nan,nan,nan
13094,1,4,5,0,0,0,0,599,0,0,0,0,0,1,0,nan,nan,nan,nan,nan,nan,nan
13095,1,5,5,0,0,0,0,599,0,0,0,0,0,1,0,48.23594083504213,nan,nan,nan,nan,nan,nan
13096,1,5,5,0,0,0,0,599,0,0,0,0,0,1,0,nan,nan,nan,nan,nan,nan,nan
13097,1,5,5,0,0,0,0,599,0,0,0,0,0,1,0,nan,nan,nan,nan,nan,nan,nan
13098,1,5,5,0,0,0,0,599,0,0,0,0,0,1,0,nan,nan,nan,nan,nan,nan,nan
13099,1,5,5,0,0,0,0,599,0,0,0,0,0,1,0,nan,nan,nan,nan,nan,nan,nan
13100,1,5,5,0,0,0,0,600,0,2,0,0,0,1,1,nan,21.505362199239244,nan,nan,nan,nan,13.486253984370705
13101,1,5,5,0,1,0,0,600,0,2,0,1,0,1,1,nan,nan,nan,20.71328886896663,nan,nan,nan
13102,1,5,5,0,1,0,0,600,0,2,0,1,0,1,1,nan,nan,nan,nan,nan,nan,nan
13103,1,5,5,0,1,0,0,600,0,2,0,1,0,1,1,nan,nan,nan,nan,nan,nan,nan
13104,1,5,5,0,1,0,0,600,0,2,0,1,0,1,1,nan,nan,nan,nan,nan,nan,nan
13105,1,5,5,0,0,0,0,600,0,2,0,1,0,0,1,nan,nan,nan,nan,34.013762016438704,nan,nan
13106,1,5,5,0,0,0,0,600,0,2,0,1,0,0,1,nan,nan,nan,nan,nan,nan,nan
13107,1,4,5,0,0,0,0,600,0,0,0,0,0,0,1,nan,nan,23.24965599571624,nan,nan,nan,nan
13108,1,4,5,0,0,0,0,600,0,0,0,0,0,0,1,nan,nan,nan,nan,nan,nan,nan
13109,1,4,5,0,0,0,0,600,0,0,0,0,0,0,1,nan,nan,nan,nan,nan,nan,nan
13110,1,4,5,0,0,0,0,600,0,0,0,0,0,0,1,nan,nan,nan,nan,nan,nan,nan
13111,1,5,5,0,0,0,0,600,0,0,0,0,0,0,1,16.053715619222203,nan,nan,nan,nan,nan,nan
13112,1,5,5,0,0,0,0,600,0,0,0,0,0,0,1,nan,nan,nan,nan,nan,nan,nan
13113,1,5,5,0,0,0,0,600,0,0,0,0,0,0,1,nan,nan,nan,nan,nan,nan,nan
13114,1,5,5,0,0,0,0,600,0,0,0,0,0,0,1,nan,nan,nan,nan,nan,nan,nan
13115,1,5,5,0,0,0,0,600,0,0,0,0,0,0,1,nan,nan,nan,nan,nan,nan,nan
13116,1,5,5,0,0,0,0,600,0,0,0,0,0,0,1,nan,nan,nan,nan,nan,nan,nan
13117,1,5,5,0,0,0,0,600,0,0,0,0,0,0,1,nan,nan,nan,nan,nan,nan,nan
13118,1,5,5,0,0,0,0,600,0,0,0,0,0,0,1,nan,nan,nan,nan,nan,nan,nan
13119,1,5,4,1,0,0,0,600,0,0,0,0,0,0,1,nan,nan,12.547344884100312,nan,nan,nan,nan
13120,1,5,4,1,0,0,0,600,0,0,0,0,0,0,1,nan,nan,nan,nan,nan,nan,nan
13121,1,5,4,1,0,0,0,600,0,0,0,0,0,0,1,nan,nan,nan,nan,nan,nan,nan
13122,1,5,4,1,0,0,0,600,0,0,0,0,0,0,1,nan,nan,nan,nan,nan,nan,nan
13123,1,5,4,0,1,0,0,600,0,0,0,0,0,0,1,nan,nan,nan,22.089277559569382,nan,nan,nan
13124,1,5,4,0,1,0,0,600,0,0,0,0,0,0,1,nan,nan,nan,nan,nan,nan,nan
13125,1,5,4,0,1,0,0,600,0,0,0,0,0,0,1,nan,nan,nan,nan,nan,nan,nan
13126,1,5,4,0,1,0,0,600,0,0,0,0,0,1,0,nan,nan,nan,nan,nan,41.29425001221716,nan
13127,1,5,5,0,1,0,0,600,0,0,0,0,0,1,0,15.459749164783716,26.82354700493852,nan,nan,nan,nan,nan
13128,1,5,5,0,1,0,0,600,0,0,0,0,0,1,0,nan,nan,nan,nan,nan,nan,nan
13129,1,5,5,0,1,0,0,600,0,0,0,0,0,1,0,nan,nan,nan,nan,nan,nan,nan
13130,1,5,5,0,1,0,0,600,0,0,0,0,0,1,0,nan,nan,nan,nan,nan,nan,nan
13131,1,5,5,0,1,0,0,600,0,0,0,0,0,1,0,nan,nan,nan,nan,nan,nan,nan
13132,1,5,4,1,1,0,0,600,0,0,0,0,0,1,0,nan,nan,12.662440371854245,nan,nan,nan,nan
13133,1,5,4,1,1,0,0,600,0,0,0,0,0,1,0,nan,nan,nan,nan,nan,nan,nan
13134,1,5,4,1,0,0,0,600,0,0,0,0,0,0,0,nan,nan,nan,nan,28.721399874628332,nan,nan
13135,1,5,4,1,0,0,0,600,0,0,0,0,0,0,0,nan,nan,nan,nan,nan,nan,nan
13136,1,5,4,1,0,0,0,600,0,0,0,0,0,0,0,nan,nan,nan,nan,nan,nan,nan
13137,1,5,4,1,0,0,0,600,0,0,0,0,0,0,0,nan,nan,nan,nan,nan,nan,nan
13138,1,5,4,1,0,0,0,600,0,0,0,0,0,0,0,nan,nan,nan,nan,nan,nan,nan
13139,1,5,4,0,1,0,0,600,0,0,0,0,0,0,0,nan,nan,nan,15.979489200950411,nan,nan,nan
13140,1,5,4,0,1,0,0,601,0,0,0,0,0,0,1,nan,nan,nan,nan,nan,nan,40.032750889828094
13141,1,5,4,0,1,0,0,601,0,0,0,0,0,0,1,nan,nan,nan,nan,nan,nan,nan
13142,1,5,4,0,1,0,0,601,0,0,0,0,0,0,1,nan,nan,nan,nan,nan,nan,nan
13143,1,5,4,0,1,0,0,601,2,0,0,0,0,0,1,16.075546877051238,nan,nan,nan,nan,nan,nan
13144,1,5,5,0,1,0,0,601,0,0,0,0,0,0,1,nan,16.817557893105914,nan,nan,nan,nan,nan
13145,1,5,5,0,1,0,0,601,0,0,0,0,0,0,1,nan,nan,nan,nan,nan,nan,nan
13146,1,5,5,0,1,0,0,601,0,0,0,0,0,0,1,nan,nan,nan,nan,nan,nan,nan
13147,1,5,5,0,1,0,0,601,0,0,0,0,0,0,1,nan,nan,nan,nan,nan,nan,nan
13148,1,5,5,0,1,0,0,601,0,0,0,0,0,0,1,nan,nan,nan,nan,nan,nan,nan
13149,1,5,5,0,1,0,0,601,0,0,0,0,0,0,1,nan,nan,nan,nan,nan,nan,nan
13150,1,5,5,0,1,0,0,601,0,0,0,0,0,0,1,nan,nan,nan,nan,nan,nan,nan
13151,1,5,5,0,1,0,0,601,0,0,0,0,0,0,1,nan,nan,nan,nan,nan,nan,nan
13152,1,5,5,0,0,1,0,601,0,0,0,0,0,0,1,nan,nan,nan,nan,17.70389085856914,nan,nan
13153,1,5,4,1,0,1,0,601,0,0,0,0,0,0,1,nan,nan,20.834956059681645,nan,nan,nan,nan
13154,1,5,4,0,1,1,0,601,0,0,0,0,0,0,1,nan,nan,nan,15.599507300907135,nan,nan,nan
13155,1,5,4,0,1,1,0,601,2,0,0,0,0,0,1,12.508253728448835,nan,nan,nan,nan,nan,nan
13156,1,5,5,0,1,1,0,601,0,0,0,0,0,0,1,nan,12.717474552333442,nan,nan,nan,nan,nan
13157,1,5,5,0,1,1,0,601,0,0,0,0,0,0,1,nan,nan,nan,nan,nan,nan,nan
13158,1,5,5,0,1,1,0,601,0,0,0,0,0,0,1,nan,nan,nan,nan,nan,nan,nan
13159,1,5,5,0,1,1,0,601,0,0,0,0,0,0,1,nan,nan,nan,nan,nan,nan,nan
13160,1,5,5,0,1,1,0,601,0,0,0,0,0,0,1,nan,nan,nan,nan,nan,nan,nan
13161,1,5,5,0,1,1,0,601,0,0,0,0,0,0,1,nan,nan,nan,nan,nan,nan,nan
13162,1,5,5,0,0,1,0,601,0,0,0,0,0,0,0,nan,nan,nan,nan,9.732026946388942,35.854446610575906,nan
13163,1,5,5,0,0,1,0,601,0,0,0,0,0,0,0,nan,nan,nan,nan,nan,nan,nan
13164,1,5,5,0,0,1,0,601,0,0,0,0,0,0,0,nan,nan,nan,nan,nan,nan,nan
13165,1,5,5,0,0,1,0,601,0,0,0,0,0,0,0,nan,nan,nan,nan,nan,nan,nan
13166,1,5,5,0,0,1,0,601,0,0,0,0,0,0,0,nan,nan,nan,nan,nan,nan,nan
13167,1,5,5,0,0,1,0,601,0,2,0,0,0,0,0,nan,11.024443611328024,nan,nan,nan,nan,nan
13168,1,5,5,0,1,1,0,601,0,2,0,1,0,0,0,nan,nan,nan,13.65867510226417,nan,nan,nan
13169,1,5,5,0,1,1,0,601,0,2,0,1,0,0,0,nan,nan,nan,nan,nan,nan,nan
13170,1,5,5,0,1,1,0,601,0,2,0,1,0,0,0,nan,nan,nan,nan,nan,nan,nan
13171,1,5,5,0,1,1,0,601,0,2,0,1,0,0,0,nan,nan,nan,nan,nan,nan,nan
13172,1,4,5,0,1,1,0,601,0,0,0,0,0,0,0,nan,nan,19.82950992685801,nan,nan,nan,nan
13173,1,4,5,0,1,1,0,601,0,0,0,0,0,0,0,nan,nan,nan,nan,nan,nan,nan
13174,1,4,5,0,1,1,0,601,0,0,0,0,0,0,0,nan,nan,nan,nan,nan,nan,nan
13175,1,5,5,0,1,1,0,601,0,0,0,0,0,0,0,19.77393028538245,nan,nan,nan,nan,nan,nan
13176,1,5,5,0,1,1,0,601,0,0,0,0,0,0,0,nan,nan,nan,nan,nan,nan,nan
13177,1,5,5,0,1,1,0,601,0,0,0,0,0,0,0,nan,nan,nan,nan,nan,nan,nan
13178,1,5,5,0,1,1,0,601,0,0,0,0,0,0,0,nan,nan,nan,nan,nan,nan,nan
13179,1,5,5,0,0,2,0,601,0,0,0,0,0,0,0,nan,nan,nan,nan,17.495962006258196,nan,nan
13180,1,5,5,0,0,2,0,601,0,0,0,0,0,0,0,nan,nan,nan,nan,nan,nan,nan
13181,1,5,5,0,0,2,0,601,0,0,0,0,0,0,0,nan,nan,nan,nan,nan,nan,nan
13182,1,5,5,0,0,1,1,601,0,0,0,0,0,0,0,nan,nan,nan,nan,nan,19.434915389902017,nan
13183,1,5,5,0,0,1,1,601,0,0,0,0,0,0,0,nan,nan,nan,nan,nan,nan,nan
13184,1,5,5,0,0,1,1,601,0,0,0,0,0,0,0,nan,nan,nan,nan,nan,nan,nan
13185,1,5,5,0,0,1,1,601,0,0,0,0,0,0,0,nan,nan,nan,nan,nan,nan,nan
13186,1,5,5,0,0,1,1,601,0,0,0,0,0,0,0,nan,nan,nan,nan,nan,nan,nan
13187,1,5,5,0,0,1,1,601,0,0,0,0,0,0,0,nan,nan,nan,nan,nan,nan,nan
13188,1,5,5,0,0,1,1,601,0,0,0,0,0,0,0,nan,nan,nan,nan,nan,nan,nan
13189,1,5,5,0,0,1,0,602,0,2,0,0,0,0,0,nan,22.068112764842226,nan,nan,nan,nan,49.0732271332472
13190,1,5,5,0,0,1,0,602,0,2,0,0,0,0,0,nan,nan,nan,nan,nan,nan,nan
13191,1,5,5,0,0,1,0,602,0,2,0,0,0,0,0,nan,nan,nan,nan,nan,nan,nan
13192,1,5,5,0,0,2,0,602,0,2,0,0,1,0,0,nan,nan,nan,nan,13.461849237832212,nan,nan
13193,1,5,5,0,0,2,0,602,0,2,0,1,0,0,0,nan,nan,nan,24.585750791380633,nan,nan,nan
13194,1,5,5,0,0,2,0,602,0,2,0,1,0,0,0,nan,nan,nan,nan,nan,nan,nan
13195,1,5,5,0,0,2,0,602,2,2,0,1,0,0,0,19.618162395123363,nan,nan,nan,nan,nan,nan
13196,1,5,5,0,0,2,0,602,0,0,0,0,0,0,0,nan,nan,24.05558656050198,nan,nan,nan,nan
13197,1,5,5,0,0,2,0,602,0,0,0,0,0,0,0,nan,nan,nan,nan,nan,nan,nan
13198,1,5,5,0,0,2,0,602,0,0,0,0,0,0,0,nan,nan,nan,nan,nan,nan,nan
13199,1,5,5,0,0,2,0,602,0,0,0,0,0,0,0,nan,nan,nan,nan,nan,nan,nan
13200,1,5,5,0,0,2,0,602,0,0,0,0,0,0,0,nan,nan,nan,nan,nan,nan,nan
13201,1,5,5,0,0,1,1,602,0,0,0,0,0,0,0,nan,nan,nan,nan,nan,19.45777897822154,nan
13202,1,5,5,0,0,1,1,602,0,0,0,0,0,0,0,nan,nan,nan,nan,nan,nan,nan
13203,1,5,5,0,0,1,1,602,0,0,0,0,0,0,0,nan,nan,nan,nan,nan,nan,nan
13204,1,5,5,0,0,1,1,602,0,0,0,0,0,0,0,nan,nan,nan,nan,nan,nan,nan
13205,1,5,5,0,0,1,1,602,0,0,0,0,0,0,0,nan,nan,nan,nan,nan,nan,nan
13206,1,5,5,0,1,1,1,602,2,0,0,1,0,0,0,11.66513391909939,nan,nan,13.048928685491774,nan,nan,nan
13207,1,5,5,0,1,1,0,603,2,0,0,1,0,0,0,nan,nan,nan,nan,nan,nan,17.401716232549006
13208,1,5,5,0,1,1,0,603,2,0,0,1,0,0,0,nan,nan,nan,nan,nan,nan,nan
13209,1,5,5,0,1,1,0,603,2,0,0,1,0,0,0,nan,nan,nan,nan,nan,nan,nan
13210,1,5,5,0,1,1,0,603,2,0,0,1,0,0,0,nan,nan,nan,nan,nan,nan,nan
13211,1,5,5,0,1,1,0,603,2,2,0,1,0,0,0,nan,21.21916639484698,nan,nan,nan,nan,nan
13212,1,5,5,0,1,1,0,603,2,2,0,1,0,0,0,nan,nan,nan,nan,nan,nan,nan
13213,1,5,5,0,1,1,0,603,2,2,0,1,0,0,0,nan,nan,nan,nan,nan,nan,nan
13214,1,5,5,0,1,1,0,603,2,2,0,1,0,0,0,nan,nan,nan,nan,nan,nan,nan
13215,1,5,5,0,0,2,0,603,2,2,0,1,0,0,0,nan,nan,nan,nan,22.78342833215538,nan,nan
13216,1,5,5,0,0,2,0,603,2,2,0,1,0,0,0,nan,nan,nan,nan,nan,nan,nan
13217,1,5,5,0,0,2,0,603,0,0,0,0,0,0,0,nan,nan,20.571247421530643,nan,nan,nan,nan
13218,1,5,5,0,0,2,0,603,0,0,0,0,0,0,0,nan,nan,nan,nan,nan,nan,nan
13219,1,5,5,0,0,2,0,603,0,0,0,0,0,0,0,nan,nan,nan,nan,nan,nan,nan
13220,1,5,5,0,0,2,0,604,0,0,0,0,0,0,1,nan,nan,nan,nan,nan,nan,13.233878903847653
13221,1,5,5,0,0,2,0,604,0,0,0,0,0,0,1,nan,nan,nan,nan,nan,nan,nan
13222,1,5,5,0,0,2,0,604,0,0,0,0,0,0,1,nan,nan,nan,nan,nan,nan,nan
13223,1,5,5,0,0,2,0,604,0,0,0,0,0,0,1,nan,nan,nan,nan,nan,nan,nan
13224,1,5,5,0,0,2,0,604,0,0,0,0,0,0,1,nan,nan,nan,nan,nan,nan,nan
13225,1,5,5,0,0,2,0,604,0,0,0,0,0,0,1,nan,nan,nan,nan,nan,nan,nan
13226,1,5,5,0,0,2,0,604,0,0,0,0,0,0,1,nan,nan,nan,nan,nan,nan,nan
13227,1,5,5,0,0,2,0,604,0,0,0,0,0,0,1,nan,nan,nan,nan,nan,nan,nan
13228,1,5,5,0,0,2,0,604,0,0,0,0,0,0,1,nan,nan,nan,nan,nan,nan,nan
13229,1,5,5,0,0,2,0,604,0,0,0,0,0,0,1,nan,nan,nan,nan,nan,nan,nan
13230,1,5,5,0,0,2,0,604,0,0,0,0,0,0,1,nan,nan,nan,nan,nan,nan,nan
13231,1,5,5,0,0,2,0,604,0,0,0,0,0,0,1,nan,nan,nan,nan,nan,nan,nan
13232,1,5,5,0,0,1,0,604,0,2,0,0,0,0,0,nan,21.351106593585428,nan,nan,nan,30.692385636646577,nan
13233,1,4,5,1,0,1,0,604,0,0,0,0,0,0,0,nan,nan,15.804607751186268,nan,nan,nan,nan
13234,1,4,5,1,0,1,0,604,0,0,0,0,0,0,0,nan,nan,nan,nan,nan,nan,nan
13235,1,4,5,1,0,1,0,604,0,0,0,0,0,0,0,nan,nan,nan,nan,nan,nan,nan
13236,1,4,5,1,0,1,0,604,0,0,0,0,0,0,0,nan,nan,nan,nan,nan,nan,nan
13237,1,4,5,1,0,1,0,604,0,0,0,0,0,0,0,nan,nan,nan,nan,nan,nan,nan
13238,1,4,5,1,0,1,0,604,0,0,0,0,0,0,0,nan,nan,nan,nan,nan,nan,nan
13239,1,5,5,1,0,1,0,604,0,0,0,0,0,0,0,32.23490330821005,nan,nan,nan,nan,nan,nan
13240,1,5,5,1,0,1,0,604,0,0,0,0,0,0,0,nan,nan,nan,nan,nan,nan,nan
13241,1,5,5,1,0,1,0,604,0,0,0,0,0,0,0,nan,nan,nan,nan,nan,nan,nan
13242,1,5,5,1,0,1,0,604,0,0,0,0,0,0,0,nan,nan,nan,nan,nan,nan,nan
13243,1,5,5,1,0,2,0,604,0,0,0,0,1,0,0,nan,nan,nan,nan,27.713687446263066,nan,nan
13244,1,5,5,1,0,2,0,605,0,0,0,0,1,0,1,nan,nan,nan,nan,nan,nan,23.61169044568851
13245,1,5,5,1,0,2,0,605,0,0,0,0,1,0,1,nan,nan,nan,nan,nan,nan,nan
13246,1,5,5,1,0,2,0,605,0,0,0,0,1,0,1,nan,nan,nan,nan,nan,nan,nan
13247,1,5,5,1,0,2,0,605,0,0,0,0,1,0,1,nan,nan,nan,nan,nan,nan,nan
13248,1,5,5,0,0,2,0,605,0,0,0,0,0,0,1,nan,nan,nan,41.840225838966944,nan,nan,nan
13249,1,5,5,0,0,2,0,605,0,0,0,0,0,0,1,nan,nan,nan,nan,nan,nan,nan
13250,1,5,5,0,0,2,0,605,0,0,0,0,0,0,1,nan,nan,nan,nan,nan,nan,nan
13251,1,5,5,0,0,1,0,605,0,0,0,0,0,0,0,nan,nan,nan,nan,nan,19.088579950348503,nan
13252,1,5,5,0,0,1,0,605,0,0,0,0,0,0,0,nan,nan,nan,nan,nan,nan,nan
13253,1,5,4,1,0,1,0,605,0,0,0,0,0,0,0,nan,nan,19.837228543448873,nan,nan,nan,nan
13254,1,5,4,1,0,1,0,605,0,0,0,0,0,0,0,nan,nan,nan,nan,nan,nan,nan
13255,1,5,4,1,0,1,0,605,0,0,0,0,0,0,0,nan,nan,nan,nan,nan,nan,nan
13256,1,5,4,1,0,1,0,605,0,0,0,0,0,0,0,nan,nan,nan,nan,nan,nan,nan
13257,1,5,4,1,0,1,0,605,0,0,0,0,0,0,0,nan,nan,nan,nan,nan,nan,nan
13258,1,5,4,1,0,1,0,605,0,0,0,0,0,0,0,nan,nan,nan,nan,nan,nan,nan
13259,1,5,4,1,0,1,0,605,0,0,0,0,0,0,0,nan,nan,nan,nan,nan,nan,nan
13260,1,4,5,1,0,1,0,605,0,0,0,0,0,0,0,nan,27.492965920608185,nan,nan,nan,nan,nan
13261,1,4,5,1,0,1,0,605,0,0,0,0,0,0,0,nan,nan,nan,nan,nan,nan,nan
13262,1,4,5,1,0,1,0,605,0,0,0,0,0,0,0,nan,nan,nan,nan,nan,nan,nan
13263,1,4,5,1,0,1,0,605,0,0,0,0,0,0,0,nan,nan,nan,nan,nan,nan,nan
13264,1,4,5,1,0,1,0,605,0,0,0,0,0,0,0,nan,nan,nan,nan,nan,nan,nan
13265,1,4,4,2,0,1,0,605,0,0,0,0,0,0,0,nan,nan,12.73460505550429,nan,nan,nan,nan
13266,1,4,4,2,0,0,1,605,0,0,0,0,0,0,0,nan,nan,nan,nan,nan,15.382999115334314,nan
13267,1,4,4,2,0,0,1,605,0,0,0,0,0,0,0,nan,nan,nan,nan,nan,nan,nan
13268,1,4,4,2,0,0,1,605,0,0,0,0,0,0,0,nan,nan,nan,nan,nan,nan,nan
13269,1,4,4,2,0,0,1,605,0,0,0,0,0,0,0,nan,nan,nan,nan,nan,nan,nan
13270,1,4,4,2,0,0,1,605,0,0,0,0,0,0,0,nan,nan,nan,nan,nan,nan,nan
13271,1,4,4,2,0,0,0,606,0,0,0,0,0,0,0,nan,nan,nan,nan,nan,nan,27.006096009079556
13272,1,3,5,1,1,0,0,606,0,0,0,0,0,0,0,nan,12.843737410170434,nan,23.960102937528063,nan,nan,nan
13273,1,4,5,1,1,0,0,606,0,0,0,0,0,0,0,34.48074870965138,nan,nan,nan,nan,nan,nan
13274,1,4,5,1,1,0,0,606,0,0,0,0,0,0,0,nan,nan,nan,nan,nan,nan,nan
13275,1,4,5,1,1,0,0,606,0,0,0,0,0,0,0,nan,nan,nan,nan,nan,nan,nan
13276,1,4,5,1,0,1,0,606,0,0,0,0,0,0,0,nan,nan,nan,nan,33.17932155302151,nan,nan
13277,1,4,5,1,0,1,0,606,0,0,0,0,0,0,0,nan,nan,nan,nan,nan,nan,nan
13278,1,4,5,1,0,1,0,606,0,0,0,0,0,0,0,nan,nan,nan,nan,nan,nan,nan
13279,1,4,5,1,0,1,0,606,0,0,0,0,0,0,0,nan,nan,nan,nan,nan,nan,nan
13280,1,4,5,1,0,1,0,606,0,0,0,0,0,0,0,nan,nan,nan,nan,nan,nan,nan
13281,1,4,5,1,0,1,0,606,0,0,0,0,0,0,0,nan,nan,nan,nan,nan,nan,nan
13282,1,4,4,2,0,1,0,606,0,0,0,0,0,0,0,nan,nan,16.885172000496823,nan,nan,nan,nan
13283,1,4,4,2,0,1,0,606,0,0,0,0,0,0,0,nan,nan,nan,nan,nan,nan,nan
13284,1,4,4,1,1,0,1,606,0,0,0,0,0,0,0,nan,nan,nan,12.123479612610026,nan,17.94566692713488,nan
13285,1,4,4,1,1,0,1,606,0,0,0,0,0,0,0,nan,nan,nan,nan,nan,nan,nan
13286,1,4,4,1,1,0,0,607,0,0,0,0,0,0,0,nan,nan,nan,nan,nan,nan,15.188024088243765
13287,1,4,4,1,1,0,0,607,0,0,0,0,0,0,0,nan,nan,nan,nan,nan,nan,nan
13288,1,3,5,1,1,0,0,607,0,0,0,0,0,0,0,nan,15.936034598813421,nan,nan,nan,nan,nan
13289,1,3,5,1,0,1,0,607,0,0,0,0,0,0,0,nan,nan,nan,nan,13.012185889114335,nan,nan
13290,1,3,5,1,0,1,0,607,0,0,0,0,0,0,0,nan,nan,nan,nan,nan,nan,nan
13291,1,3,5,1,0,1,0,607,0,0,0,0,0,0,0,nan,nan,nan,nan,nan,nan,nan
13292,1,3,5,1,0,1,0,607,0,0,0,0,0,0,0,nan,nan,nan,nan,nan,nan,nan
13293,1,3,5,1,0,1,0,607,0,0,0,0,0,0,0,nan,nan,nan,nan,nan,nan,nan
13294,1,3,5,1,0,1,0,607,0,0,0,0,0,0,0,nan,nan,nan,nan,nan,nan,nan
13295,1,3,5,1,0,1,0,607,0,0,0,0,0,0,0,nan,nan,nan,nan,nan,nan,nan
13296,1,3,5,1,0,1,0,607,0,0,0,0,0,0,0,nan,nan,nan,nan,nan,nan,nan
13297,1,3,5,1,0,1,0,607,0,0,0,0,0,0,0,nan,nan,nan,nan,nan,nan,nan
13298,1,3,5,1,0,1,0,607,0,0,0,0,0,0,0,nan,nan,nan,nan,nan,nan,nan
13299,1,3,5,1,0,1,0,607,0,0,0,0,0,0,0,nan,nan,nan,nan,nan,nan,nan
13300,1,3,5,1,0,0,1,607,0,0,0,0,0,0,0,nan,nan,nan,nan,nan,16.15314151886014,nan
13301,1,3,5,1,0,0,1,607,0,0,0,0,0,0,0,nan,nan,nan,nan,nan,nan,nan
13302,1,4,5,1,0,0,1,607,0,0,0,0,0,0,0,28.411101522251556,nan,nan,nan,nan,nan,nan
13303,1,4,5,1,0,1,1,607,0,0,0,0,1,0,0,nan,nan,nan,nan,13.947257100231582,nan,nan
13304,1,4,5,0,0,1,1,607,0,0,0,0,0,0,0,nan,nan,nan,20.21139247445717,nan,nan,nan
13305,1,4,5,0,0,1,1,607,0,0,0,0,0,0,0,nan,nan,nan,nan,nan,nan,nan
13306,1,3,5,1,0,1,1,607,0,0,0,0,0,0,0,nan,18.04294227820901,23.53212561485452,nan,nan,nan,nan
13307,1,3,5,1,0,1,1,607,0,0,0,0,0,0,0,nan,nan,nan,nan,nan,nan,nan
13308,1,3,5,1,0,1,1,607,0,0,0,0,0,0,0,nan,nan,nan,nan,nan,nan,nan
13309,1,3,5,1,0,1,0,608,0,0,0,0,0,0,0,nan,nan,nan,nan,nan,nan,23.306866604005336
13310,1,3,5,1,0,1,0,608,0,0,0,0,0,0,0,nan,nan,nan,nan,nan,nan,nan
13311,1,3,5,1,0,1,0,608,0,0,0,0,0,0,0,nan,nan,nan,nan,nan,nan,nan
13312,1,3,5,1,0,1,0,608,0,0,0,0,0,0,0,nan,nan,nan,nan,nan,nan,nan
13313,1,3,5,1,0,1,0,608,0,0,0,0,0,0,0,nan,nan,nan,nan,nan,nan,nan
13314,1,3,5,1,0,1,0,608,0,0,0,0,0,0,0,nan,nan,nan,nan,nan,nan,nan
13315,1,3,5,1,0,0,1,608,0,0,0,0,0,0,0,nan,nan,nan,nan,nan,14.547202534298776,nan
13316,1,3,5,0,0,1,1,608,0,0,0,0,0,0,0,nan,nan,nan,11.981731112920897,13.261516914892127,nan,nan
13317,1,3,5,0,0,1,1,608,0,0,0,0,0,0,0,nan,nan,nan,nan,nan,nan,nan
13318,1,4,5,0,0,1,1,608,0,0,0,0,0,0,0,16.813664468782008,nan,nan,nan,nan,nan,nan
13319,1,4,5,0,0,1,1,608,0,0,0,0,0,0,0,nan,nan,nan,nan,nan,nan,nan
13320,1,4,5,0,0,1,1,608,0,0,0,0,0,0,0,nan,nan,nan,nan,nan,nan,nan
13321,1,4,5,0,0,1,1,608,0,0,0,0,0,0,0,nan,nan,nan,nan,nan,nan,nan
13322,1,4,5,0,0,1,1,608,0,0,0,0,0,0,0,nan,nan,nan,nan,nan,nan,nan
13323,1,4,4,1,0,1,1,608,0,0,0,0,0,0,0,nan,nan,17.567171348942793,nan,nan,nan,nan
13324,1,4,4,1,0,1,0,609,0,0,0,0,0,0,0,nan,nan,nan,nan,nan,nan,15.251183490212497
13325,1,4,4,1,0,1,0,609,0,0,0,0,0,0,0,nan,nan,nan,nan,nan,nan,nan
13326,1,4,4,1,0,2,0,609,0,0,0,0,1,0,0,nan,nan,nan,nan,9.777146214522872,nan,nan
13327,1,4,4,0,0,2,0,609,0,0,0,0,0,0,0,nan,nan,nan,11.369410432998848,nan,nan,nan
13328,1,4,4,0,0,2,0,609,0,0,0,0,0,0,0,nan,nan,nan,nan,nan,nan,nan
13329,1,4,4,0,0,2,0,609,0,0,0,0,0,0,0,nan,nan,nan,nan,nan,nan,nan
13330,1,3,5,0,0,2,0,609,0,0,0,0,0,0,0,nan,23.96276423125164,nan,nan,nan,nan,nan
13331,1,3,5,0,0,2,0,609,0,0,0,0,0,0,0,nan,nan,nan,nan,nan,nan,nan
13332,1,4,5,0,0,2,0,609,0,0,0,0,0,0,0,13.286102943526203,nan,nan,nan,nan,nan,nan
13333,1,4,5,0,0,2,0,609,0,0,0,0,0,0,0,nan,nan,nan,nan,nan,nan,nan
13334,1,4,5,0,0,2,0,609,0,0,0,0,0,0,0,nan,nan,nan,nan,nan,nan,nan
13335,1,4,5,0,0,1,1,609,0,0,0,0,0,0,0,nan,nan,nan,nan,nan,19.56294436830649,nan
13336,1,4,5,0,0,1,1,609,0,0,0,0,0,0,0,nan,nan,nan,nan,nan,nan,nan
13337,1,4,5,0,0,1,1,609,0,0,0,0,0,0,0,nan,nan,nan,nan,nan,nan,nan
13338,1,4,5,0,0,1,1,609,0,0,0,0,0,0,0,nan,nan,nan,nan,nan,nan,nan
13339,1,4,5,0,0,1,1,609,0,0,0,0,0,0,0,nan,nan,nan,nan,nan,nan,nan
13340,1,4,5,0,1,1,1,609,0,0,0,1,0,0,0,nan,nan,nan,12.722552916560744,nan,nan,nan
13341,1,4,5,0,1,1,1,609,0,0,0,1,0,0,0,nan,nan,nan,nan,nan,nan,nan
13342,1,4,5,0,1,1,1,609,0,0,0,1,0,0,0,nan,nan,nan,nan,nan,nan,nan
13343,1,4,5,0,1,1,1,609,0,0,0,1,0,0,0,nan,nan,nan,nan,nan,nan,nan
13344,1,4,5,0,1,1,1,609,0,0,0,1,0,0,0,nan,nan,nan,nan,nan,nan,nan
13345,1,4,5,0,1,1,1,609,0,0,0,1,0,0,0,nan,nan,nan,nan,nan,nan,nan
13346,1,4,5,0,1,0,2,609,0,0,0,1,0,0,0,nan,nan,nan,nan,nan,11.03766803103099,nan
13347,1,4,5,0,1,0,2,609,0,0,0,0,0,0,0,15.292104846377697,16.75947975049894,23.329869844938003,nan,nan,nan,nan
13348,1,4,5,0,1,0,2,609,0,0,0,0,0,0,0,nan,nan,nan,nan,nan,nan,nan
13349,1,4,5,0,1,0,2,609,0,0,0,0,0,0,0,nan,nan,nan,nan,nan,nan,nan
13350,1,4,5,0,0,1,2,609,0,0,0,0,0,0,0,nan,nan,nan,nan,23.82083033611707,nan,nan
13351,1,4,5,0,0,1,2,609,0,0,0,0,0,0,0,nan,nan,nan,nan,nan,nan,nan
13352,1,4,5,0,0,1,2,609,0,0,0,0,0,0,0,nan,nan,nan,nan,nan,nan,nan
13353,1,4,5,0,0,1,2,609,0,0,0,0,0,0,0,nan,nan,nan,nan,nan,nan,nan
13354,1,4,5,0,0,1,2,609,0,0,0,0,0,0,0,nan,nan,nan,nan,nan,nan,nan
13355,1,4,5,0,0,0,3,609,0,0,0,0,0,0,0,nan,nan,nan,nan,nan,9.180885069405122,nan
13356,1,4,5,0,0,0,3,609,0,0,0,0,0,0,0,nan,nan,nan,nan,nan,nan,nan
13357,1,4,5,0,0,0,3,609,0,0,0,0,0,0,0,nan,nan,nan,nan,nan,nan,nan
13358,1,4,5,0,0,0,2,610,0,0,0,0,0,0,0,nan,nan,nan,nan,nan,nan,33.40981884060966
13359,1,4,5,0,0,0,2,610,0,2,0,0,0,0,0,nan,12.09189257543585,nan,nan,nan,nan,nan
13360,1,3,5,1,0,0,2,610,0,0,0,0,0,0,0,nan,nan,13.338878709708297,nan,nan,nan,nan
13361,1,3,5,1,0,0,2,610,0,0,0,0,0,0,0,nan,nan,nan,nan,nan,nan,nan
13362,1,3,5,1,0,0,2,610,0,0,0,0,0,0,0,nan,nan,nan,nan,nan,nan,nan
13363,1,3,5,1,0,0,2,610,0,0,0,0,0,0,0,nan,nan,nan,nan,nan,nan,nan
13364,1,3,5,1,0,0,2,610,0,0,0,0,0,0,0,nan,nan,nan,nan,nan,nan,nan
13365,1,3,5,1,0,0,2,610,0,0,0,0,0,0,0,nan,nan,nan,nan,nan,nan,nan
13366,1,3,5,1,0,0,2,610,0,0,0,0,0,0,0,nan,nan,nan,nan,nan,nan,nan
13367,1,3,5,1,0,0,2,610,0,0,0,0,0,0,0,nan,nan,nan,nan,nan,nan,nan
13368,1,3,5,1,0,0,2,610,0,0,0,0,0,0,0,nan,nan,nan,nan,nan,nan,nan
13369,1,3,5,1,0,0,2,610,0,0,0,0,0,0,0,nan,nan,nan,nan,nan,nan,nan
13370,1,3,5,1,0,0,2,610,0,0,0,0,0,0,0,nan,nan,nan,nan,nan,nan,nan
13371,1,3,5,1,0,0,2,610,0,2,0,0,0,0,0,nan,12.088989550500628,nan,nan,nan,nan,nan
13372,1,4,5,1,0,0,3,610,0,2,0,0,0,1,0,25.484759849210604,nan,nan,nan,nan,17.169624751566516,nan
13373,1,4,5,1,0,0,3,610,0,2,0,0,0,1,0,nan,nan,nan,nan,nan,nan,nan
13374,1,4,5,1,0,0,3,610,0,2,0,0,0,1,0,nan,nan,nan,nan,nan,nan,nan
13375,1,4,5,1,0,0,3,610,0,2,0,0,0,1,0,nan,nan,nan,nan,nan,nan,nan
13376,1,4,5,1,0,0,3,610,0,2,0,0,1,0,0,nan,nan,nan,nan,26.41717275497831,nan,nan
13377,1,4,5,1,0,0,3,610,0,2,0,0,1,0,0,nan,nan,nan,nan,nan,nan,nan
13378,1,4,5,1,0,0,3,610,0,2,0,0,1,0,0,nan,nan,nan,nan,nan,nan,nan
13379,1,4,5,0,0,0,3,610,0,2,0,0,0,0,0,nan,nan,nan,38.84718968890229,nan,nan,nan
13380,1,4,5,0,0,0,3,610,0,2,0,0,0,0,0,nan,nan,nan,nan,nan,nan,nan
13381,1,4,5,0,0,0,2,611,0,2,0,0,0,0,0,nan,nan,nan,nan,nan,nan,22.847779623385577
13382,1,4,5,0,0,0,2,611,0,2,0,0,0,0,0,nan,nan,nan,nan,nan,nan,nan
13383,1,4,5,0,0,0,2,611,0,2,0,0,0,0,0,nan,nan,nan,nan,nan,nan,nan
13384,1,4,5,0,0,0,2,611,0,2,0,0,0,0,0,nan,nan,nan,nan,nan,nan,nan
13385,1,4,5,0,0,0,2,611,0,2,0,0,0,0,0,nan,nan,nan,nan,nan,nan,nan
13386,1,5,5,0,0,0,2,611,0,2,0,0,0,0,0,13.298064262173284,nan,nan,nan,nan,nan,nan
13387,1,5,5,0,0,0,2,611,0,2,0,0,0,0,0,nan,nan,nan,nan,nan,nan,nan
13388,1,5,5,0,0,0,2,611,0,2,0,0,0,0,0,nan,nan,nan,nan,nan,nan,nan
13389,1,5,5,0,0,0,2,611,0,2,0,0,0,0,0,nan,nan,nan,nan,nan,nan,nan
13390,1,5,5,0,0,0,2,611,0,2,0,0,0,0,0,nan,nan,nan,nan,nan,nan,nan
13391,1,5,5,0,0,0,2,611,0,2,0,0,0,0,0,nan,nan,nan,nan,nan,nan,nan
13392,1,5,5,0,0,0,2,611,0,2,0,0,0,0,0,nan,nan,nan,nan,nan,nan,nan
13393,1,5,5,0,0,1,2,611,0,2,0,0,1,0,0,nan,nan,nan,nan,16.96527329553828,nan,nan
13394,1,5,5,0,0,1,2,611,0,2,0,0,1,0,0,nan,nan,nan,nan,nan,nan,nan
13395,1,4,5,1,0,1,2,611,0,0,0,0,1,0,0,nan,nan,35.27726259704468,nan,nan,nan,nan
13396,1,4,5,1,0,1,2,611,0,0,0,0,1,0,0,nan,nan,nan,nan,nan,nan,nan
13397,1,4,5,1,0,0,3,611,0,0,0,0,1,0,0,nan,nan,nan,nan,nan,24.704524281771228,nan
13398,1,4,5,1,0,0,2,612,0,0,0,0,1,0,0,nan,nan,nan,nan,nan,nan,17.234350455044478
13399,1,4,5,1,0,0,2,612,0,0,0,0,1,0,0,nan,nan,nan,nan,nan,nan,nan
13400,1,4,5,1,0,0,2,612,0,0,0,0,1,0,0,nan,nan,nan,nan,nan,nan,nan
13401,1,4,5,1,0,0,2,612,0,0,0,0,1,0,0,nan,nan,nan,nan,nan,nan,nan
13402,1,4,5,1,0,0,2,612,0,0,0,0,1,0,0,nan,nan,nan,nan,nan,nan,nan
13403,1,4,5,1,0,0,2,612,0,0,0,0,1,0,0,nan,nan,nan,nan,nan,nan,nan
13404,1,4,5,1,0,0,2,612,0,0,0,0,1,0,0,nan,nan,nan,nan,nan,nan,nan
13405,1,4,5,1,0,0,2,612,0,0,0,0,1,0,0,nan,nan,nan,nan,nan,nan,nan
13406,1,4,5,1,0,0,2,612,0,0,0,0,1,0,0,nan,nan,nan,nan,nan,nan,nan
13407,1,4,5,1,0,0,2,612,0,0,0,0,1,0,0,nan,nan,nan,nan,nan,nan,nan
13408,1,5,5,1,0,0,2,612,0,0,0,0,1,0,0,22.399364941267777,nan,nan,nan,nan,nan,nan
13409,1,5,5,1,0,0,2,613,0,2,0,0,1,1,0,nan,38.11364296007014,nan,nan,nan,12.01034121902012,11.092547322170503
13410,1,5,5,1,0,0,2,613,0,2,0,0,1,1,0,nan,nan,nan,nan,nan,nan,nan
13411,1,5,5,1,0,0,2,613,0,2,0,0,1,1,0,nan,nan,nan,nan,nan,nan,nan
13412,1,5,5,1,0,0,2,613,0,2,0,0,1,1,0,nan,nan,nan,nan,nan,nan,nan
13413,1,5,5,1,0,0,2,613,0,2,0,0,1,1,0,nan,nan,nan,nan,nan,nan,nan
13414,1,5,5,1,0,0,2,613,0,2,0,0,1,1,0,nan,nan,nan,nan,nan,nan,nan
13415,1,5,5,0,0,0,2,613,0,2,0,0,0,1,0,nan,nan,nan,36.148385793318084,nan,nan,nan
13416,1,5,5,0,0,0,2,613,0,2,0,0,0,1,0,nan,nan,nan,nan,nan,nan,nan
13417,1,5,5,0,0,0,2,613,0,2,0,0,0,1,0,nan,nan,nan,nan,nan,nan,nan
13418,1,5,5,0,0,0,2,613,0,2,0,0,0,1,0,nan,nan,nan,nan,nan,nan,nan
13419,1,5,5,0,0,0,2,613,0,2,0,0,0,1,0,nan,nan,nan,nan,nan,nan,nan
13420,1,5,5,0,0,0,2,613,0,2,0,0,0,1,0,nan,nan,nan,nan,nan,nan,nan
13421,1,5,5,0,0,0,2,613,0,2,0,0,0,1,0,nan,nan,nan,nan,nan,nan,nan
13422,1,5,5,0,0,0,2,613,0,2,0,0,0,1,0,nan,nan,nan,nan,nan,nan,nan
13423,1,5,5,0,0,0,2,613,0,2,0,0,0,1,0,nan,nan,nan,nan,nan,nan,nan
13424,1,5,5,0,0,0,2,613,0,2,0,0,0,1,0,nan,nan,nan,nan,nan,nan,nan
13425,1,5,5,0,0,0,2,613,0,2,0,0,0,1,0,nan,nan,nan,nan,nan,nan,nan
13426,1,5,5,0,0,0,2,613,0,2,0,0,0,1,0,nan,nan,nan,nan,nan,nan,nan
13427,1,5,5,0,1,0,1,614,0,2,0,1,0,1,0,nan,nan,nan,11.638420574074189,nan,nan,18.479264641455302
13428,1,5,5,0,1,0,1,614,0,2,0,1,0,1,0,nan,nan,nan,nan,nan,nan,nan
13429,1,5,5,0,1,0,1,614,0,2,0,1,0,1,0,nan,nan,nan,nan,nan,nan,nan
13430,1,5,5,0,1,0,1,614,0,2,0,1,0,1,0,nan,nan,nan,nan,nan,nan,nan
13431,1,5,5,0,1,0,1,614,0,2,0,1,0,1,0,nan,nan,nan,nan,nan,nan,nan
13432,1,5,5,0,0,0,1,614,2,2,0,1,0,0,0,24.175113065644837,nan,nan,nan,38.73887123852728,nan,nan
13433,1,5,5,0,0,0,1,614,2,2,0,1,0,0,0,nan,nan,nan,nan,nan,nan,nan
13434,1,5,5,0,0,0,1,614,2,2,0,1,0,0,0,nan,nan,nan,nan,nan,nan,nan
13435,1,5,5,0,0,0,1,614,2,2,0,1,0,0,0,nan,nan,nan,nan,nan,nan,nan
13436,1,5,5,0,0,0,1,614,2,2,0,1,0,0,0,nan,nan,nan,nan,nan,nan,nan
13437,1,5,5,0,0,0,1,614,2,2,0,1,0,0,0,nan,nan,nan,nan,nan,nan,nan
13438,1,5,5,0,0,0,1,614,0,0,0,0,0,0,0,nan,nan,42.876009817249724,nan,nan,nan,nan
13439,1,5,5,0,0,0,1,614,0,0,0,0,0,0,0,nan,nan,nan,nan,nan,nan,nan
13440,1,5,5,0,0,0,1,614,0,0,0,0,0,0,0,nan,nan,nan,nan,nan,nan,nan
13441,1,5,5,0,0,0,1,614,0,0,0,0,0,0,0,nan,nan,nan,nan,nan,nan,nan
13442,1,5,5,0,0,0,1,614,0,0,0,0,0,0,0,nan,nan,nan,nan,nan,nan,nan
13443,1,5,5,0,0,0,1,614,0,0,0,0,0,0,0,nan,nan,nan,nan,nan,nan,nan
13444,1,5,5,0,0,0,1,614,0,0,0,0,0,0,0,nan,nan,nan,nan,nan,nan,nan
13445,1,5,5,0,0,0,2,614,0,0,0,0,0,1,0,nan,nan,nan,nan,nan,35.82761245939582,nan
13446,1,5,5,0,0,0,2,614,0,0,0,0,0,1,0,nan,nan,nan,nan,nan,nan,nan
13447,1,5,5,0,0,0,2,614,0,0,0,0,0,1,0,nan,nan,nan,nan,nan,nan,nan
13448,1,5,5,0,0,0,1,615,0,0,0,0,1,0,0,nan,nan,nan,nan,15.755896936994759,nan,20.379070905200933
13449,1,5,5,0,0,0,1,615,0,0,0,0,1,0,0,nan,nan,nan,nan,nan,nan,nan
13450,1,5,5,0,0,0,1,615,0,0,0,0,1,0,0,nan,nan,nan,nan,nan,nan,nan
13451,1,5,5,0,0,0,1,615,0,0,0,0,1,0,0,nan,nan,nan,nan,nan,nan,nan
13452,1,5,5,0,0,0,1,615,0,0,0,0,1,0,0,nan,nan,nan,nan,nan,nan,nan
13453,1,5,5,0,0,0,1,615,0,0,0,0,1,0,0,nan,nan,nan,nan,nan,nan,nan
13454,1,5,5,0,0,0,1,615,0,0,0,0,1,0,0,nan,nan,nan,nan,nan,nan,nan
13455,1,5,5,0,0,0,1,615,0,0,0,0,1,0,0,nan,nan,nan,nan,nan,nan,nan
13456,1,5,5,0,0,0,1,615,0,0,0,0,1,0,0,nan,nan,nan,nan,nan,nan,nan
13457,1,5,5,0,0,0,1,615,0,0,0,0,1,0,0,nan,nan,nan,nan,nan,nan,nan
13458,1,5,5,0,0,0,1,615,0,0,0,0,1,0,0,nan,nan,nan,nan,nan,nan,nan
13459,1,5,5,0,0,0,1,615,0,0,0,0,1,0,0,nan,nan,nan,nan,nan,nan,nan
13460,1,5,5,0,0,0,1,615,2,2,0,0,1,0,0,27.457977366288105,51.117344394944666,nan,nan,nan,nan,nan
13461,1,5,5,0,0,0,1,615,2,2,0,0,1,0,0,nan,nan,nan,nan,nan,nan,nan
13462,1,5,5,0,0,0,0,616,2,2,0,1,0,0,0,nan,nan,nan,35.187444330707876,nan,nan,14.45466410716108
13463,1,5,5,0,0,0,0,616,2,2,0,1,0,0,0,nan,nan,nan,nan,nan,nan,nan
13464,1,5,5,0,0,0,0,616,2,2,0,1,0,0,0,nan,nan,nan,nan,nan,nan,nan
13465,1,5,5,0,0,0,0,616,2,2,0,1,0,0,0,nan,nan,nan,nan,nan,nan,nan
13466,1,5,5,0,0,0,0,616,2,2,0,1,0,0,0,nan,nan,nan,nan,nan,nan,nan
13467,1,5,5,0,0,0,0,616,2,2,0,1,0,0,0,nan,nan,nan,nan,nan,nan,nan
13468,1,5,5,0,0,0,0,616,2,2,0,1,0,0,0,nan,nan,nan,nan,nan,nan,nan
13469,1,5,5,0,0,0,0,616,2,2,0,1,0,0,0,nan,nan,nan,nan,nan,nan,nan
13470,1,5,5,0,0,0,0,616,0,0,0,0,0,0,0,nan,nan,31.46367409119921,nan,nan,nan,nan
13471,1,5,5,0,0,0,0,616,0,0,0,0,0,0,0,nan,nan,nan,nan,nan,nan,nan
13472,1,5,5,0,0,0,0,616,0,0,0,0,0,0,0,nan,nan,nan,nan,nan,nan,nan
13473,1,5,5,0,0,0,0,617,0,0,0,0,0,1,0,nan,nan,nan,nan,nan,28.657205915165832,10.548902276792433
13474,1,5,5,0,0,0,0,617,0,0,0,0,0,1,0,nan,nan,nan,nan,nan,nan,nan
13475,1,5,5,0,0,0,0,617,0,0,0,0,0,1,0,nan,nan,nan,nan,nan,nan,nan
13476,1,5,5,0,0,0,0,617,0,0,0,0,0,1,0,nan,nan,nan,nan,nan,nan,nan
13477,1,5,5,0,0,0,0,617,0,0,0,0,0,1,0,nan,nan,nan,nan,nan,nan,nan
13478,1,5,5,0,0,0,0,617,0,0,0,0,0,1,0,nan,nan,nan,nan,nan,nan,nan
13479,1,5,5,0,0,0,0,617,0,0,0,0,0,1,0,nan,nan,nan,nan,nan,nan,nan
13480,1,5,5,0,0,0,0,617,0,0,0,0,0,1,0,nan,nan,nan,nan,nan,nan,nan
13481,1,5,5,0,0,0,0,617,0,0,0,0,0,1,0,nan,nan,nan,nan,nan,nan,nan
13482,1,5,5,0,0,0,0,617,0,0,0,0,0,1,0,nan,nan,nan,nan,nan,nan,nan
13483,1,5,4,1,0,0,0,617,0,0,0,0,1,0,0,nan,nan,13.604632165122894,nan,35.45919462547499,nan,nan
13484,1,5,4,1,0,0,0,617,0,0,0,0,1,0,0,nan,nan,nan,nan,nan,nan,nan
13485,1,5,4,1,0,0,0,617,2,0,0,0,1,0,0,25.373649618666605,nan,nan,nan,nan,nan,nan
13486,1,5,4,1,0,0,0,617,2,0,0,0,1,0,0,nan,nan,nan,nan,nan,nan,nan
13487,1,5,4,1,0,0,0,617,2,0,0,0,1,0,0,nan,nan,nan,nan,nan,nan,nan
13488,1,5,4,1,0,0,0,617,2,0,0,0,1,0,0,nan,nan,nan,nan,nan,nan,nan
13489,1,5,4,1,0,0,0,617,2,0,0,0,1,0,0,nan,nan,nan,nan,nan,nan,nan
13490,1,5,5,1,0,0,0,618,0,0,0,0,1,0,1,nan,29.507858206734454,nan,nan,nan,nan,16.98626363265066
13491,1,5,5,1,0,0,0,618,0,0,0,0,1,0,1,nan,nan,nan,nan,nan,nan,nan
13492,1,5,5,1,0,0,0,618,0,0,0,0,1,0,1,nan,nan,nan,nan,nan,nan,nan
13493,1,5,5,1,0,0,0,618,0,0,0,0,1,0,1,nan,nan,nan,nan,nan,nan,nan
13494,1,5,5,1,0,0,0,618,0,0,0,0,1,0,1,nan,nan,nan,nan,nan,nan,nan
13495,1,5,5,1,0,0,0,618,0,0,0,0,1,1,0,nan,nan,nan,nan,nan,22.037582866772937,nan
13496,1,5,4,2,0,0,0,618,0,0,0,0,1,1,0,nan,nan,12.96661950197813,nan,nan,nan,nan
13497,1,5,4,2,0,0,0,618,0,0,0,0,1,1,0,nan,nan,nan,nan,nan,nan,nan
13498,1,5,4,2,0,0,0,618,0,0,0,0,1,1,0,nan,nan,nan,nan,nan,nan,nan
13499,1,5,4,2,0,0,0,618,0,0,0,0,1,1,0,nan,nan,nan,nan,nan,nan,nan
13500,1,5,4,2,0,0,0,618,0,0,0,0,1,1,0,nan,nan,nan,nan,nan,nan,nan
13501,1,5,4,2,0,0,0,618,0,0,0,0,1,1,0,nan,nan,nan,nan,nan,nan,nan
13502,1,5,4,1,0,0,0,618,0,0,0,0,0,1,0,nan,nan,nan,40.10376095814536,nan,nan,nan
13503,1,5,4,1,0,0,0,618,0,0,0,0,0,1,0,nan,nan,nan,nan,nan,nan,nan
13504,1,5,4,1,0,0,0,618,0,0,0,0,0,1,0,nan,nan,nan,nan,nan,nan,nan
13505,1,5,4,1,0,0,0,618,0,0,0,0,0,1,0,nan,nan,nan,nan,nan,nan,nan
13506,1,5,4,1,0,0,0,618,0,0,0,0,0,1,0,nan,nan,nan,nan,nan,nan,nan
13507,1,5,4,1,0,0,0,618,0,0,0,0,0,1,0,nan,nan,nan,nan,nan,nan,nan
13508,1,5,4,1,0,0,0,619,0,0,0,0,0,1,1,nan,nan,nan,nan,nan,nan,17.819753116618813
13509,1,5,4,1,0,0,0,619,0,0,0,0,0,1,1,nan,nan,nan,nan,nan,nan,nan
13510,1,5,4,1,0,0,0,619,2,0,0,0,0,1,1,24.391170818658793,nan,nan,nan,nan,nan,nan
13511,1,5,4,1,0,0,0,619,2,0,0,0,0,1,1,nan,nan,nan,nan,nan,nan,nan
13512,1,5,4,1,0,0,0,619,2,0,0,0,0,1,1,nan,nan,nan,nan,nan,nan,nan
13513,1,5,4,1,0,0,0,619,2,0,0,0,0,1,1,nan,nan,nan,nan,nan,nan,nan
13514,1,5,4,1,0,0,0,619,2,0,0,0,0,1,1,nan,nan,nan,nan,nan,nan,nan
13515,1,5,4,1,0,0,0,619,2,0,0,0,0,1,1,nan,nan,nan,nan,nan,nan,nan
13516,1,5,4,1,0,0,0,619,2,0,0,0,1,0,1,nan,nan,nan,nan,33.16810982642164,nan,nan
13517,1,5,4,1,0,0,0,619,2,0,0,0,1,0,1,nan,nan,nan,nan,nan,nan,nan
13518,1,5,4,1,0,0,0,619,2,0,0,0,1,0,1,nan,nan,nan,nan,nan,nan,nan
13519,1,5,4,1,0,0,0,619,2,0,0,0,1,0,1,nan,nan,nan,nan,nan,nan,nan
13520,1,5,4,1,0,0,0,619,2,0,0,0,1,0,1,nan,nan,nan,nan,nan,nan,nan
13521,1,5,3,2,0,0,0,619,2,0,0,0,1,0,1,nan,nan,24.545740182808004,nan,nan,nan,nan
13522,1,5,4,2,0,0,0,619,0,0,0,0,1,0,1,nan,31.55262861990741,nan,nan,nan,nan,nan
13523,1,5,4,2,0,0,0,619,0,0,0,0,1,0,1,nan,nan,nan,nan,nan,nan,nan
13524,1,5,4,2,0,0,0,619,0,0,0,0,1,0,1,nan,nan,nan,nan,nan,nan,nan
13525,1,5,4,1,0,0,0,619,0,0,0,0,0,0,1,nan,nan,nan,22.715573995907107,nan,nan,nan
13526,1,5,4,1,0,0,0,619,0,0,0,0,0,1,0,nan,nan,nan,nan,nan,30.749554785204964,nan
13527,1,5,4,1,0,0,0,619,0,0,0,0,0,1,0,nan,nan,nan,nan,nan,nan,nan
13528,1,5,4,1,0,0,0,619,0,0,0,0,0,1,0,nan,nan,nan,nan,nan,nan,nan
13529,1,5,4,1,0,0,0,619,0,0,0,0,0,1,0,nan,nan,nan,nan,nan,nan,nan
13530,1,5,4,1,0,0,0,619,0,0,0,0,0,1,0,nan,nan,nan,nan,nan,nan,nan
13531,1,5,4,1,0,0,0,619,0,0,0,0,0,1,0,nan,nan,nan,nan,nan,nan,nan
13532,1,5,4,1,0,0,0,619,0,0,0,0,0,1,0,nan,nan,nan,nan,nan,nan,nan
13533,1,5,4,1,0,0,0,619,0,0,0,0,0,1,0,nan,nan,nan,nan,nan,nan,nan
13534,1,5,5,1,0,0,0,619,0,0,0,0,0,1,0,24.589441731206534,12.50805679655059,nan,nan,nan,nan,nan
13535,1,5,5,1,0,0,0,619,0,0,0,0,0,1,0,nan,nan,nan,nan,nan,nan,nan
13536,1,5,4,2,0,0,0,619,0,0,0,0,0,1,0,nan,nan,15.010135310656551,nan,nan,nan,nan
13537,1,5,4,2,0,0,0,619,0,0,0,0,0,1,0,nan,nan,nan,nan,nan,nan,nan
13538,1,5,4,2,0,0,0,619,0,0,0,0,0,1,0,nan,nan,nan,nan,nan,nan,nan
13539,1,5,4,2,0,0,0,619,0,0,0,0,0,1,0,nan,nan,nan,nan,nan,nan,nan
13540,1,5,4,2,0,0,0,619,0,0,0,0,0,1,0,nan,nan,nan,nan,nan,nan,nan
13541,1,5,4,2,0,0,0,619,0,0,0,0,0,1,0,nan,nan,nan,nan,nan,nan,nan
13542,1,5,4,2,0,0,0,619,0,0,0,0,0,1,0,nan,nan,nan,nan,nan,nan,nan
13543,1,5,4,2,0,0,0,619,0,0,0,0,0,1,0,nan,nan,nan,nan,nan,nan,nan
13544,1,5,4,2,0,0,0,619,0,0,0,0,0,1,0,nan,nan,nan,nan,nan,nan,nan
13545,1,5,4,2,0,0,0,620,0,0,0,0,0,1,1,nan,nan,nan,nan,nan,nan,37.3703150696856
13546,1,5,4,2,0,0,0,620,0,0,0,0,1,0,1,nan,nan,nan,nan,29.173809460595294,nan,nan
13547,1,5,4,2,0,0,0,620,0,0,0,0,1,0,1,nan,nan,nan,nan,nan,nan,nan
13548,1,5,4,2,0,0,0,620,0,0,0,0,1,0,1,nan,nan,nan,nan,nan,nan,nan
13549,1,5,4,2,0,0,0,620,0,0,0,0,1,0,1,nan,nan,nan,nan,nan,nan,nan
13550,1,5,4,2,0,0,0,620,0,0,0,0,1,0,1,nan,nan,nan,nan,nan,nan,nan
13551,1,5,4,1,0,0,0,620,0,0,0,0,0,0,1,nan,nan,nan,25.961968384463034,nan,nan,nan
13552,1,5,4,1,0,0,0,620,0,0,0,0,0,0,1,nan,nan,nan,nan,nan,nan,nan
13553,1,5,4,1,0,0,0,620,0,0,0,0,0,0,1,nan,nan,nan,nan,nan,nan,nan
13554,1,4,4,2,0,0,0,620,0,0,0,0,0,0,1,nan,19.782410807203632,18.336905218793618,nan,nan,nan,nan
13555,1,4,4,2,0,0,0,620,0,0,0,0,0,0,1,nan,nan,nan,nan,nan,nan,nan
13556,1,4,4,2,0,0,0,620,0,0,0,0,0,0,1,nan,nan,nan,nan,nan,nan,nan
13557,1,4,4,2,0,0,0,620,0,0,0,0,0,0,1,nan,nan,nan,nan,nan,nan,nan
13558,1,4,4,2,0,0,0,620,0,0,0,0,0,0,1,nan,nan,nan,nan,nan,nan,nan
13559,1,4,4,2,0,0,0,620,0,0,0,0,0,0,1,nan,nan,nan,nan,nan,nan,nan
13560,1,4,4,2,0,1,0,620,0,0,0,0,1,0,1,nan,nan,nan,nan,14.321274716310654,nan,nan
13561,1,4,4,2,0,0,0,620,0,0,0,0,1,0,0,nan,nan,nan,nan,nan,34.848784473217165,nan
13562,1,4,4,2,0,0,0,620,0,0,0,0,1,0,0,nan,nan,nan,nan,nan,nan,nan
13563,1,4,4,2,0,0,0,620,0,0,0,0,1,0,0,nan,nan,nan,nan,nan,nan,nan
13564,1,4,4,2,0,0,0,620,0,0,0,0,1,0,0,nan,nan,nan,nan,nan,nan,nan
13565,1,5,4,2,0,0,0,620,0,0,0,0,1,0,0,30.417350421239462,nan,nan,nan,nan,nan,nan
13566,1,4,5,2,0,0,0,620,0,0,0,0,1,0,0,nan,12.207574912270502,nan,nan,nan,nan,nan
13567,1,4,5,2,0,0,0,620,0,0,0,0,1,0,0,nan,nan,nan,nan,nan,nan,nan
13568,1,4,5,2,0,0,0,620,0,0,0,0,1,0,0,nan,nan,nan,nan,nan,nan,nan
13569,1,4,5,2,0,0,0,620,0,0,0,0,1,0,0,nan,nan,nan,nan,nan,nan,nan
13570,1,4,5,2,0,0,0,620,0,0,0,0,1,0,0,nan,nan,nan,nan,nan,nan,nan
13571,1,4,5,2,0,0,0,620,0,0,0,0,1,0,0,nan,nan,nan,nan,nan,nan,nan
13572,1,4,5,2,0,0,0,620,0,0,0,0,1,0,0,nan,nan,nan,nan,nan,nan,nan
13573,1,4,5,2,0,0,0,620,0,0,0,0,1,0,0,nan,nan,nan,nan,nan,nan,nan
13574,1,4,5,2,0,0,0,620,0,0,0,0,1,0,0,nan,nan,nan,nan,nan,nan,nan
13575,1,4,5,2,0,0,0,620,0,0,0,0,1,0,0,nan,nan,nan,nan,nan,nan,nan
13576,1,4,5,2,0,0,0,620,0,0,0,0,1,0,0,nan,nan,nan,nan,nan,nan,nan
13577,1,5,5,2,0,0,0,620,0,0,0,0,1,0,0,12.444925477913785,nan,nan,nan,nan,nan,nan
13578,1,5,5,2,0,0,0,620,0,0,0,0,1,0,0,nan,nan,nan,nan,nan,nan,nan
13579,1,5,5,2,0,0,0,620,0,0,0,0,1,0,0,nan,nan,nan,nan,nan,nan,nan
13580,1,5,5,2,0,0,0,620,0,0,0,0,1,0,0,nan,nan,nan,nan,nan,nan,nan
13581,1,5,5,2,0,0,0,620,0,0,0,0,1,0,0,nan,nan,nan,nan,nan,nan,nan
13582,1,5,5,1,0,0,0,620,0,0,0,0,0,0,0,nan,nan,nan,31.94670980624869,nan,nan,nan
13583,1,5,5,1,0,0,0,620,0,0,0,0,0,0,0,nan,nan,nan,nan,nan,nan,nan
13584,1,5,4,2,0,0,0,620,0,0,0,0,0,0,0,nan,nan,30.30770241679602,nan,nan,nan,nan
13585,1,5,4,2,0,0,0,621,0,0,0,0,0,0,1,nan,nan,nan,nan,nan,nan,39.57629643691325
13586,1,5,4,2,0,0,0,621,0,0,0,0,0,0,1,nan,nan,nan,nan,nan,nan,nan
13587,1,5,4,2,0,0,0,621,0,0,0,0,0,0,1,nan,nan,nan,nan,nan,nan,nan
13588,1,5,4,2,0,0,0,621,0,0,0,0,0,0,1,nan,nan,nan,nan,nan,nan,nan
13589,1,5,5,2,0,0,0,621,0,0,0,0,0,1,0,11.563363815241246,23.208329992008657,nan,nan,nan,28.01684886322255,nan
13590,1,5,5,2,0,0,0,621,0,0,0,0,0,1,0,nan,nan,nan,nan,nan,nan,nan
13591,1,5,5,2,0,0,0,621,0,0,0,0,0,1,0,nan,nan,nan,nan,nan,nan,nan
13592,1,5,5,2,0,0,0,621,0,0,0,0,0,1,0,nan,nan,nan,nan,nan,nan,nan
13593,1,5,5,2,0,0,0,621,0,0,0,0,0,1,0,nan,nan,nan,nan,nan,nan,nan
13594,1,5,5,2,0,0,0,621,0,0,0,0,0,1,0,nan,nan,nan,nan,nan,nan,nan
13595,1,5,5,2,0,0,0,621,0,0,0,0,0,1,0,nan,nan,nan,nan,nan,nan,nan
13596,1,5,5,2,0,0,0,621,0,0,0,0,0,1,0,nan,nan,nan,nan,nan,nan,nan
13597,1,5,5,2,0,0,0,621,0,0,0,0,0,1,0,nan,nan,nan,nan,nan,nan,nan
13598,1,5,5,2,0,0,0,621,0,0,0,0,0,1,0,nan,nan,nan,nan,nan,nan,nan
13599,1,5,5,2,0,0,0,621,0,0,0,0,0,1,0,nan,nan,nan,nan,nan,nan,nan
13600,1,5,5,2,0,0,0,621,0,0,0,0,0,1,0,nan,nan,nan,nan,nan,nan,nan
13601,1,5,5,2,0,0,0,621,0,0,0,0,0,1,0,nan,nan,nan,nan,nan,nan,nan
13602,1,5,5,2,0,0,0,621,2,2,0,0,0,1,0,13.74339793582294,12.888687115890207,nan,nan,nan,nan,nan
13603,1,5,5,2,0,0,0,622,2,2,0,0,0,1,1,nan,nan,nan,nan,nan,nan,18.70213313241402
13604,1,5,5,2,0,0,0,622,0,0,0,0,0,0,1,nan,nan,19.868253333070243,21.586027078530606,44.451445196189525,nan,nan
13605,1,5,5,2,0,0,0,622,0,0,0,0,0,0,1,nan,nan,nan,nan,nan,nan,nan
13606,1,5,5,2,0,0,0,622,0,0,0,0,0,0,1,nan,nan,nan,nan,nan,nan,nan
13607,1,5,5,2,0,0,0,622,0,0,0,0,0,0,1,nan,nan,nan,nan,nan,nan,nan
13608,1,5,5,2,0,0,0,622,0,0,0,0,0,0,1,nan,nan,nan,nan,nan,nan,nan
13609,1,5,5,2,0,0,0,622,0,0,0,0,0,0,1,nan,nan,nan,nan,nan,nan,nan
13610,1,5,5,2,0,0,0,622,0,0,0,0,0,0,1,nan,nan,nan,nan,nan,nan,nan
13611,1,5,5,2,0,0,0,622,0,0,0,0,0,0,1,nan,nan,nan,nan,nan,nan,nan
13612,1,5,5,2,0,0,0,622,0,0,0,0,0,0,1,nan,nan,nan,nan,nan,nan,nan
13613,1,5,5,2,0,0,0,622,0,0,0,0,0,0,1,nan,nan,nan,nan,nan,nan,nan
13614,1,5,5,2,0,0,0,622,0,0,0,0,0,0,1,nan,nan,nan,nan,nan,nan,nan
13615,1,5,5,2,0,0,0,622,0,0,0,0,0,1,0,nan,nan,nan,nan,nan,26.64011837979706,nan
13616,1,5,5,1,1,0,0,622,0,0,0,0,0,1,0,nan,nan,nan,11.752037823825958,nan,nan,nan
13617,1,5,5,1,1,0,0,622,0,0,0,0,0,1,0,nan,nan,nan,nan,nan,nan,nan
13618,1,5,5,1,1,0,0,622,0,2,0,0,0,1,0,nan,16.097001619105868,nan,nan,nan,nan,nan
13619,1,5,5,1,1,0,0,622,2,2,0,0,0,1,0,16.646730592116,nan,nan,nan,nan,nan,nan
13620,1,5,5,1,1,0,0,622,2,2,0,0,0,1,0,nan,nan,nan,nan,nan,nan,nan
13621,1,5,5,1,1,0,0,622,2,2,0,0,0,1,0,nan,nan,nan,nan,nan,nan,nan
13622,1,5,5,1,1,0,0,622,2,2,0,0,0,1,0,nan,nan,nan,nan,nan,nan,nan
13623,1,5,5,1,1,0,0,622,2,2,0,0,0,1,0,nan,nan,nan,nan,nan,nan,nan
13624,1,5,5,1,1,0,0,622,2,2,0,0,0,1,0,nan,nan,nan,nan,nan,nan,nan
13625,1,5,5,1,1,0,0,622,2,2,0,0,0,1,0,nan,nan,nan,nan,nan,nan,nan
13626,1,5,5,1,1,0,0,622,2,2,0,0,0,1,0,nan,nan,nan,nan,nan,nan,nan
13627,1,5,5,1,1,0,0,623,2,2,0,0,0,1,1,nan,nan,nan,nan,nan,nan,24.052498032697258
13628,1,5,5,1,1,0,0,623,2,2,0,0,0,1,1,nan,nan,nan,nan,nan,nan,nan
13629,1,5,5,1,1,0,0,623,2,2,0,0,0,1,1,nan,nan,nan,nan,nan,nan,nan
13630,1,5,5,1,1,0,0,623,2,2,0,0,0,1,1,nan,nan,nan,nan,nan,nan,nan
13631,1,5,5,1,0,0,0,623,2,2,0,0,0,0,1,nan,nan,nan,nan,26.249731796047854,nan,nan
13632,1,5,5,1,0,0,0,623,2,2,0,0,0,0,1,nan,nan,nan,nan,nan,nan,nan
13633,1,5,5,1,0,0,0,623,2,2,0,0,0,0,1,nan,nan,nan,nan,nan,nan,nan
13634,1,5,5,1,0,0,0,623,2,2,0,0,0,0,1,nan,nan,nan,nan,nan,nan,nan
13635,1,5,5,1,0,0,0,623,2,2,0,0,0,0,1,nan,nan,nan,nan,nan,nan,nan
13636,1,5,5,1,0,0,0,623,2,2,0,0,0,0,1,nan,nan,nan,nan,nan,nan,nan
13637,1,5,5,1,0,0,0,623,2,2,0,0,0,0,1,nan,nan,nan,nan,nan,nan,nan
13638,1,5,5,1,0,0,0,623,2,2,0,0,0,0,1,nan,nan,nan,nan,nan,nan,nan
13639,1,5,5,0,1,0,0,623,2,2,0,0,0,0,1,nan,nan,nan,23.232815982368265,nan,nan,nan
13640,1,5,5,0,1,0,0,623,2,2,0,0,0,0,1,nan,nan,nan,nan,nan,nan,nan
13641,1,5,5,0,1,0,0,623,2,2,0,0,0,0,1,nan,nan,nan,nan,nan,nan,nan
13642,1,5,5,0,1,0,0,623,2,2,0,0,0,0,1,nan,nan,nan,nan,nan,nan,nan
13643,1,5,5,0,0,1,0,623,2,2,0,0,0,0,1,nan,nan,nan,nan,12.18513732143765,nan,nan
13644,1,5,5,0,0,1,0,623,2,2,0,0,0,0,1,nan,nan,nan,nan,nan,nan,nan
13645,1,5,5,0,0,1,0,623,2,2,0,0,0,0,1,nan,nan,nan,nan,nan,nan,nan
13646,1,5,5,0,0,1,0,623,2,2,0,0,0,0,1,nan,nan,nan,nan,nan,nan,nan
13647,1,5,5,0,0,0,0,623,2,2,0,0,0,0,0,nan,nan,nan,nan,nan,31.17069823352722,nan
13648,1,5,5,0,0,0,0,623,2,2,0,0,0,0,0,nan,nan,nan,nan,nan,nan,nan
13649,1,5,5,0,0,0,0,623,2,2,0,0,0,0,0,nan,nan,nan,nan,nan,nan,nan
13650,1,5,5,0,0,0,0,623,2,2,0,0,0,0,0,nan,nan,nan,nan,nan,nan,nan
13651,1,5,5,0,0,0,0,623,2,2,0,0,0,0,0,nan,nan,nan,nan,nan,nan,nan
13652,1,5,5,0,0,0,0,623,2,2,0,0,0,0,0,nan,nan,nan,nan,nan,nan,nan
13653,1,5,5,0,0,0,0,623,2,2,0,0,0,0,0,nan,nan,nan,nan,nan,nan,nan
13654,1,5,5,0,0,1,0,623,2,2,0,0,1,0,0,nan,nan,nan,nan,11.259289494280893,nan,nan
13655,1,5,5,1,0,1,0,623,0,0,0,0,1,0,0,nan,nan,50.78794284988726,nan,nan,nan,nan
13656,1,5,5,1,0,1,0,623,0,0,0,0,1,0,0,nan,nan,nan,nan,nan,nan,nan
13657,1,5,5,1,0,1,0,623,0,0,0,0,1,0,0,nan,nan,nan,nan,nan,nan,nan
13658,1,5,5,1,0,1,0,623,0,0,0,0,1,0,0,nan,nan,nan,nan,nan,nan,nan
13659,1,5,5,1,0,1,0,623,0,0,0,0,1,0,0,nan,nan,nan,nan,nan,nan,nan
13660,1,5,5,1,0,1,0,623,0,0,0,0,1,0,0,nan,nan,nan,nan,nan,nan,nan
13661,1,5,5,1,0,1,0,623,0,0,0,0,1,0,0,nan,nan,nan,nan,nan,nan,nan
13662,1,5,5,1,0,1,0,623,0,0,0,0,1,0,0,nan,nan,nan,nan,nan,nan,nan
13663,1,5,5,1,0,1,0,623,0,0,0,0,1,0,0,nan,nan,nan,nan,nan,nan,nan
13664,1,5,5,1,0,1,0,623,0,0,0,0,1,0,0,nan,nan,nan,nan,nan,nan,nan
13665,1,5,5,1,0,1,0,623,0,0,0,0,1,0,0,nan,nan,nan,nan,nan,nan,nan
13666,1,5,5,1,0,0,1,623,0,0,0,0,1,0,0,nan,nan,nan,nan,nan,19.304803132057714,nan
13667,1,5,5,1,0,0,1,623,0,0,0,0,1,0,0,nan,nan,nan,nan,nan,nan,nan
13668,1,5,5,1,0,0,1,623,0,0,0,0,1,0,0,nan,nan,nan,nan,nan,nan,nan
13669,1,5,5,0,0,0,1,623,0,0,0,0,0,0,0,nan,nan,nan,29.720308750032927,nan,nan,nan
13670,1,5,5,0,0,0,1,623,2,2,0,0,0,0,0,50.82386425128425,52.17447784730393,nan,nan,nan,nan,nan
13671,1,5,5,0,0,0,1,623,2,2,0,0,0,0,0,nan,nan,nan,nan,nan,nan,nan
13672,1,5,5,0,0,0,1,623,2,2,0,0,0,0,0,nan,nan,nan,nan,nan,nan,nan
13673,1,5,5,0,0,0,1,623,2,2,0,0,0,0,0,nan,nan,nan,nan,nan,nan,nan
13674,1,5,5,1,0,0,1,623,0,0,0,0,0,0,0,nan,nan,18.943754847296077,nan,nan,nan,nan
13675,1,5,5,1,0,0,1,623,0,0,0,0,0,0,0,nan,nan,nan,nan,nan,nan,nan
13676,1,5,5,1,0,0,0,624,0,0,0,0,0,0,0,nan,nan,nan,nan,nan,nan,49.10545315733543
13677,1,5,5,1,0,0,0,624,0,0,0,0,0,0,0,nan,nan,nan,nan,nan,nan,nan
13678,1,5,5,1,0,0,0,624,0,0,0,0,0,0,0,nan,nan,nan,nan,nan,nan,nan
13679,1,5,5,1,0,0,1,624,0,0,0,0,0,1,0,nan,nan,nan,nan,nan,13.079703609990247,nan
13680,1,5,5,1,0,0,1,624,0,0,0,0,0,1,0,nan,nan,nan,nan,nan,nan,nan
13681,1,5,5,1,0,0,1,624,0,0,0,0,0,1,0,nan,nan,nan,nan,nan,nan,nan
13682,1,5,5,1,0,0,1,624,0,0,0,0,0,1,0,nan,nan,nan,nan,nan,nan,nan
13683,1,5,5,1,0,0,1,624,0,0,0,0,0,1,0,nan,nan,nan,nan,nan,nan,nan
13684,1,5,5,1,0,0,1,624,0,0,0,0,0,1,0,nan,nan,nan,nan,nan,nan,nan
13685,1,5,5,1,0,0,1,624,2,0,0,0,0,1,0,15.585815861422816,nan,nan,nan,nan,nan,nan
13686,1,5,5,1,0,0,1,624,2,0,0,0,0,1,0,nan,nan,nan,nan,nan,nan,nan
13687,1,5,4,2,0,0,1,624,2,0,0,0,1,0,0,nan,nan,13.311715646035736,nan,33.0266750190458,nan,nan
13688,1,5,4,2,0,0,1,624,2,0,0,0,1,0,0,nan,nan,nan,nan,nan,nan,nan
13689,1,5,4,2,0,0,0,625,2,0,0,0,1,0,0,nan,nan,nan,nan,nan,nan,12.171739279416215
13690,1,5,4,1,0,0,0,625,2,0,0,0,0,0,0,nan,nan,nan,21.24055886417227,nan,nan,nan
13691,1,5,4,1,0,0,0,625,2,0,0,0,0,0,0,nan,nan,nan,nan,nan,nan,nan
13692,1,5,4,1,0,0,0,625,2,0,0,0,0,0,0,nan,nan,nan,nan,nan,nan,nan
13693,1,5,4,1,0,0,0,625,2,0,0,0,0,0,0,nan,nan,nan,nan,nan,nan,nan
13694,1,5,5,1,0,0,0,625,0,0,0,0,0,0,0,nan,23.970704159244633,nan,nan,nan,nan,nan
13695,1,5,5,1,0,0,0,625,0,0,0,0,0,0,0,nan,nan,nan,nan,nan,nan,nan
13696,1,5,5,1,0,0,0,625,0,0,0,0,0,0,0,nan,nan,nan,nan,nan,nan,nan
13697,1,5,5,1,0,0,0,625,0,0,0,0,0,0,0,nan,nan,nan,nan,nan,nan,nan
13698,1,5,5,1,0,0,0,625,0,0,0,0,0,0,0,nan,nan,nan,nan,nan,nan,nan
13699,1,5,5,1,0,0,0,625,0,0,0,0,0,0,0,nan,nan,nan,nan,nan,nan,nan
13700,1,5,5,1,0,0,0,625,0,0,0,0,0,0,0,nan,nan,nan,nan,nan,nan,nan
13701,1,5,5,1,0,0,0,626,0,0,0,0,0,0,1,nan,nan,nan,nan,nan,nan,12.279773851951177
13702,1,5,5,1,0,0,0,626,0,0,0,0,0,0,1,nan,nan,nan,nan,nan,nan,nan
13703,1,5,5,1,0,0,0,626,0,0,0,0,0,0,1,nan,nan,nan,nan,nan,nan,nan
13704,1,5,5,1,0,0,0,626,0,0,0,0,0,1,0,nan,nan,nan,nan,nan,25.310674133415887,nan
13705,1,5,5,1,0,0,0,626,0,0,0,0,0,1,0,nan,nan,nan,nan,nan,nan,nan
13706,1,5,5,0,1,0,0,626,0,0,0,0,0,1,0,nan,nan,nan,16.359058913134504,nan,nan,nan
13707,1,5,5,0,1,0,0,626,0,0,0,0,0,1,0,nan,nan,nan,nan,nan,nan,nan
13708,1,5,5,0,1,0,0,626,0,0,0,0,0,1,0,nan,nan,nan,nan,nan,nan,nan
13709,1,5,5,0,1,0,0,626,0,0,0,0,0,1,0,nan,nan,nan,nan,nan,nan,nan
13710,1,5,5,0,1,0,0,626,0,0,0,0,0,1,0,nan,nan,nan,nan,nan,nan,nan
13711,1,5,5,0,0,0,0,626,0,0,0,0,0,0,0,nan,nan,nan,nan,24.20784426479804,nan,nan
13712,1,5,5,0,0,0,0,626,0,0,0,0,0,0,0,nan,nan,nan,nan,nan,nan,nan
13713,1,5,5,0,0,0,0,626,0,0,0,0,0,0,0,nan,nan,nan,nan,nan,nan,nan
13714,1,5,5,0,0,0,0,626,0,0,0,0,0,0,0,nan,nan,nan,nan,nan,nan,nan
13715,1,4,5,1,0,0,0,626,0,0,0,0,0,0,0,nan,20.617870389238306,27.476051707650186,nan,nan,nan,nan
13716,1,5,5,1,0,0,0,626,0,0,0,0,0,0,0,30.749724977928054,nan,nan,nan,nan,nan,nan
13717,1,5,5,1,0,0,0,626,0,0,0,0,0,0,0,nan,nan,nan,nan,nan,nan,nan
13718,1,5,5,1,0,0,0,626,0,0,0,0,0,0,0,nan,nan,nan,nan,nan,nan,nan
13719,1,5,5,1,0,0,0,626,0,0,0,0,0,0,0,nan,nan,nan,nan,nan,nan,nan
13720,1,5,5,1,0,0,0,627,0,0,0,0,0,0,1,nan,nan,nan,nan,nan,nan,19.45067156969708
13721,1,5,5,1,0,0,0,627,0,0,0,0,0,0,1,nan,nan,nan,nan,nan,nan,nan
13722,1,5,5,0,0,1,0,627,0,0,0,0,0,0,1,nan,nan,nan,16.05261380569027,10.354712355330776,nan,nan
13723,1,5,5,0,0,1,0,627,0,0,0,0,0,0,1,nan,nan,nan,nan,nan,nan,nan
13724,1,5,5,0,0,1,0,627,0,0,0,0,0,0,1,nan,nan,nan,nan,nan,nan,nan
13725,1,5,5,0,0,1,0,627,0,0,0,0,0,0,1,nan,nan,nan,nan,nan,nan,nan
13726,1,5,5,0,0,1,0,627,0,0,0,0,0,0,1,nan,nan,nan,nan,nan,nan,nan
13727,1,5,5,0,0,1,0,627,0,0,0,0,0,0,1,nan,nan,nan,nan,nan,nan,nan
13728,1,5,5,0,0,1,0,627,0,0,0,0,0,0,1,nan,nan,nan,nan,nan,nan,nan
13729,1,5,5,0,0,1,0,627,0,2,0,0,0,0,1,nan,14.222173917369219,nan,nan,nan,nan,nan
13730,1,5,5,0,0,1,0,627,0,2,0,0,0,0,1,nan,nan,nan,nan,nan,nan,nan
13731,1,5,5,0,0,1,0,627,0,2,0,0,0,0,1,nan,nan,nan,nan,nan,nan,nan
13732,1,5,5,0,0,1,0,627,0,2,0,0,0,0,1,nan,nan,nan,nan,nan,nan,nan
13733,1,5,5,0,0,1,0,627,0,2,0,0,0,0,1,nan,nan,nan,nan,nan,nan,nan
13734,1,5,5,0,0,1,0,627,0,2,0,0,0,0,1,nan,nan,nan,nan,nan,nan,nan
13735,1,5,5,0,0,1,0,627,0,2,0,0,0,0,1,nan,nan,nan,nan,nan,nan,nan
13736,1,5,5,0,0,1,0,627,0,2,0,0,0,0,1,nan,nan,nan,nan,nan,nan,nan
13737,1,5,5,0,0,1,0,627,0,2,0,0,0,0,1,nan,nan,nan,nan,nan,nan,nan
13738,1,5,5,0,1,1,0,627,0,2,0,1,0,0,1,nan,nan,nan,15.57364724954823,nan,nan,nan
13739,1,5,5,0,1,1,0,627,0,2,0,1,0,0,1,nan,nan,nan,nan,nan,nan,nan
13740,1,5,5,0,1,1,0,627,2,2,0,1,0,0,1,23.681450693160514,nan,nan,nan,nan,nan,nan
13741,1,5,5,0,1,1,0,627,2,2,0,1,0,0,1,nan,nan,nan,nan,nan,nan,nan
13742,1,5,5,0,0,2,0,627,2,2,0,1,0,0,1,nan,nan,nan,nan,19.97917524402692,nan,nan
13743,1,5,5,0,0,1,0,627,0,0,0,0,0,0,0,nan,nan,28.00220593891754,nan,nan,38.483931291119006,nan
13744,1,5,5,0,0,1,0,627,0,0,0,0,0,0,0,nan,nan,nan,nan,nan,nan,nan
13745,1,5,5,0,0,1,0,627,0,0,0,0,0,0,0,nan,nan,nan,nan,nan,nan,nan
13746,1,5,5,0,0,1,0,627,0,0,0,0,0,0,0,nan,nan,nan,nan,nan,nan,nan
13747,1,5,5,0,0,1,0,627,0,0,0,0,0,0,0,nan,nan,nan,nan,nan,nan,nan
13748,1,5,5,0,0,1,0,627,0,0,0,0,0,0,0,nan,nan,nan,nan,nan,nan,nan
13749,1,5,5,0,0,1,0,627,0,0,0,0,0,0,0,nan,nan,nan,nan,nan,nan,nan
13750,1,5,5,0,0,1,0,627,0,0,0,0,0,0,0,nan,nan,nan,nan,nan,nan,nan
13751,1,5,5,0,0,1,0,627,0,0,0,0,0,0,0,nan,nan,nan,nan,nan,nan,nan
13752,1,5,5,0,0,1,0,627,0,0,0,0,0,0,0,nan,nan,nan,nan,nan,nan,nan
13753,1,5,5,0,0,1,0,627,0,0,0,0,0,0,0,nan,nan,nan,nan,nan,nan,nan
13754,1,5,5,0,0,2,0,627,0,0,0,0,1,0,0,nan,nan,nan,nan,11.977768534357892,nan,nan
13755,1,5,5,0,0,2,0,627,2,0,0,1,0,0,0,15.650349980585816,nan,nan,16.64557840345151,nan,nan,nan
13756,1,5,5,0,0,2,0,627,2,2,0,1,0,0,0,nan,26.8360657735484,nan,nan,nan,nan,nan
13757,1,5,5,0,0,2,0,627,0,0,0,0,0,0,0,nan,nan,13.831991577613735,nan,nan,nan,nan
13758,1,5,5,0,0,1,1,627,0,0,0,0,0,0,0,nan,nan,nan,nan,nan,15.611501596153175,nan
13759,1,5,5,0,0,1,1,627,0,0,0,0,0,0,0,nan,nan,nan,nan,nan,nan,nan
13760,1,5,5,0,0,1,1,627,0,0,0,0,0,0,0,nan,nan,nan,nan,nan,nan,nan
13761,1,5,5,0,0,1,0,628,0,0,0,0,0,0,0,nan,nan,nan,nan,nan,nan,41.17450925646153
13762,1,5,5,0,0,1,0,628,0,0,0,0,0,0,0,nan,nan,nan,nan,nan,nan,nan
13763,1,5,5,0,0,1,0,628,0,0,0,0,0,0,0,nan,nan,nan,nan,nan,nan,nan
13764,1,5,5,0,0,1,0,628,0,0,0,0,0,0,0,nan,nan,nan,nan,nan,nan,nan
13765,1,5,5,0,0,1,0,628,0,0,0,0,0,0,0,nan,nan,nan,nan,nan,nan,nan
13766,1,5,5,0,0,1,0,628,0,0,0,0,0,0,0,nan,nan,nan,nan,nan,nan,nan
13767,1,5,5,0,0,1,0,628,0,0,0,0,0,0,0,nan,nan,nan,nan,nan,nan,nan
13768,1,5,5,0,0,1,0,628,0,0,0,0,0,0,0,nan,nan,nan,nan,nan,nan,nan
13769,1,5,5,0,0,1,0,628,0,0,0,0,0,0,0,nan,nan,nan,nan,nan,nan,nan
13770,1,5,5,0,0,2,0,628,0,0,0,0,1,0,0,nan,nan,nan,nan,16.062885506273233,nan,nan
13771,1,5,4,1,0,2,0,628,0,0,0,0,1,0,0,nan,nan,14.391242378504103,nan,nan,nan,nan
13772,1,5,4,0,0,1,1,628,0,0,0,0,0,0,0,nan,nan,nan,17.192895874126407,nan,13.899466622378895,nan
13773,1,5,4,0,0,1,1,628,0,0,0,0,0,0,0,nan,nan,nan,nan,nan,nan,nan
13774,1,4,5,0,0,1,1,628,0,0,0,0,0,0,0,nan,18.08624855401831,nan,nan,nan,nan,nan
13775,1,4,5,0,0,1,1,628,0,0,0,0,0,0,0,nan,nan,nan,nan,nan,nan,nan
13776,1,4,5,0,0,1,0,629,0,0,0,0,0,0,0,nan,nan,nan,nan,nan,nan,14.412252259886372
13777,1,5,5,0,0,1,0,629,0,0,0,0,0,0,0,21.668795010074973,nan,nan,nan,nan,nan,nan
13778,1,5,5,0,0,1,0,629,0,0,0,0,0,0,0,nan,nan,nan,nan,nan,nan,nan
13779,1,5,5,0,0,1,0,629,0,0,0,0,0,0,0,nan,nan,nan,nan,nan,nan,nan
13780,1,5,5,0,0,1,0,629,0,0,0,0,0,0,0,nan,nan,nan,nan,nan,nan,nan
13781,1,5,5,0,0,1,0,629,0,0,0,0,0,0,0,nan,nan,nan,nan,nan,nan,nan
13782,1,5,5,0,0,1,0,629,0,0,0,0,0,0,0,nan,nan,nan,nan,nan,nan,nan
13783,1,5,5,0,0,1,0,629,0,0,0,0,0,0,0,nan,nan,nan,nan,nan,nan,nan
13784,1,5,5,0,0,1,0,629,0,0,0,0,0,0,0,nan,nan,nan,nan,nan,nan,nan
13785,1,5,5,0,0,1,0,629,0,0,0,0,0,0,0,nan,nan,nan,nan,nan,nan,nan
13786,1,5,5,0,0,1,0,629,0,0,0,0,0,0,0,nan,nan,nan,nan,nan,nan,nan
13787,1,5,5,0,0,1,0,630,0,0,0,0,0,0,1,nan,nan,nan,nan,nan,nan,10.984435776030296
13788,1,5,4,1,0,1,0,630,0,0,0,0,0,0,1,nan,nan,16.684434634353238,nan,nan,nan,nan
13789,1,5,4,0,0,2,0,630,0,0,0,0,0,0,1,nan,nan,nan,16.77547583480373,19.115848307754277,nan,nan
13790,1,4,5,0,0,2,0,630,0,0,0,0,0,0,1,nan,16.315592135058978,nan,nan,nan,nan,nan
13791,1,5,5,0,0,2,0,630,0,0,0,0,0,0,1,13.59269822742317,nan,nan,nan,nan,nan,nan
13792,1,5,5,0,0,2,0,630,0,0,0,0,0,0,1,nan,nan,nan,nan,nan,nan,nan
13793,1,5,5,0,0,2,0,630,0,0,0,0,0,0,1,nan,nan,nan,nan,nan,nan,nan
13794,1,5,5,0,0,2,0,630,0,0,0,0,0,0,1,nan,nan,nan,nan,nan,nan,nan
13795,1,5,5,0,0,2,0,630,0,0,0,0,0,0,1,nan,nan,nan,nan,nan,nan,nan
13796,1,5,5,0,0,2,0,630,0,0,0,0,0,0,1,nan,nan,nan,nan,nan,nan,nan
13797,1,5,5,0,0,1,0,630,0,0,0,0,0,0,0,nan,nan,nan,nan,nan,24.72054366226439,nan
13798,1,5,5,0,0,1,0,630,0,0,0,0,0,0,0,nan,nan,nan,nan,nan,nan,nan
13799,1,5,5,0,0,1,0,630,0,0,0,0,0,0,0,nan,nan,nan,nan,nan,nan,nan
13800,1,5,5,0,0,1,0,630,0,0,0,0,0,0,0,nan,nan,nan,nan,nan,nan,nan
13801,1,5,5,0,0,1,0,630,0,0,0,0,0,0,0,nan,nan,nan,nan,nan,nan,nan
13802,1,5,5,0,0,1,0,630,0,0,0,0,0,0,0,nan,nan,nan,nan,nan,nan,nan
13803,1,5,5,0,1,1,0,630,2,0,0,1,0,0,0,12.157087397697978,nan,nan,14.303960448520229,nan,nan,nan
13804,1,5,4,0,1,1,0,630,2,0,0,0,0,0,0,nan,nan,15.959576324226873,nan,nan,nan,nan
13805,1,5,4,0,1,1,0,630,2,0,0,0,0,0,0,nan,nan,nan,nan,nan,nan,nan
13806,1,5,4,0,1,1,0,630,2,0,0,0,0,0,0,nan,nan,nan,nan,nan,nan,nan
13807,1,5,4,0,1,1,0,630,2,0,0,0,0,0,0,nan,nan,nan,nan,nan,nan,nan
13808,1,5,4,0,1,1,0,630,2,0,0,0,0,0,0,nan,nan,nan,nan,nan,nan,nan
13809,1,5,4,0,1,1,0,631,2,0,0,0,0,0,1,nan,nan,nan,nan,nan,nan,22.37968728300075
13810,1,5,4,0,1,1,0,631,2,0,0,0,0,0,1,nan,nan,nan,nan,nan,nan,nan
13811,1,5,4,0,1,1,0,631,2,0,0,0,0,0,1,nan,nan,nan,nan,nan,nan,nan
13812,1,5,4,0,1,1,0,631,2,0,0,0,0,0,1,nan,nan,nan,nan,nan,nan,nan
13813,1,5,4,0,1,1,0,631,2,0,0,0,0,0,1,nan,nan,nan,nan,nan,nan,nan
13814,1,5,4,0,1,1,0,631,2,0,0,0,0,0,1,nan,nan,nan,nan,nan,nan,nan
13815,1,5,4,0,1,1,0,631,2,0,0,0,0,0,1,nan,nan,nan,nan,nan,nan,nan
13816,1,5,4,0,1,1,0,631,2,0,0,0,0,0,1,nan,nan,nan,nan,nan,nan,nan
13817,1,5,4,0,1,2,0,631,2,0,0,1,0,0,1,nan,nan,nan,13.909796899737557,27.847352126906117,nan,nan
13818,1,5,4,0,1,2,0,631,2,0,0,1,0,0,1,nan,nan,nan,nan,nan,nan,nan
13819,1,5,5,0,1,2,0,631,0,0,0,1,0,0,1,nan,28.56042187359526,nan,nan,nan,nan,nan
13820,1,5,5,0,1,2,0,631,0,0,0,1,0,0,1,nan,nan,nan,nan,nan,nan,nan
13821,1,5,5,0,1,2,0,631,0,0,0,1,0,0,1,nan,nan,nan,nan,nan,nan,nan
13822,1,5,5,0,1,2,0,631,0,0,0,1,0,0,1,nan,nan,nan,nan,nan,nan,nan
13823,1,5,4,0,1,2,0,631,0,0,0,0,0,0,1,nan,nan,19.063160331696054,nan,nan,nan,nan
13824,1,5,4,0,1,2,0,631,0,0,0,0,0,0,1,nan,nan,nan,nan,nan,nan,nan
13825,1,5,4,0,1,1,0,631,0,0,0,0,0,0,0,nan,nan,nan,nan,nan,27.75848076976763,nan
13826,1,5,4,0,1,1,0,631,0,0,0,0,0,0,0,nan,nan,nan,nan,nan,nan,nan
13827,1,5,4,0,1,1,0,631,0,0,0,0,0,0,0,nan,nan,nan,nan,nan,nan,nan
13828,1,5,4,0,1,1,0,631,2,0,0,0,0,0,0,25.21671786445222,nan,nan,nan,nan,nan,nan
13829,1,5,4,0,1,1,0,631,2,0,0,0,0,0,0,nan,nan,nan,nan,nan,nan,nan
13830,1,5,4,0,1,1,0,631,2,0,0,0,0,0,0,nan,nan,nan,nan,nan,nan,nan
13831,1,5,5,0,1,1,0,631,0,0,0,0,0,0,0,nan,11.922760623587237,nan,nan,nan,nan,nan
13832,1,5,5,0,1,1,0,631,0,0,0,0,0,0,0,nan,nan,nan,nan,nan,nan,nan
13833,1,5,5,0,0,2,0,631,0,0,0,0,0,0,0,nan,nan,nan,nan,15.956105725819725,nan,nan
13834,1,5,5,0,0,2,0,631,0,0,0,0,0,0,0,nan,nan,nan,nan,nan,nan,nan
13835,1,5,5,0,0,2,0,631,0,0,0,0,0,0,0,nan,nan,nan,nan,nan,nan,nan
13836,1,5,5,0,0,2,0,631,0,0,0,0,0,0,0,nan,nan,nan,nan,nan,nan,nan
13837,1,5,5,0,0,2,0,631,0,0,0,0,0,0,0,nan,nan,nan,nan,nan,nan,nan
13838,1,5,5,0,0,2,0,631,0,0,0,0,0,0,0,nan,nan,nan,nan,nan,nan,nan
13839,1,5,5,0,0,1,0,632,0,0,0,0,0,0,0,nan,nan,nan,nan,nan,13.963590766315974,29.836879426045925
13840,1,5,5,0,0,1,0,632,0,0,0,0,0,0,0,nan,nan,nan,nan,nan,nan,nan
13841,1,5,5,0,0,1,0,632,0,0,0,0,0,0,0,nan,nan,nan,nan,nan,nan,nan
13842,1,5,5,0,0,1,0,632,0,0,0,0,0,0,0,nan,nan,nan,nan,nan,nan,nan
13843,1,5,5,0,1,1,0,632,0,0,0,1,0,0,0,nan,nan,nan,26.592298522058627,nan,nan,nan
13844,1,5,5,0,1,1,0,632,0,0,0,1,0,0,0,nan,nan,nan,nan,nan,nan,nan
13845,1,5,5,0,1,1,0,632,0,0,0,1,0,0,0,nan,nan,nan,nan,nan,nan,nan
13846,1,5,5,0,1,1,0,632,0,2,0,1,0,0,0,nan,14.992042548519748,nan,nan,nan,nan,nan
13847,1,5,5,0,1,1,0,632,0,2,0,1,0,0,0,nan,nan,nan,nan,nan,nan,nan
13848,1,5,5,0,1,1,0,632,0,2,0,1,0,0,0,nan,nan,nan,nan,nan,nan,nan
13849,1,5,5,0,1,1,0,632,0,2,0,1,0,0,0,nan,nan,nan,nan,nan,nan,nan
13850,1,5,5,0,1,1,0,632,0,2,0,1,0,0,0,nan,nan,nan,nan,nan,nan,nan
13851,1,5,5,0,1,1,0,632,0,2,0,1,0,0,0,nan,nan,nan,nan,nan,nan,nan
13852,1,5,5,0,0,2,0,633,0,2,0,1,0,0,1,nan,nan,nan,nan,19.37779537221104,nan,13.243008649815238
13853,1,5,5,0,0,2,0,633,0,2,0,1,0,0,1,nan,nan,nan,nan,nan,nan,nan
13854,1,5,5,0,0,2,0,633,0,2,0,1,0,0,1,nan,nan,nan,nan,nan,nan,nan
13855,1,5,5,0,0,2,0,633,0,2,0,1,0,0,1,nan,nan,nan,nan,nan,nan,nan
13856,1,4,5,0,0,2,0,633,0,0,0,0,0,0,1,nan,nan,33.471601228797226,nan,nan,nan,nan
13857,1,4,5,0,0,2,0,633,0,0,0,0,0,0,1,nan,nan,nan,nan,nan,nan,nan
13858,1,4,5,0,0,2,0,633,0,0,0,0,0,0,1,nan,nan,nan,nan,nan,nan,nan
13859,1,4,5,0,0,2,0,633,0,0,0,0,0,0,1,nan,nan,nan,nan,nan,nan,nan
13860,1,4,5,0,0,2,0,633,0,0,0,0,0,0,1,nan,nan,nan,nan,nan,nan,nan
13861,1,4,5,0,0,2,0,633,0,0,0,0,0,0,1,nan,nan,nan,nan,nan,nan,nan
13862,1,4,5,0,0,2,0,633,0,0,0,0,0,0,1,nan,nan,nan,nan,nan,nan,nan
13863,1,5,5,0,0,3,0,633,0,0,0,0,1,0,1,34.66563270243023,nan,nan,nan,10.941589476762601,nan,nan
13864,1,5,5,0,0,3,0,633,0,0,0,0,1,0,1,nan,nan,nan,nan,nan,nan,nan
13865,1,5,5,0,0,3,0,633,0,0,0,0,1,0,1,nan,nan,nan,nan,nan,nan,nan
13866,1,5,5,0,0,2,0,633,0,0,0,0,1,0,0,nan,nan,nan,nan,nan,27.72043602445774,nan
13867,1,5,5,0,0,2,0,633,0,0,0,0,1,0,0,nan,nan,nan,nan,nan,nan,nan
13868,1,5,5,0,0,2,0,633,0,0,0,0,1,0,0,nan,nan,nan,nan,nan,nan,nan
13869,1,5,5,0,0,2,0,633,0,0,0,1,0,0,0,nan,nan,nan,25.342520808149857,nan,nan,nan
13870,1,5,5,0,0,2,0,633,0,0,0,1,0,0,0,nan,nan,nan,nan,nan,nan,nan
13871,1,5,5,0,0,2,0,633,0,0,0,1,0,0,0,nan,nan,nan,nan,nan,nan,nan
13872,1,5,5,0,0,2,0,633,0,0,0,1,0,0,0,nan,nan,nan,nan,nan,nan,nan
13873,1,5,5,0,0,2,0,633,0,0,0,1,0,0,0,nan,nan,nan,nan,nan,nan,nan
13874,1,5,5,0,0,2,0,633,0,0,0,1,0,0,0,nan,nan,nan,nan,nan,nan,nan
13875,1,5,5,0,0,2,0,633,0,2,0,1,0,0,0,nan,29.4871058576864,nan,nan,nan,nan,nan
13876,1,5,5,0,0,2,0,633,0,2,0,1,0,0,0,nan,nan,nan,nan,nan,nan,nan
13877,1,5,5,0,0,1,1,633,0,2,0,1,0,0,0,nan,nan,nan,nan,nan,10.94682218892558,nan
13878,1,5,5,0,0,1,1,633,2,2,0,1,0,0,0,15.580090172061318,nan,nan,nan,nan,nan,nan
13879,1,5,5,0,0,1,1,633,2,2,0,1,0,0,0,nan,nan,nan,nan,nan,nan,nan
13880,1,5,5,0,0,1,1,633,2,2,0,1,0,0,0,nan,nan,nan,nan,nan,nan,nan
13881,1,5,5,0,0,1,1,633,0,0,0,0,0,0,0,nan,nan,24.458907775577245,nan,nan,nan,nan
13882,1,5,5,0,0,1,1,633,0,0,0,0,0,0,0,nan,nan,nan,nan,nan,nan,nan
13883,1,5,5,0,0,1,1,633,0,0,0,0,0,0,0,nan,nan,nan,nan,nan,nan,nan
13884,1,5,5,0,0,1,1,633,0,0,0,0,0,0,0,nan,nan,nan,nan,nan,nan,nan
13885,1,5,5,0,0,1,1,633,0,0,0,0,0,0,0,nan,nan,nan,nan,nan,nan,nan
13886,1,5,5,0,0,1,0,634,0,0,0,0,0,0,0,nan,nan,nan,nan,nan,nan,34.06480607024787
13887,1,5,5,0,0,1,0,634,0,0,0,0,0,0,0,nan,nan,nan,nan,nan,nan,nan
13888,1,5,5,0,0,2,0,634,0,0,0,0,1,0,0,nan,nan,nan,nan,25.348506854947118,nan,nan
13889,1,5,5,0,0,2,0,634,0,0,0,0,1,0,0,nan,nan,nan,nan,nan,nan,nan
13890,1,5,5,0,0,2,0,634,0,0,0,0,1,0,0,nan,nan,nan,nan,nan,nan,nan
13891,1,5,5,0,0,2,0,634,0,0,0,0,1,0,0,nan,nan,nan,nan,nan,nan,nan
13892,1,5,5,0,0,1,1,634,0,0,0,0,1,0,0,nan,nan,nan,nan,nan,14.979112904222347,nan
13893,1,5,5,0,0,1,1,634,2,0,0,0,1,0,0,14.328963463378386,nan,nan,nan,nan,nan,nan
13894,1,5,5,0,0,1,1,634,2,0,0,0,1,0,0,nan,nan,nan,nan,nan,nan,nan
13895,1,5,5,0,0,1,1,634,2,0,0,0,1,0,0,nan,nan,nan,nan,nan,nan,nan
13896,1,5,5,0,0,1,1,634,2,0,0,0,1,0,0,nan,nan,nan,nan,nan,nan,nan
13897,1,5,5,0,0,1,0,635,2,0,0,1,0,0,0,nan,nan,nan,27.75400207885832,nan,nan,11.089553243473347
13898,1,5,5,0,0,1,0,635,2,0,0,1,0,0,0,nan,nan,nan,nan,nan,nan,nan
13899,1,5,5,0,0,1,0,635,2,0,0,1,0,0,0,nan,nan,nan,nan,nan,nan,nan
13900,1,5,5,0,0,1,0,635,0,0,0,0,0,0,0,nan,24.887240694110005,19.560987636567006,nan,nan,nan,nan
13901,1,5,5,0,0,1,0,635,0,0,0,0,0,0,0,nan,nan,nan,nan,nan,nan,nan
13902,1,5,5,0,0,1,0,635,0,0,0,0,0,0,0,nan,nan,nan,nan,nan,nan,nan
13903,1,5,5,0,0,1,0,635,0,0,0,0,0,0,0,nan,nan,nan,nan,nan,nan,nan
13904,1,5,5,0,0,1,0,635,0,0,0,0,0,0,0,nan,nan,nan,nan,nan,nan,nan
13905,1,5,5,0,0,1,0,635,0,0,0,0,0,0,0,nan,nan,nan,nan,nan,nan,nan
13906,1,5,5,0,0,1,0,635,0,0,0,0,0,0,0,nan,nan,nan,nan,nan,nan,nan
13907,1,5,5,0,0,1,0,635,0,0,0,0,0,0,0,nan,nan,nan,nan,nan,nan,nan
13908,1,5,5,0,0,1,0,635,0,0,0,0,0,0,0,nan,nan,nan,nan,nan,nan,nan
13909,1,5,5,0,0,1,0,635,0,0,0,0,0,0,0,nan,nan,nan,nan,nan,nan,nan
13910,1,5,5,0,0,1,0,635,0,0,0,0,0,0,0,nan,nan,nan,nan,nan,nan,nan
13911,1,5,5,0,0,1,0,635,0,0,0,0,0,0,0,nan,nan,nan,nan,nan,nan,nan
13912,1,5,5,0,0,1,0,635,0,0,0,0,0,0,0,nan,nan,nan,nan,nan,nan,nan
13913,1,5,5,0,0,1,0,635,0,0,0,0,0,0,0,nan,nan,nan,nan,nan,nan,nan
13914,1,5,5,0,0,1,0,635,0,0,0,0,0,0,0,nan,nan,nan,nan,nan,nan,nan
13915,1,5,5,0,0,1,0,635,0,0,0,0,0,0,0,nan,nan,nan,nan,nan,nan,nan
13916,1,5,5,0,0,1,0,635,0,0,0,0,0,0,0,nan,nan,nan,nan,nan,nan,nan
13917,1,5,5,0,0,1,0,635,0,0,0,0,0,0,0,nan,nan,nan,nan,nan,nan,nan
13918,1,5,5,0,0,1,0,635,0,0,0,0,0,0,0,nan,nan,nan,nan,nan,nan,nan
13919,1,5,5,0,0,0,1,635,0,0,0,0,0,0,0,nan,nan,nan,nan,nan,27.037106131185283,nan
13920,1,5,5,0,0,0,1,635,2,0,0,0,0,0,0,27.497826694780088,nan,nan,nan,nan,nan,nan
13921,1,5,5,0,1,0,1,635,2,0,0,1,0,0,0,nan,nan,nan,24.73321440154905,nan,nan,nan
13922,1,5,5,0,1,0,1,635,2,0,0,1,0,0,0,nan,nan,nan,nan,nan,nan,nan
13923,1,5,5,0,0,1,1,635,2,0,0,1,0,0,0,nan,nan,nan,nan,34.44059410857699,nan,nan
13924,1,5,5,0,0,1,1,635,2,2,0,1,0,0,0,nan,23.744481359333804,nan,nan,nan,nan,nan
13925,1,5,5,0,0,1,0,636,0,0,0,0,0,0,0,nan,nan,24.58807142965634,nan,nan,nan,27.140425187079018
13926,1,5,5,0,0,1,0,636,0,0,0,0,0,0,0,nan,nan,nan,nan,nan,nan,nan
13927,1,5,5,0,0,1,0,636,0,0,0,0,0,0,0,nan,nan,nan,nan,nan,nan,nan
13928,1,5,5,0,0,1,0,636,0,0,0,0,0,0,0,nan,nan,nan,nan,nan,nan,nan
13929,1,5,5,0,0,1,0,636,0,0,0,0,0,0,0,nan,nan,nan,nan,nan,nan,nan
13930,1,5,5,0,0,1,0,636,0,0,0,0,0,0,0,nan,nan,nan,nan,nan,nan,nan
13931,1,5,5,0,0,1,0,636,0,0,0,0,0,0,0,nan,nan,nan,nan,nan,nan,nan
13932,1,5,5,0,0,2,0,636,0,0,0,0,1,0,0,nan,nan,nan,nan,9.240633907491429,nan,nan
13933,1,5,5,0,0,1,1,636,0,0,0,0,1,0,0,nan,nan,nan,nan,nan,13.469351064206421,nan
13934,1,5,5,0,0,1,1,636,0,0,0,0,1,0,0,nan,nan,nan,nan,nan,nan,nan
13935,1,5,5,0,0,1,1,636,0,0,0,0,1,0,0,nan,nan,nan,nan,nan,nan,nan
13936,1,5,5,0,0,1,1,636,2,0,0,0,1,0,0,15.813287806509834,nan,nan,nan,nan,nan,nan
13937,1,5,5,0,0,1,1,636,2,0,0,0,1,0,0,nan,nan,nan,nan,nan,nan,nan
13938,1,5,5,0,0,1,1,636,2,0,0,0,1,0,0,nan,nan,nan,nan,nan,nan,nan
13939,1,5,5,0,0,1,1,636,2,0,0,0,1,0,0,nan,nan,nan,nan,nan,nan,nan
13940,1,5,5,0,0,1,1,636,2,0,0,0,1,0,0,nan,nan,nan,nan,nan,nan,nan
13941,1,5,5,0,0,1,0,637,2,0,0,0,1,0,0,nan,nan,nan,nan,nan,nan,16.189136281820538
13942,1,5,4,0,0,1,0,637,2,0,0,0,0,0,0,nan,nan,17.505788872547782,21.247716065194254,nan,nan,nan
13943,1,5,4,0,0,1,0,637,2,0,0,0,0,0,0,nan,nan,nan,nan,nan,nan,nan
13944,1,5,4,0,0,1,0,637,2,0,0,0,0,0,0,nan,nan,nan,nan,nan,nan,nan
13945,1,5,4,0,0,1,0,637,2,0,0,0,0,0,0,nan,nan,nan,nan,nan,nan,nan
13946,1,5,4,0,0,1,0,637,2,0,0,0,0,0,0,nan,nan,nan,nan,nan,nan,nan
13947,1,5,4,0,0,1,0,637,2,0,0,0,0,0,0,nan,nan,nan,nan,nan,nan,nan
13948,1,5,4,0,0,1,0,637,2,0,0,0,0,0,0,nan,nan,nan,nan,nan,nan,nan
13949,1,5,4,0,0,1,0,637,2,0,0,0,0,0,0,nan,nan,nan,nan,nan,nan,nan
13950,1,5,4,0,0,1,0,637,2,0,0,0,0,0,0,nan,nan,nan,nan,nan,nan,nan
13951,1,5,5,0,0,1,0,637,0,0,0,0,0,0,0,nan,26.750025053877835,nan,nan,nan,nan,nan
13952,1,5,5,0,0,1,0,637,0,0,0,0,0,0,0,nan,nan,nan,nan,nan,nan,nan
13953,1,5,5,0,0,0,0,638,0,0,0,0,0,0,0,nan,nan,nan,nan,nan,19.977457740595128,11.796836669482218
13954,1,5,5,0,0,1,0,638,0,0,0,0,1,0,0,nan,nan,nan,nan,21.655341521825903,nan,nan
13955,1,5,5,0,0,1,0,638,0,0,0,0,1,0,0,nan,nan,nan,nan,nan,nan,nan
13956,1,5,5,0,0,1,0,638,0,0,0,0,1,0,0,nan,nan,nan,nan,nan,nan,nan
13957,1,5,5,0,0,1,0,638,0,0,0,0,1,0,0,nan,nan,nan,nan,nan,nan,nan
13958,1,5,5,0,0,1,0,638,0,0,0,0,1,0,0,nan,nan,nan,nan,nan,nan,nan
13959,1,5,4,1,0,1,0,638,0,0,0,0,1,0,0,nan,nan,16.641768772176874,nan,nan,nan,nan
13960,1,5,4,1,0,1,0,638,0,0,0,0,1,0,0,nan,nan,nan,nan,nan,nan,nan
13961,1,5,4,1,0,1,0,638,0,0,0,0,1,0,0,nan,nan,nan,nan,nan,nan,nan
13962,1,5,4,0,0,1,0,638,0,0,0,0,0,0,0,nan,nan,nan,19.881792622391004,nan,nan,nan
13963,1,4,5,0,0,1,0,638,0,0,0,0,0,0,0,nan,11.762839357968915,nan,nan,nan,nan,nan
13964,1,4,5,0,0,1,0,638,0,0,0,0,0,0,0,nan,nan,nan,nan,nan,nan,nan
13965,1,4,5,0,0,1,0,638,0,0,0,0,0,0,0,nan,nan,nan,nan,nan,nan,nan
13966,1,4,5,0,0,1,0,638,0,0,0,0,0,0,0,nan,nan,nan,nan,nan,nan,nan
13967,1,4,5,0,0,0,1,638,0,0,0,0,0,0,0,nan,nan,nan,nan,nan,14.442457423172527,nan
13968,1,4,5,0,0,0,1,638,0,0,0,0,0,0,0,nan,nan,nan,nan,nan,nan,nan
13969,1,4,5,0,0,0,1,638,0,0,0,0,0,0,0,nan,nan,nan,nan,nan,nan,nan
13970,1,4,5,0,0,0,1,638,0,0,0,0,0,0,0,nan,nan,nan,nan,nan,nan,nan
13971,1,4,5,0,0,0,1,638,0,0,0,0,0,0,0,nan,nan,nan,nan,nan,nan,nan
13972,1,4,5,0,0,0,0,639,0,0,0,0,0,0,0,nan,nan,nan,nan,nan,nan,19.475892851169192
13973,1,5,5,0,0,0,0,639,0,0,0,0,0,0,0,36.74119568198512,nan,nan,nan,nan,nan,nan
13974,1,5,4,1,0,0,0,639,0,0,0,0,0,0,0,nan,nan,14.793300276696755,nan,nan,nan,nan
13975,1,5,4,1,0,0,0,639,0,0,0,0,0,0,0,nan,nan,nan,nan,nan,nan,nan
13976,1,5,4,0,1,0,0,639,0,0,0,0,0,0,0,nan,nan,nan,13.31998875705358,nan,nan,nan
13977,1,5,4,0,0,1,0,639,0,0,0,0,0,0,0,nan,nan,nan,nan,23.822054704029142,nan,nan
13978,1,5,4,0,0,1,0,639,0,0,0,0,0,0,0,nan,nan,nan,nan,nan,nan,nan
13979,1,4,5,0,0,1,0,639,0,0,0,0,0,0,0,nan,16.796009582905754,nan,nan,nan,nan,nan
13980,1,4,5,0,0,0,1,639,0,0,0,0,0,0,0,nan,nan,nan,nan,nan,12.41870148291855,nan
13981,1,4,5,0,0,0,1,639,0,0,0,0,0,0,0,nan,nan,nan,nan,nan,nan,nan
13982,1,4,5,0,0,0,1,639,0,0,0,0,0,0,0,nan,nan,nan,nan,nan,nan,nan
13983,1,4,5,0,0,0,1,639,0,0,0,0,0,0,0,nan,nan,nan,nan,nan,nan,nan
13984,1,4,5,0,0,0,1,639,0,0,0,0,0,0,0,nan,nan,nan,nan,nan,nan,nan
13985,1,4,5,0,0,0,1,639,0,0,0,0,0,0,0,nan,nan,nan,nan,nan,nan,nan
13986,1,4,5,0,0,0,1,639,0,0,0,0,0,0,0,nan,nan,nan,nan,nan,nan,nan
13987,1,4,5,0,0,0,0,640,0,0,0,0,0,0,0,nan,nan,nan,nan,nan,nan,15.235479575483623
13988,1,4,5,0,0,0,0,640,0,0,0,0,0,0,0,nan,nan,nan,nan,nan,nan,nan
13989,1,4,4,1,0,1,0,640,0,0,0,0,1,0,0,nan,nan,15.605007644839134,nan,11.694914184086883,nan,nan
13990,1,4,5,1,0,0,1,640,0,0,0,0,1,0,0,17.225176669939174,10.159988666951904,nan,nan,nan,10.58393915839224,nan
13991,1,4,5,1,0,0,1,640,0,0,0,0,1,0,0,nan,nan,nan,nan,nan,nan,nan
13992,1,4,5,0,0,0,1,640,0,0,0,0,0,0,0,nan,nan,nan,16.002635829281644,nan,nan,nan
13993,1,4,5,0,0,0,1,640,0,0,0,0,0,0,0,nan,nan,nan,nan,nan,nan,nan
13994,1,4,5,0,0,0,1,640,0,0,0,0,0,0,0,nan,nan,nan,nan,nan,nan,nan
13995,1,4,5,0,0,0,1,640,0,0,0,0,0,0,0,nan,nan,nan,nan,nan,nan,nan
13996,1,4,5,0,0,0,1,640,0,0,0,0,0,0,0,nan,nan,nan,nan,nan,nan,nan
13997,1,4,5,0,0,0,1,640,0,0,0,0,0,0,0,nan,nan,nan,nan,nan,nan,nan
13998,1,4,5,0,0,0,1,640,0,0,0,0,0,0,0,nan,nan,nan,nan,nan,nan,nan
13999,1,4,5,0,0,0,1,640,0,0,0,0,0,0,0,nan,nan,nan,nan,nan,nan,nan
14000,1,4,5,0,0,0,2,640,0,0,0,0,0,1,0,nan,nan,nan,nan,nan,10.09109862911464,nan
14001,1,4,5,0,0,0,2,640,0,0,0,0,0,1,0,nan,nan,nan,nan,nan,nan,nan
14002,1,4,5,0,0,0,2,640,0,0,0,0,0,1,0,nan,nan,nan,nan,nan,nan,nan
14003,1,5,5,0,0,0,2,640,0,0,0,0,0,1,0,13.343116536252637,nan,nan,nan,nan,nan,nan
14004,1,5,5,0,0,0,2,640,0,0,0,0,0,1,0,nan,nan,nan,nan,nan,nan,nan
14005,1,5,5,0,0,0,1,641,0,0,0,0,0,1,0,nan,nan,nan,nan,nan,nan,17.360777489679094
14006,1,5,5,0,0,0,1,641,0,0,0,0,0,1,0,nan,nan,nan,nan,nan,nan,nan
14007,1,5,5,0,0,0,1,641,0,0,0,0,0,1,0,nan,nan,nan,nan,nan,nan,nan
14008,1,5,5,0,1,0,1,641,0,0,0,1,0,1,0,nan,nan,nan,16.018671529363928,nan,nan,nan
14009,1,5,5,0,1,0,1,641,0,0,0,1,0,1,0,nan,nan,nan,nan,nan,nan,nan
14010,1,5,5,0,1,0,1,641,0,0,0,1,0,1,0,nan,nan,nan,nan,nan,nan,nan
14011,1,5,5,0,1,0,1,641,0,0,0,1,0,1,0,nan,nan,nan,nan,nan,nan,nan
14012,1,5,5,0,1,0,1,641,0,0,0,1,0,1,0,nan,nan,nan,nan,nan,nan,nan
14013,1,5,5,0,1,0,1,641,0,0,0,1,0,1,0,nan,nan,nan,nan,nan,nan,nan
14014,1,5,5,0,1,0,1,641,0,0,0,1,0,1,0,nan,nan,nan,nan,nan,nan,nan
14015,1,5,5,0,0,0,1,641,0,0,0,1,0,0,0,nan,nan,nan,nan,25.722364004039264,nan,nan
14016,1,5,5,0,0,0,1,641,0,2,0,1,0,0,0,nan,26.81869933366761,nan,nan,nan,nan,nan
14017,1,5,5,0,0,0,1,641,0,2,0,1,0,0,0,nan,nan,nan,nan,nan,nan,nan
14018,1,5,5,0,0,0,0,642,0,2,0,1,0,0,0,nan,nan,nan,nan,nan,nan,13.029292645169335
14019,1,4,5,0,0,0,0,642,0,0,0,0,0,0,0,nan,nan,29.67212965998442,nan,nan,nan,nan
14020,1,4,5,0,0,0,0,642,0,0,0,0,0,0,0,nan,nan,nan,nan,nan,nan,nan
14021,1,4,5,0,0,0,0,642,0,0,0,0,0,0,0,nan,nan,nan,nan,nan,nan,nan
14022,1,5,5,0,0,0,0,642,0,0,0,0,0,0,0,18.684121666343344,nan,nan,nan,nan,nan,nan
14023,1,5,5,0,0,0,0,642,0,0,0,0,0,0,0,nan,nan,nan,nan,nan,nan,nan
14024,1,5,5,0,0,0,0,642,0,0,0,0,0,0,0,nan,nan,nan,nan,nan,nan,nan
14025,1,5,5,0,0,0,0,642,0,0,0,0,0,0,0,nan,nan,nan,nan,nan,nan,nan
14026,1,5,5,0,0,1,0,642,0,0,0,0,1,0,0,nan,nan,nan,nan,11.040862128531444,nan,nan
14027,1,5,5,0,0,1,0,642,0,0,0,0,1,0,0,nan,nan,nan,nan,nan,nan,nan
14028,1,5,5,0,0,0,1,642,0,0,0,0,1,0,0,nan,nan,nan,nan,nan,27.150273692284827,nan
14029,1,5,5,0,0,0,1,642,0,0,0,0,1,0,0,nan,nan,nan,nan,nan,nan,nan
14030,1,5,5,0,0,0,1,642,0,0,0,0,1,0,0,nan,nan,nan,nan,nan,nan,nan
14031,1,5,5,0,0,0,1,642,0,0,0,1,0,0,0,nan,nan,nan,23.497176502944058,nan,nan,nan
14032,1,5,5,0,0,0,0,643,0,2,0,1,0,0,0,nan,15.866717141081608,nan,nan,nan,nan,14.178757412997584
14033,1,5,5,0,0,0,0,643,0,2,0,1,0,0,0,nan,nan,nan,nan,nan,nan,nan
14034,1,5,5,0,0,0,0,643,0,2,0,1,0,0,0,nan,nan,nan,nan,nan,nan,nan
14035,1,5,5,0,0,0,0,643,0,2,0,1,0,0,0,nan,nan,nan,nan,nan,nan,nan
14036,1,5,5,0,0,0,0,643,0,2,0,1,0,0,0,nan,nan,nan,nan,nan,nan,nan
14037,1,5,5,0,0,0,0,643,0,2,0,1,0,0,0,nan,nan,nan,nan,nan,nan,nan
14038,1,5,5,0,0,0,0,643,0,2,0,1,0,0,0,nan,nan,nan,nan,nan,nan,nan
14039,1,5,5,0,0,0,1,643,0,2,0,1,0,1,0,nan,nan,nan,nan,nan,11.27268940747308,nan
14040,1,5,5,0,0,0,1,643,0,2,0,1,0,1,0,nan,nan,nan,nan,nan,nan,nan
14041,1,5,5,0,0,0,1,643,0,2,0,1,0,1,0,nan,nan,nan,nan,nan,nan,nan
14042,1,5,5,0,0,0,1,643,0,2,0,1,0,1,0,nan,nan,nan,nan,nan,nan,nan
14043,1,5,5,0,0,0,1,643,0,2,0,1,0,1,0,nan,nan,nan,nan,nan,nan,nan
14044,1,5,5,0,0,0,1,643,0,2,0,1,0,1,0,nan,nan,nan,nan,nan,nan,nan
14045,1,5,5,0,0,0,1,643,0,2,0,1,1,0,0,nan,nan,nan,nan,18.757207480821307,nan,nan
14046,1,5,5,0,0,0,1,643,0,2,0,1,1,0,0,nan,nan,nan,nan,nan,nan,nan
14047,1,5,5,0,0,0,1,643,0,2,0,1,1,0,0,nan,nan,nan,nan,nan,nan,nan
14048,1,5,5,0,0,0,1,643,0,2,0,1,1,0,0,nan,nan,nan,nan,nan,nan,nan
14049,1,5,5,0,0,0,1,643,0,2,0,1,1,0,0,nan,nan,nan,nan,nan,nan,nan
14050,1,5,5,0,0,0,1,643,2,2,0,1,1,0,0,27.652970423536317,nan,nan,nan,nan,nan,nan
14051,1,5,5,0,0,0,0,644,2,2,0,1,1,0,0,nan,nan,nan,nan,nan,nan,19.427959136612117
14052,1,5,5,0,0,0,0,644,2,2,0,1,1,0,0,nan,nan,nan,nan,nan,nan,nan
14053,1,5,5,0,0,0,0,644,2,2,0,1,1,0,0,nan,nan,nan,nan,nan,nan,nan
14054,1,5,5,0,0,0,0,644,2,2,0,1,1,0,0,nan,nan,nan,nan,nan,nan,nan
14055,1,5,5,0,0,0,0,644,2,2,0,1,1,0,0,nan,nan,nan,nan,nan,nan,nan
14056,1,5,5,0,0,0,1,644,2,2,0,1,1,1,0,nan,nan,nan,nan,nan,16.990758876270775,nan
14057,1,5,5,0,0,0,1,644,2,2,0,1,1,1,0,nan,nan,nan,nan,nan,nan,nan
14058,1,5,5,0,0,0,1,644,2,2,0,1,1,1,0,nan,nan,nan,nan,nan,nan,nan
14059,1,5,5,0,0,0,1,644,2,2,0,1,1,1,0,nan,nan,nan,nan,nan,nan,nan
14060,1,5,5,0,0,0,1,644,2,2,0,1,1,1,0,nan,nan,nan,nan,nan,nan,nan
14061,1,5,5,0,0,0,1,644,0,0,0,0,1,1,0,nan,nan,41.92235396591241,nan,nan,nan,nan
14062,1,5,5,0,0,0,1,644,0,0,0,0,1,1,0,nan,nan,nan,nan,nan,nan,nan
14063,1,5,5,0,0,0,1,644,0,0,0,0,1,1,0,nan,nan,nan,nan,nan,nan,nan
14064,1,5,5,0,0,0,1,644,0,0,0,0,1,1,0,nan,nan,nan,nan,nan,nan,nan
14065,1,5,5,0,0,0,0,645,0,0,0,0,1,1,0,nan,nan,nan,nan,nan,nan,13.277123402247526
14066,1,5,5,0,0,0,0,645,0,0,0,0,1,1,0,nan,nan,nan,nan,nan,nan,nan
14067,1,5,5,0,0,0,0,645,0,0,0,0,1,1,0,nan,nan,nan,nan,nan,nan,nan
14068,1,5,5,0,0,0,0,645,0,0,0,0,1,1,0,nan,nan,nan,nan,nan,nan,nan
14069,1,5,5,0,0,0,0,645,0,0,0,0,1,1,0,nan,nan,nan,nan,nan,nan,nan
14070,1,5,5,0,0,0,0,645,0,0,0,0,1,1,0,nan,nan,nan,nan,nan,nan,nan
14071,1,5,5,0,0,0,0,645,2,0,0,0,1,1,0,21.291875759174218,nan,nan,nan,nan,nan,nan
14072,1,5,5,0,0,0,0,645,2,0,0,0,1,1,0,nan,nan,nan,nan,nan,nan,nan
14073,1,5,4,0,0,0,0,645,2,0,0,0,0,1,0,nan,nan,12.429612657868347,42.07518106234602,nan,nan,nan
14074,1,5,4,0,0,0,0,645,2,0,0,0,0,1,0,nan,nan,nan,nan,nan,nan,nan
14075,1,5,5,0,0,0,0,645,0,0,0,0,0,1,0,nan,42.51519349604314,nan,nan,nan,nan,nan
14076,1,5,5,0,0,0,0,646,0,0,0,0,0,1,1,nan,nan,nan,nan,nan,nan,11.668850819201907
14077,1,5,5,0,0,0,0,646,0,0,0,0,0,1,1,nan,nan,nan,nan,nan,nan,nan
14078,1,5,5,0,0,0,0,646,0,0,0,0,0,1,1,nan,nan,nan,nan,nan,nan,nan
14079,1,5,5,0,0,0,0,646,0,0,0,0,0,1,1,nan,nan,nan,nan,nan,nan,nan
14080,1,5,5,0,0,0,0,646,0,0,0,0,0,1,1,nan,nan,nan,nan,nan,nan,nan
14081,1,5,5,0,0,0,0,646,0,0,0,0,0,1,1,nan,nan,nan,nan,nan,nan,nan
14082,1,5,5,0,0,0,0,646,0,0,0,0,0,1,1,nan,nan,nan,nan,nan,nan,nan
14083,1,5,5,0,0,0,0,646,0,0,0,0,0,1,1,nan,nan,nan,nan,nan,nan,nan
14084,1,5,5,0,0,0,0,646,0,0,0,0,0,1,1,nan,nan,nan,nan,nan,nan,nan
14085,1,5,5,0,0,0,0,646,0,0,0,0,0,1,1,nan,nan,nan,nan,nan,nan,nan
14086,1,5,5,0,1,0,0,646,0,0,0,1,0,1,1,nan,nan,nan,12.618424873140611,nan,nan,nan
14087,1,5,5,0,1,0,0,646,0,0,0,1,0,1,1,nan,nan,nan,nan,nan,nan,nan
14088,1,5,4,0,1,0,0,646,0,0,0,0,0,1,1,nan,nan,14.635660136566003,nan,nan,nan,nan
14089,1,4,5,0,1,0,0,646,0,0,0,0,0,1,1,nan,14.477370860620795,nan,nan,nan,nan,nan
14090,1,4,5,0,1,0,0,646,0,0,0,0,0,1,1,nan,nan,nan,nan,nan,nan,nan
14091,1,4,5,0,0,0,0,646,0,0,0,0,0,0,1,nan,nan,nan,nan,46.29251572488647,nan,nan
14092,1,4,5,0,0,0,0,646,0,0,0,0,0,0,1,nan,nan,nan,nan,nan,nan,nan
14093,1,4,5,0,0,0,0,646,0,0,0,0,0,0,1,nan,nan,nan,nan,nan,nan,nan
14094,1,4,5,0,0,0,0,646,0,0,0,0,0,0,1,nan,nan,nan,nan,nan,nan,nan
14095,1,4,5,0,0,0,0,646,0,0,0,0,0,0,1,nan,nan,nan,nan,nan,nan,nan
14096,1,4,5,0,0,0,0,646,0,0,0,0,0,0,1,nan,nan,nan,nan,nan,nan,nan
14097,1,5,5,0,0,0,0,646,0,0,0,0,0,0,1,26.453693126646613,nan,nan,nan,nan,nan,nan
14098,1,5,5,0,0,0,0,646,0,0,0,0,0,0,1,nan,nan,nan,nan,nan,nan,nan
14099,1,5,5,0,1,0,0,646,0,0,0,1,0,0,1,nan,nan,nan,13.216792465507751,nan,nan,nan
14100,1,5,5,0,1,0,0,646,0,2,0,1,0,0,1,nan,11.039038330291078,nan,nan,nan,nan,nan
14101,1,5,5,0,1,0,0,646,0,2,0,1,0,0,1,nan,nan,nan,nan,nan,nan,nan
14102,1,5,5,0,1,0,0,646,0,2,0,1,0,0,1,nan,nan,nan,nan,nan,nan,nan
14103,1,5,5,0,0,1,0,646,0,2,0,1,0,0,1,nan,nan,nan,nan,11.940674914978445,nan,nan
14104,1,4,5,0,0,1,0,646,0,0,0,0,0,0,1,nan,nan,15.69510657857245,nan,nan,nan,nan
14105,1,4,5,0,0,1,0,646,0,0,0,0,0,0,1,nan,nan,nan,nan,nan,nan,nan
14106,1,4,5,0,0,1,0,646,0,0,0,0,0,0,1,nan,nan,nan,nan,nan,nan,nan
14107,1,4,5,0,0,1,0,646,0,0,0,0,0,0,1,nan,nan,nan,nan,nan,nan,nan
14108,1,4,5,0,0,1,0,646,0,0,0,0,0,0,1,nan,nan,nan,nan,nan,nan,nan
14109,1,4,5,0,0,1,0,646,0,0,0,0,0,0,1,nan,nan,nan,nan,nan,nan,nan
14110,1,4,5,0,0,1,0,646,0,0,0,0,0,0,1,nan,nan,nan,nan,nan,nan,nan
14111,1,4,5,0,0,1,0,646,0,0,0,0,0,0,1,nan,nan,nan,nan,nan,nan,nan
14112,1,4,5,0,0,1,0,646,0,0,0,0,0,0,1,nan,nan,nan,nan,nan,nan,nan
14113,1,4,5,0,0,1,0,646,0,0,0,0,0,0,1,nan,nan,nan,nan,nan,nan,nan
14114,1,4,5,0,0,2,0,646,0,0,0,0,1,0,1,nan,nan,nan,nan,10.97859670042817,nan,nan
14115,1,4,5,0,0,2,0,646,0,0,0,0,1,0,1,nan,nan,nan,nan,nan,nan,nan
14116,1,4,5,0,0,2,0,646,0,0,0,0,1,0,1,nan,nan,nan,nan,nan,nan,nan
14117,1,4,5,0,0,2,0,646,0,0,0,1,0,0,1,nan,nan,nan,17.866007042402998,nan,nan,nan
14118,1,4,5,0,0,2,0,646,0,0,0,1,0,0,1,nan,nan,nan,nan,nan,nan,nan
14119,1,4,5,0,0,1,0,646,0,0,0,1,0,0,0,nan,nan,nan,nan,nan,63.17625558752843,nan
14120,1,4,5,0,0,1,0,646,0,0,0,1,0,0,0,nan,nan,nan,nan,nan,nan,nan
14121,1,5,4,0,0,1,0,646,0,0,0,0,0,0,0,23.60280382475139,nan,17.010790473652378,nan,nan,nan,nan
14122,1,4,5,0,0,1,0,646,0,0,0,0,0,0,0,nan,21.901143397528358,nan,nan,nan,nan,nan
14123,1,4,5,0,0,1,0,646,0,0,0,0,0,0,0,nan,nan,nan,nan,nan,nan,nan
14124,1,4,5,0,0,1,0,646,0,0,0,0,0,0,0,nan,nan,nan,nan,nan,nan,nan
14125,1,4,5,0,0,1,0,646,0,0,0,0,0,0,0,nan,nan,nan,nan,nan,nan,nan
14126,1,4,5,0,0,1,0,646,0,0,0,0,0,0,0,nan,nan,nan,nan,nan,nan,nan
14127,1,4,5,0,0,1,0,646,0,0,0,0,0,0,0,nan,nan,nan,nan,nan,nan,nan
14128,1,4,5,0,0,1,0,646,0,0,0,0,0,0,0,nan,nan,nan,nan,nan,nan,nan
14129,1,4,5,0,0,1,0,646,0,0,0,0,0,0,0,nan,nan,nan,nan,nan,nan,nan
14130,1,4,5,0,0,1,0,646,0,0,0,0,0,0,0,nan,nan,nan,nan,nan,nan,nan
14131,1,4,5,0,0,1,0,646,0,0,0,0,0,0,0,nan,nan,nan,nan,nan,nan,nan
14132,1,4,5,0,0,1,0,646,0,2,0,0,0,0,0,nan,9.470747903720621,nan,nan,nan,nan,nan
14133,1,4,5,0,0,1,0,646,0,2,0,0,0,0,0,nan,nan,nan,nan,nan,nan,nan
14134,1,4,5,0,0,1,0,646,0,2,0,0,0,0,0,nan,nan,nan,nan,nan,nan,nan
14135,1,4,5,0,0,1,0,646,0,2,0,0,0,0,0,nan,nan,nan,nan,nan,nan,nan
14136,1,4,5,0,0,1,0,646,0,2,0,0,0,0,0,nan,nan,nan,nan,nan,nan,nan
14137,1,4,5,0,0,1,0,646,0,2,0,0,0,0,0,nan,nan,nan,nan,nan,nan,nan
14138,1,3,5,1,0,1,0,647,0,0,0,0,0,0,1,nan,nan,17.388118896567903,nan,nan,nan,61.42944729648116
14139,1,3,5,1,0,1,0,647,0,0,0,0,0,0,1,nan,nan,nan,nan,nan,nan,nan
14140,1,3,5,1,0,1,0,647,0,0,0,0,0,0,1,nan,nan,nan,nan,nan,nan,nan
14141,1,3,5,1,0,1,0,647,0,0,0,0,0,0,1,nan,nan,nan,nan,nan,nan,nan
14142,1,3,5,1,0,1,0,647,0,0,0,0,0,0,1,nan,nan,nan,nan,nan,nan,nan
14143,1,4,5,1,0,1,0,647,0,0,0,0,1,0,0,22.27931569608154,nan,nan,nan,28.651523808804995,24.414168210341813,nan
14144,1,4,5,1,0,1,0,647,0,0,0,0,1,0,0,nan,nan,nan,nan,nan,nan,nan
14145,1,4,5,1,0,1,0,647,0,0,0,0,1,0,0,nan,nan,nan,nan,nan,nan,nan
14146,1,4,5,1,0,1,0,647,0,0,0,0,1,0,0,nan,nan,nan,nan,nan,nan,nan
14147,1,4,5,1,0,1,0,647,0,0,0,0,1,0,0,nan,nan,nan,nan,nan,nan,nan
14148,1,4,5,1,0,1,0,647,0,0,0,0,1,0,0,nan,nan,nan,nan,nan,nan,nan
14149,1,4,5,1,0,1,0,647,0,0,0,0,1,0,0,nan,nan,nan,nan,nan,nan,nan
14150,1,4,5,1,0,1,0,647,0,0,0,0,1,0,0,nan,nan,nan,nan,nan,nan,nan
14151,1,4,5,1,0,1,0,647,0,0,0,0,1,0,0,nan,nan,nan,nan,nan,nan,nan
14152,1,4,4,2,0,1,0,647,0,0,0,0,1,0,0,nan,nan,13.330528010952548,nan,nan,nan,nan
14153,1,4,4,1,0,1,0,647,0,0,0,0,0,0,0,nan,nan,nan,35.78675969924734,nan,nan,nan
14154,1,4,4,1,0,1,0,647,0,0,0,0,0,0,0,nan,nan,nan,nan,nan,nan,nan
14155,1,4,4,1,0,1,0,648,0,0,0,0,0,0,1,nan,nan,nan,nan,nan,nan,17.62751964756353
14156,1,4,4,1,0,1,0,648,0,0,0,0,0,0,1,nan,nan,nan,nan,nan,nan,nan
14157,1,4,4,1,0,1,0,648,0,0,0,0,0,0,1,nan,nan,nan,nan,nan,nan,nan
14158,1,4,4,1,0,1,0,648,0,0,0,0,0,0,1,nan,nan,nan,nan,nan,nan,nan
14159,1,4,4,1,0,1,0,648,0,0,0,0,0,0,1,nan,nan,nan,nan,nan,nan,nan
14160,1,4,4,1,0,0,0,648,0,0,0,0,0,0,0,nan,nan,nan,nan,nan,16.591977623545972,nan
14161,1,3,5,1,0,0,0,648,0,0,0,0,0,0,0,nan,29.8630149961009,nan,nan,nan,nan,nan
14162,1,3,5,1,0,0,0,648,0,0,0,0,0,0,0,nan,nan,nan,nan,nan,nan,nan
14163,1,3,5,1,0,0,0,648,0,0,0,0,0,0,0,nan,nan,nan,nan,nan,nan,nan
14164,1,3,5,1,0,0,0,648,0,0,0,0,0,0,0,nan,nan,nan,nan,nan,nan,nan
14165,1,3,5,1,0,0,0,648,0,0,0,0,0,0,0,nan,nan,nan,nan,nan,nan,nan
14166,1,3,5,1,0,0,0,648,0,0,0,0,0,0,0,nan,nan,nan,nan,nan,nan,nan
14167,1,3,5,1,0,0,0,648,0,0,0,0,0,0,0,nan,nan,nan,nan,nan,nan,nan
14168,1,3,5,1,0,0,0,648,0,0,0,0,0,0,0,nan,nan,nan,nan,nan,nan,nan
14169,1,3,5,1,0,0,0,648,0,0,0,0,0,0,0,nan,nan,nan,nan,nan,nan,nan
14170,1,3,5,1,0,0,0,648,0,0,0,0,0,0,0,nan,nan,nan,nan,nan,nan,nan
14171,1,3,5,1,0,0,0,649,0,0,0,0,0,0,1,nan,nan,nan,nan,nan,nan,15.282284000701111
14172,1,3,5,1,0,0,0,649,0,0,0,0,0,1,0,nan,nan,nan,nan,nan,12.37711018167829,nan
14173,1,3,5,1,0,0,0,649,0,0,0,0,0,1,0,nan,nan,nan,nan,nan,nan,nan
14174,1,3,5,1,0,0,0,649,0,0,0,0,0,1,0,nan,nan,nan,nan,nan,nan,nan
14175,1,4,5,1,0,0,0,649,0,0,0,0,1,0,0,32.23650303465183,nan,nan,nan,32.48166159635366,nan,nan
14176,1,4,4,2,0,0,0,649,0,0,0,0,1,0,0,nan,nan,24.279929310412626,nan,nan,nan,nan
14177,1,4,4,1,0,0,0,649,0,0,0,0,0,0,0,nan,nan,nan,23.78939830795025,nan,nan,nan
14178,1,4,4,1,0,0,0,649,0,0,0,0,0,0,0,nan,nan,nan,nan,nan,nan,nan
14179,1,4,4,1,0,0,0,649,0,0,0,0,0,0,0,nan,nan,nan,nan,nan,nan,nan
14180,1,3,5,1,0,0,0,649,0,0,0,0,0,0,0,nan,18.66671009979291,nan,nan,nan,nan,nan
14181,1,3,5,1,0,0,0,649,0,0,0,0,0,0,0,nan,nan,nan,nan,nan,nan,nan
14182,1,3,5,1,0,0,0,649,0,0,0,0,0,0,0,nan,nan,nan,nan,nan,nan,nan
14183,1,3,5,1,0,0,0,649,0,0,0,0,0,0,0,nan,nan,nan,nan,nan,nan,nan
14184,1,3,5,1,0,0,0,649,0,0,0,0,0,0,0,nan,nan,nan,nan,nan,nan,nan
14185,1,3,5,1,0,0,0,649,0,0,0,0,0,0,0,nan,nan,nan,nan,nan,nan,nan
14186,1,3,5,1,0,0,0,649,0,0,0,0,0,0,0,nan,nan,nan,nan,nan,nan,nan
14187,1,3,5,1,0,0,0,649,0,0,0,0,0,0,0,nan,nan,nan,nan,nan,nan,nan
14188,1,3,5,0,1,0,0,649,0,0,0,0,0,0,0,nan,nan,nan,11.048586631723083,nan,nan,nan
14189,1,3,5,0,1,0,0,649,0,0,0,0,0,0,0,nan,nan,nan,nan,nan,nan,nan
14190,1,3,5,0,1,0,0,649,0,0,0,0,0,0,0,nan,nan,nan,nan,nan,nan,nan
14191,1,3,5,0,1,0,0,649,0,0,0,0,0,0,0,nan,nan,nan,nan,nan,nan,nan
14192,1,3,5,0,1,0,0,649,0,0,0,0,0,0,0,nan,nan,nan,nan,nan,nan,nan
14193,1,3,5,0,1,0,0,650,0,0,0,0,0,1,0,nan,nan,nan,nan,nan,20.62160419448628,22.00608701442252
14194,1,3,5,0,1,0,0,650,0,0,0,0,0,1,0,nan,nan,nan,nan,nan,nan,nan
14195,1,3,5,0,1,0,0,650,0,0,0,0,0,1,0,nan,nan,nan,nan,nan,nan,nan
14196,1,3,5,0,1,0,0,650,0,0,0,0,0,1,0,nan,nan,nan,nan,nan,nan,nan
14197,1,3,5,0,1,0,0,650,0,0,0,1,0,0,0,nan,nan,nan,9.457090484746004,21.77760629812292,nan,nan
14198,1,3,5,0,1,0,0,650,0,0,0,1,0,0,0,nan,nan,nan,nan,nan,nan,nan
14199,1,3,5,0,1,0,0,650,0,0,0,1,0,0,0,nan,nan,nan,nan,nan,nan,nan
14200,1,3,5,0,1,0,0,650,0,0,0,1,0,0,0,nan,nan,nan,nan,nan,nan,nan
14201,1,4,5,0,1,0,0,650,0,0,0,1,0,0,0,25.666204364451914,nan,nan,nan,nan,nan,nan
14202,1,4,5,0,1,0,0,650,0,0,0,1,0,0,0,nan,nan,nan,nan,nan,nan,nan
14203,1,4,5,0,1,0,0,650,0,0,0,1,0,0,0,nan,nan,nan,nan,nan,nan,nan
14204,1,4,5,0,1,0,0,650,0,0,0,1,0,0,0,nan,nan,nan,nan,nan,nan,nan
14205,1,4,5,0,1,0,0,650,0,0,0,1,0,0,0,nan,nan,nan,nan,nan,nan,nan
14206,1,4,5,0,1,0,0,650,0,0,0,1,0,0,0,nan,nan,nan,nan,nan,nan,nan
14207,1,4,5,0,1,0,0,650,0,2,0,1,0,0,0,nan,26.77535055240878,nan,nan,nan,nan,nan
14208,1,4,5,0,1,0,0,650,0,2,0,1,0,0,0,nan,nan,nan,nan,nan,nan,nan
14209,1,4,5,0,1,0,0,650,0,2,0,1,0,0,0,nan,nan,nan,nan,nan,nan,nan
14210,1,3,5,0,1,0,0,650,0,0,0,0,0,0,0,nan,nan,34.71205283711606,nan,nan,nan,nan
14211,1,3,5,0,1,0,0,650,0,0,0,0,0,0,0,nan,nan,nan,nan,nan,nan,nan
14212,1,3,5,0,1,0,0,650,0,0,0,0,0,0,0,nan,nan,nan,nan,nan,nan,nan
14213,1,3,5,0,0,1,0,650,0,0,0,0,0,0,0,nan,nan,nan,nan,16.089173900632886,nan,nan
14214,1,3,5,0,0,0,1,650,0,0,0,0,0,0,0,nan,nan,nan,nan,nan,20.576153913836606,nan
14215,1,3,5,0,0,0,1,650,0,0,0,0,0,0,0,nan,nan,nan,nan,nan,nan,nan
14216,1,4,5,0,0,0,1,650,0,0,0,0,0,0,0,14.870760902511392,nan,nan,nan,nan,nan,nan
14217,1,4,5,0,0,0,1,650,0,0,0,0,0,0,0,nan,nan,nan,nan,nan,nan,nan
14218,1,4,5,0,0,0,1,650,0,0,0,0,0,0,0,nan,nan,nan,nan,nan,nan,nan
14219,1,4,5,0,0,0,1,650,0,0,0,0,0,0,0,nan,nan,nan,nan,nan,nan,nan
14220,1,4,5,0,0,0,1,650,0,0,0,0,0,0,0,nan,nan,nan,nan,nan,nan,nan
14221,1,4,5,0,0,0,1,650,0,0,0,0,0,0,0,nan,nan,nan,nan,nan,nan,nan
14222,1,4,5,0,0,0,1,650,0,0,0,0,0,0,0,nan,nan,nan,nan,nan,nan,nan
14223,1,4,5,0,0,0,1,650,0,2,0,0,0,0,0,nan,16.296259999511676,nan,nan,nan,nan,nan
14224,1,4,5,0,0,0,2,650,0,2,0,0,0,1,0,nan,nan,nan,nan,nan,10.876131427874498,nan
14225,1,4,5,0,0,0,2,650,0,2,0,0,0,1,0,nan,nan,nan,nan,nan,nan,nan
14226,1,4,5,0,0,0,1,651,0,2,0,0,0,1,0,nan,nan,nan,nan,nan,nan,33.64922538646351
14227,1,4,5,0,1,0,1,651,0,2,0,1,0,1,0,nan,nan,nan,30.103244444959273,nan,nan,nan
14228,1,4,5,0,1,0,1,651,0,2,0,1,0,1,0,nan,nan,nan,nan,nan,nan,nan
14229,1,4,5,0,1,0,1,651,0,2,0,1,0,1,0,nan,nan,nan,nan,nan,nan,nan
14230,1,4,5,0,1,0,1,651,0,2,0,1,0,1,0,nan,nan,nan,nan,nan,nan,nan
14231,1,5,5,0,1,0,1,651,0,2,0,1,0,1,0,15.287300481590137,nan,nan,nan,nan,nan,nan
14232,1,5,5,0,1,0,1,651,0,2,0,1,0,1,0,nan,nan,nan,nan,nan,nan,nan
14233,1,5,5,0,1,0,1,651,0,2,0,1,0,1,0,nan,nan,nan,nan,nan,nan,nan
14234,1,5,5,0,1,0,1,651,0,2,0,1,0,1,0,nan,nan,nan,nan,nan,nan,nan
14235,1,5,5,0,1,0,1,651,0,2,0,1,0,1,0,nan,nan,nan,nan,nan,nan,nan
14236,1,5,5,0,1,0,0,652,0,2,0,1,0,1,0,nan,nan,nan,nan,nan,nan,10.192425550363623
14237,1,5,5,0,1,0,0,652,0,2,0,1,0,1,0,nan,nan,nan,nan,nan,nan,nan
14238,1,5,5,0,1,0,0,652,0,2,0,1,0,1,0,nan,nan,nan,nan,nan,nan,nan
14239,1,4,5,0,0,0,0,652,0,0,0,0,0,0,0,nan,nan,28.978192610557016,nan,25.684906597001827,nan,nan
14240,1,4,5,0,0,0,0,652,0,0,0,0,0,0,0,nan,nan,nan,nan,nan,nan,nan
14241,1,4,5,0,0,0,0,652,0,0,0,0,0,0,0,nan,nan,nan,nan,nan,nan,nan
14242,1,4,5,0,0,0,0,652,0,0,0,0,0,0,0,nan,nan,nan,nan,nan,nan,nan
14243,1,5,5,0,0,0,0,652,0,0,0,0,0,0,0,12.0873724194862,nan,nan,nan,nan,nan,nan
14244,1,5,5,0,0,0,0,652,0,0,0,0,0,0,0,nan,nan,nan,nan,nan,nan,nan
14245,1,5,5,0,0,0,0,652,0,0,0,0,0,0,0,nan,nan,nan,nan,nan,nan,nan
14246,1,5,5,0,0,0,0,652,0,0,0,0,0,0,0,nan,nan,nan,nan,nan,nan,nan
14247,1,5,5,0,0,0,0,652,0,0,0,0,0,0,0,nan,nan,nan,nan,nan,nan,nan
14248,1,5,5,0,0,0,0,652,0,0,0,0,0,0,0,nan,nan,nan,nan,nan,nan,nan
14249,1,5,5,0,0,0,0,652,0,0,0,0,0,0,0,nan,nan,nan,nan,nan,nan,nan
14250,1,5,5,0,0,0,0,652,0,0,0,0,0,0,0,nan,nan,nan,nan,nan,nan,nan
14251,1,5,5,0,0,0,0,652,0,0,0,0,0,0,0,nan,nan,nan,nan,nan,nan,nan
14252,1,5,5,0,0,0,0,653,0,0,0,0,0,1,0,nan,nan,nan,nan,nan,27.04621943703387,15.965405555982215
14253,1,5,5,0,0,0,0,653,0,2,0,0,1,0,0,nan,29.673248637351207,nan,nan,14.719398537563393,nan,nan
14254,1,5,5,0,0,0,0,653,0,2,0,0,1,0,0,nan,nan,nan,nan,nan,nan,nan
14255,1,5,5,0,0,0,0,653,0,2,0,0,1,0,0,nan,nan,nan,nan,nan,nan,nan
14256,1,5,5,0,0,0,0,653,0,2,0,1,0,0,0,nan,nan,nan,29.096839495392487,nan,nan,nan
14257,1,5,5,0,0,0,0,653,2,2,0,1,0,0,0,13.683617207949283,nan,nan,nan,nan,nan,nan
14258,1,5,5,0,0,0,0,653,2,2,0,1,0,0,0,nan,nan,nan,nan,nan,nan,nan
14259,1,5,5,0,0,0,0,653,2,2,0,1,0,0,0,nan,nan,nan,nan,nan,nan,nan
14260,1,5,5,0,0,0,0,653,2,2,0,1,0,0,0,nan,nan,nan,nan,nan,nan,nan
14261,1,5,5,0,0,0,0,653,2,2,0,1,0,0,0,nan,nan,nan,nan,nan,nan,nan
14262,1,5,5,0,0,0,0,653,2,2,0,1,0,0,0,nan,nan,nan,nan,nan,nan,nan
14263,1,5,5,0,0,0,0,653,2,2,0,1,0,0,0,nan,nan,nan,nan,nan,nan,nan
14264,1,5,5,0,0,0,0,653,0,0,0,0,0,0,0,nan,nan,24.572948236131197,nan,nan,nan,nan
14265,1,5,5,0,0,0,0,653,0,0,0,0,0,0,0,nan,nan,nan,nan,nan,nan,nan
14266,1,5,5,0,0,0,0,653,0,0,0,0,0,0,0,nan,nan,nan,nan,nan,nan,nan
14267,1,5,5,0,0,0,0,653,0,0,0,0,0,0,0,nan,nan,nan,nan,nan,nan,nan
14268,1,5,5,0,0,0,0,653,0,0,0,0,0,0,0,nan,nan,nan,nan,nan,nan,nan
14269,1,5,5,0,0,0,1,653,0,0,0,0,0,1,0,nan,nan,nan,nan,nan,17.263933636480942,nan
14270,1,5,5,0,0,0,1,653,0,0,0,0,0,1,0,nan,nan,nan,nan,nan,nan,nan
14271,1,5,5,0,0,0,1,653,0,0,0,0,0,1,0,nan,nan,nan,nan,nan,nan,nan
14272,1,5,5,0,0,0,1,653,0,0,0,0,0,1,0,nan,nan,nan,nan,nan,nan,nan
14273,1,5,5,0,0,0,1,653,0,0,0,0,0,1,0,nan,nan,nan,nan,nan,nan,nan
14274,1,5,5,0,0,0,1,653,0,0,0,0,1,0,0,nan,nan,nan,nan,20.70480451954427,nan,nan
14275,1,5,5,0,0,0,1,653,0,0,0,0,1,0,0,nan,nan,nan,nan,nan,nan,nan
14276,1,5,5,0,0,0,1,653,0,0,0,0,1,0,0,nan,nan,nan,nan,nan,nan,nan
14277,1,5,5,0,0,0,1,653,0,2,0,0,1,0,0,nan,24.229802236963224,nan,nan,nan,nan,nan
14278,1,5,5,0,0,0,0,654,0,2,0,0,1,0,0,nan,nan,nan,nan,nan,nan,25.094332195887546
14279,1,5,5,0,0,0,0,654,0,2,0,0,1,0,0,nan,nan,nan,nan,nan,nan,nan
14280,1,5,5,0,0,0,0,654,0,2,0,0,1,0,0,nan,nan,nan,nan,nan,nan,nan
14281,1,5,5,0,0,0,0,654,0,2,0,0,1,0,0,nan,nan,nan,nan,nan,nan,nan
14282,1,5,5,0,0,0,0,654,0,2,0,0,1,0,0,nan,nan,nan,nan,nan,nan,nan
14283,1,5,5,0,0,0,0,654,0,2,0,1,0,0,0,nan,nan,nan,27.067807790810548,nan,nan,nan
14284,1,5,5,0,0,0,0,654,0,2,0,1,0,0,0,nan,nan,nan,nan,nan,nan,nan
14285,1,5,5,0,0,0,0,654,2,2,0,1,0,0,0,27.854573702661583,nan,nan,nan,nan,nan,nan
14286,1,5,5,0,0,0,0,654,2,2,0,1,0,0,0,nan,nan,nan,nan,nan,nan,nan
14287,1,5,5,0,0,0,0,654,2,2,0,1,0,0,0,nan,nan,nan,nan,nan,nan,nan
14288,1,5,5,0,0,0,0,654,2,2,0,1,0,0,0,nan,nan,nan,nan,nan,nan,nan
14289,1,5,5,0,0,0,1,654,2,2,0,1,0,1,0,nan,nan,nan,nan,nan,20.35085045444066,nan
14290,1,5,5,0,0,0,1,654,2,2,0,1,0,1,0,nan,nan,nan,nan,nan,nan,nan
14291,1,5,5,0,0,0,1,654,2,2,0,1,0,1,0,nan,nan,nan,nan,nan,nan,nan
14292,1,5,5,0,0,0,1,654,0,0,0,0,0,1,0,nan,nan,28.1663647324076,nan,nan,nan,nan
14293,1,5,5,0,0,0,1,654,0,0,0,0,0,1,0,nan,nan,nan,nan,nan,nan,nan
14294,1,5,5,0,0,0,1,654,0,0,0,0,0,1,0,nan,nan,nan,nan,nan,nan,nan
14295,1,5,5,0,0,0,1,654,0,0,0,0,0,1,0,nan,nan,nan,nan,nan,nan,nan
14296,1,5,5,0,0,0,1,654,0,0,0,0,0,1,0,nan,nan,nan,nan,nan,nan,nan
14297,1,5,5,0,0,0,1,654,0,0,0,0,0,1,0,nan,nan,nan,nan,nan,nan,nan
14298,1,5,5,0,0,0,0,655,0,0,0,0,0,1,0,nan,nan,nan,nan,nan,nan,20.61947557545318
14299,1,5,5,0,0,0,0,655,0,0,0,0,0,1,0,nan,nan,nan,nan,nan,nan,nan
14300,1,5,5,0,0,0,0,655,0,0,0,0,0,1,0,nan,nan,nan,nan,nan,nan,nan
14301,1,5,5,0,0,0,0,655,0,0,0,0,0,1,0,nan,nan,nan,nan,nan,nan,nan
14302,1,5,5,0,0,0,0,655,0,0,0,0,0,1,0,nan,nan,nan,nan,nan,nan,nan
14303,1,5,5,0,0,0,0,655,0,0,0,0,0,1,0,nan,nan,nan,nan,nan,nan,nan
14304,1,5,5,0,0,0,0,655,2,2,0,0,0,1,0,19.04752746811573,26.930019424857164,nan,nan,nan,nan,nan
14305,1,5,5,0,0,0,0,655,2,2,0,0,1,0,0,nan,nan,nan,nan,31.31114672705735,nan,nan
14306,1,5,5,1,0,0,0,655,0,0,0,0,1,0,0,nan,nan,13.599973398351722,nan,nan,nan,nan
14307,1,5,5,1,0,0,0,655,0,0,0,0,1,0,0,nan,nan,nan,nan,nan,nan,nan
14308,1,5,5,1,0,0,0,655,0,0,0,0,1,0,0,nan,nan,nan,nan,nan,nan,nan
14309,1,5,5,1,0,0,0,655,0,0,0,0,1,0,0,nan,nan,nan,nan,nan,nan,nan
14310,1,5,5,1,0,0,0,655,0,0,0,0,1,0,0,nan,nan,nan,nan,nan,nan,nan
14311,1,5,5,1,0,0,0,655,0,0,0,0,1,0,0,nan,nan,nan,nan,nan,nan,nan
14312,1,5,5,1,0,0,0,655,0,0,0,0,1,0,0,nan,nan,nan,nan,nan,nan,nan
14313,1,5,5,0,0,0,0,655,0,0,0,0,0,0,0,nan,nan,nan,29.55799883534928,nan,nan,nan
14314,1,5,5,0,0,0,0,655,0,0,0,0,0,0,0,nan,nan,nan,nan,nan,nan,nan
14315,1,5,5,0,0,0,1,655,0,0,0,0,0,1,0,nan,nan,nan,nan,nan,25.461047544316898,nan
14316,1,5,5,0,0,0,1,655,0,0,0,0,0,1,0,nan,nan,nan,nan,nan,nan,nan
14317,1,5,5,0,0,0,1,655,0,0,0,0,0,1,0,nan,nan,nan,nan,nan,nan,nan
14318,1,5,5,0,0,0,1,655,0,0,0,0,0,1,0,nan,nan,nan,nan,nan,nan,nan
14319,1,5,5,0,0,0,1,655,0,0,0,0,0,1,0,nan,nan,nan,nan,nan,nan,nan
14320,1,5,5,0,0,0,1,655,0,0,0,0,0,1,0,nan,nan,nan,nan,nan,nan,nan
14321,1,5,5,0,0,0,1,655,0,0,0,0,0,1,0,nan,nan,nan,nan,nan,nan,nan
14322,1,5,5,0,0,0,1,655,0,2,0,0,0,1,0,nan,18.277805312687633,nan,nan,nan,nan,nan
14323,1,5,5,0,0,0,1,655,0,2,0,0,0,1,0,nan,nan,nan,nan,nan,nan,nan
14324,1,5,5,0,0,0,1,655,0,2,0,0,0,1,0,nan,nan,nan,nan,nan,nan,nan
14325,1,5,5,0,0,0,0,656,0,2,0,0,0,1,0,nan,nan,nan,nan,nan,nan,26.617684243690746
14326,1,5,5,0,0,0,0,656,0,2,0,0,0,1,0,nan,nan,nan,nan,nan,nan,nan
14327,1,5,5,0,0,0,0,656,2,2,0,0,0,1,0,23.38733141074954,nan,nan,nan,nan,nan,nan
14328,1,5,5,0,0,0,0,656,2,2,0,0,0,1,0,nan,nan,nan,nan,nan,nan,nan
14329,1,5,5,0,0,0,0,656,2,2,0,0,0,1,0,nan,nan,nan,nan,nan,nan,nan
14330,1,5,5,0,0,0,0,656,2,2,0,0,0,1,0,nan,nan,nan,nan,nan,nan,nan
14331,1,5,5,1,0,0,0,656,0,0,0,0,0,1,0,nan,nan,25.378012731811395,nan,nan,nan,nan
14332,1,5,5,1,0,0,0,656,0,0,0,0,0,1,0,nan,nan,nan,nan,nan,nan,nan
14333,1,5,5,1,0,0,0,656,0,0,0,0,0,1,0,nan,nan,nan,nan,nan,nan,nan
14334,1,5,5,1,0,0,0,656,0,0,0,0,0,1,0,nan,nan,nan,nan,nan,nan,nan
14335,1,5,5,1,0,0,0,656,0,0,0,0,0,1,0,nan,nan,nan,nan,nan,nan,nan
14336,1,5,5,1,0,0,0,656,0,0,0,0,0,1,0,nan,nan,nan,nan,nan,nan,nan
14337,1,5,5,1,0,0,0,656,0,0,0,0,0,1,0,nan,nan,nan,nan,nan,nan,nan
14338,1,5,5,1,0,0,0,656,0,0,0,0,0,1,0,nan,nan,nan,nan,nan,nan,nan
14339,1,5,5,1,0,0,0,656,0,0,0,0,0,1,0,nan,nan,nan,nan,nan,nan,nan
14340,1,5,5,1,0,0,0,656,0,0,0,0,1,0,0,nan,nan,nan,nan,34.27984734010715,nan,nan
14341,1,5,5,1,0,0,0,656,0,0,0,0,1,0,0,nan,nan,nan,nan,nan,nan,nan
14342,1,5,5,1,0,0,0,656,0,0,0,0,1,0,0,nan,nan,nan,nan,nan,nan,nan
14343,1,5,5,1,0,0,0,656,0,0,0,0,1,0,0,nan,nan,nan,nan,nan,nan,nan
14344,1,5,5,1,0,0,0,656,0,0,0,0,1,0,0,nan,nan,nan,nan,nan,nan,nan
14345,1,5,5,1,0,0,0,656,0,0,0,0,1,0,0,nan,nan,nan,nan,nan,nan,nan
14346,1,5,5,1,0,0,0,656,0,0,0,0,1,0,0,nan,nan,nan,nan,nan,nan,nan
14347,1,5,5,1,0,0,0,656,0,0,0,0,1,0,0,nan,nan,nan,nan,nan,nan,nan
14348,1,5,5,0,0,0,0,656,0,0,0,0,0,0,0,nan,nan,nan,35.20706879503814,nan,nan,nan
14349,1,5,4,1,0,0,0,656,0,0,0,0,0,0,0,nan,nan,18.195756282186267,nan,nan,nan,nan
14350,1,5,4,1,0,0,0,656,2,0,0,0,0,0,0,22.461018462694483,nan,nan,nan,nan,nan,nan
14351,1,5,4,1,0,0,0,657,2,0,0,0,0,0,1,nan,nan,nan,nan,nan,nan,26.085629911764045
14352,1,5,4,1,0,0,0,657,2,0,0,0,0,0,1,nan,nan,nan,nan,nan,nan,nan
14353,1,5,4,1,0,0,0,657,2,0,0,0,0,1,0,nan,nan,nan,nan,nan,38.33716523252224,nan
14354,1,5,5,1,0,0,0,657,0,0,0,0,0,1,0,nan,31.732851105009104,nan,nan,nan,nan,nan
14355,1,5,5,1,0,0,0,657,0,0,0,0,0,1,0,nan,nan,nan,nan,nan,nan,nan
14356,1,5,5,1,0,0,0,657,0,0,0,0,0,1,0,nan,nan,nan,nan,nan,nan,nan
14357,1,5,5,1,0,0,0,657,0,0,0,0,0,1,0,nan,nan,nan,nan,nan,nan,nan
14358,1,5,5,1,0,0,0,657,0,0,0,0,0,1,0,nan,nan,nan,nan,nan,nan,nan
14359,1,5,5,1,0,0,0,657,0,0,0,0,0,1,0,nan,nan,nan,nan,nan,nan,nan
14360,1,5,5,1,0,0,0,657,0,0,0,0,0,1,0,nan,nan,nan,nan,nan,nan,nan
14361,1,5,5,1,0,0,0,657,0,0,0,0,0,1,0,nan,nan,nan,nan,nan,nan,nan
14362,1,5,5,1,0,0,0,657,0,0,0,0,0,1,0,nan,nan,nan,nan,nan,nan,nan
14363,1,5,5,1,0,0,0,657,0,0,0,0,0,1,0,nan,nan,nan,nan,nan,nan,nan
14364,1,5,5,1,0,0,0,657,0,0,0,0,0,1,0,nan,nan,nan,nan,nan,nan,nan
14365,1,5,5,1,0,0,0,657,0,0,0,0,0,1,0,nan,nan,nan,nan,nan,nan,nan
14366,1,5,5,1,0,0,0,657,0,0,0,0,0,1,0,nan,nan,nan,nan,nan,nan,nan
14367,1,5,4,2,0,0,0,657,2,0,0,0,0,1,0,16.872206335270675,nan,17.935127859669592,nan,nan,nan,nan
14368,1,5,4,2,0,0,0,657,2,0,0,0,0,1,0,nan,nan,nan,nan,nan,nan,nan
14369,1,5,4,2,0,0,0,657,2,0,0,0,0,1,0,nan,nan,nan,nan,nan,nan,nan
14370,1,5,4,2,0,0,0,657,2,0,0,0,0,1,0,nan,nan,nan,nan,nan,nan,nan
14371,1,5,4,1,1,0,0,657,2,0,0,0,0,1,0,nan,nan,nan,22.601831188365395,nan,nan,nan
14372,1,5,4,1,1,0,0,657,2,0,0,0,0,1,0,nan,nan,nan,nan,nan,nan,nan
14373,1,5,5,1,0,0,0,657,0,0,0,0,0,0,0,nan,19.368325875020673,nan,nan,33.8622299564322,nan,nan
14374,1,5,5,1,0,0,0,657,0,0,0,0,0,0,0,nan,nan,nan,nan,nan,nan,nan
14375,1,5,5,1,0,0,0,658,0,0,0,0,0,0,1,nan,nan,nan,nan,nan,nan,24.38356615693192
14376,1,5,5,1,0,0,0,658,0,0,0,0,0,0,1,nan,nan,nan,nan,nan,nan,nan
14377,1,5,5,1,0,0,0,658,0,0,0,0,0,0,1,nan,nan,nan,nan,nan,nan,nan
14378,1,5,5,1,0,0,0,658,0,0,0,0,0,0,1,nan,nan,nan,nan,nan,nan,nan
14379,1,5,5,1,0,0,0,658,0,0,0,0,0,0,1,nan,nan,nan,nan,nan,nan,nan
14380,1,5,5,1,0,0,0,658,0,0,0,0,0,0,1,nan,nan,nan,nan,nan,nan,nan
14381,1,5,5,1,0,0,0,658,0,0,0,0,0,0,1,nan,nan,nan,nan,nan,nan,nan
14382,1,5,5,1,0,0,0,658,0,0,0,0,0,0,1,nan,nan,nan,nan,nan,nan,nan
14383,1,5,5,1,0,0,0,658,0,0,0,0,0,1,0,nan,nan,nan,nan,nan,30.394304534085677,nan
14384,1,5,5,1,0,0,0,658,0,0,0,0,1,0,0,nan,nan,nan,nan,10.553695661466918,nan,nan
14385,1,5,5,1,0,0,0,658,0,0,0,0,1,0,0,nan,nan,nan,nan,nan,nan,nan
14386,1,5,5,1,0,0,0,658,0,0,0,0,1,0,0,nan,nan,nan,nan,nan,nan,nan
14387,1,5,5,1,0,0,0,658,0,0,0,0,1,0,0,nan,nan,nan,nan,nan,nan,nan
14388,1,5,5,1,0,0,0,658,0,0,0,0,1,0,0,nan,nan,nan,nan,nan,nan,nan
14389,1,4,5,2,0,0,0,658,0,0,0,0,1,0,0,nan,15.514986415471867,21.384949225506716,nan,nan,nan,nan
14390,1,4,5,2,0,0,0,658,0,0,0,0,1,0,0,nan,nan,nan,nan,nan,nan,nan
14391,1,4,5,2,0,0,0,658,0,0,0,0,1,0,0,nan,nan,nan,nan,nan,nan,nan
14392,1,4,5,2,0,0,0,658,0,0,0,0,1,0,0,nan,nan,nan,nan,nan,nan,nan
14393,1,4,5,2,0,0,0,658,0,0,0,0,1,0,0,nan,nan,nan,nan,nan,nan,nan
14394,1,4,5,2,0,0,0,658,0,0,0,0,1,0,0,nan,nan,nan,nan,nan,nan,nan
14395,1,4,5,1,0,0,0,658,0,0,0,0,0,0,0,nan,nan,nan,24.68850435139393,nan,nan,nan
14396,1,4,5,1,0,0,0,658,0,0,0,0,0,0,0,nan,nan,nan,nan,nan,nan,nan
14397,1,4,5,1,0,0,0,658,0,0,0,0,0,0,0,nan,nan,nan,nan,nan,nan,nan
14398,1,4,5,1,0,0,1,658,0,0,0,0,0,1,0,nan,nan,nan,nan,nan,14.353417239712144,nan
14399,1,4,5,1,0,0,1,658,0,0,0,0,0,1,0,nan,nan,nan,nan,nan,nan,nan
14400,1,4,5,1,0,0,1,658,0,0,0,0,0,1,0,nan,nan,nan,nan,nan,nan,nan
14401,1,5,5,1,0,0,1,658,0,0,0,0,0,1,0,34.27970319101951,nan,nan,nan,nan,nan,nan
14402,1,5,5,1,0,0,1,658,0,0,0,0,0,1,0,nan,nan,nan,nan,nan,nan,nan
14403,1,5,5,1,0,0,1,658,0,0,0,0,0,1,0,nan,nan,nan,nan,nan,nan,nan
14404,1,5,5,1,0,0,0,659,0,0,0,0,0,1,0,nan,nan,nan,nan,nan,nan,28.526748224076073
14405,1,5,5,1,0,0,0,659,0,0,0,0,0,1,0,nan,nan,nan,nan,nan,nan,nan
14406,1,5,5,1,0,0,0,659,0,0,0,0,0,1,0,nan,nan,nan,nan,nan,nan,nan
14407,1,5,5,1,0,0,0,659,0,2,0,0,1,0,0,nan,17.715533418770065,nan,nan,22.61231984380902,nan,nan
14408,1,5,5,1,0,0,0,659,0,2,0,0,1,0,0,nan,nan,nan,nan,nan,nan,nan
14409,1,5,5,0,0,0,0,659,0,2,0,0,0,0,0,nan,nan,nan,13.741738111400991,nan,nan,nan
14410,1,5,5,0,0,0,0,659,0,2,0,0,0,0,0,nan,nan,nan,nan,nan,nan,nan
14411,1,5,5,0,0,0,0,659,0,2,0,0,0,0,0,nan,nan,nan,nan,nan,nan,nan
14412,1,4,5,1,0,0,0,659,0,0,0,0,0,0,0,nan,nan,23.458381728582026,nan,nan,nan,nan
14413,1,4,5,1,0,0,0,659,0,0,0,0,0,0,0,nan,nan,nan,nan,nan,nan,nan
14414,1,5,5,1,0,0,0,659,0,0,0,0,0,0,0,12.829347466982654,nan,nan,nan,nan,nan,nan
14415,1,5,5,1,0,0,0,659,0,0,0,0,0,0,0,nan,nan,nan,nan,nan,nan,nan
14416,1,5,5,1,0,0,0,659,0,0,0,0,0,0,0,nan,nan,nan,nan,nan,nan,nan
14417,1,5,5,1,0,0,0,659,0,0,0,0,0,0,0,nan,nan,nan,nan,nan,nan,nan
14418,1,5,5,1,0,0,0,659,0,0,0,0,0,0,0,nan,nan,nan,nan,nan,nan,nan
14419,1,5,5,1,0,0,0,659,0,0,0,0,0,0,0,nan,nan,nan,nan,nan,nan,nan
14420,1,5,5,1,0,0,0,659,0,0,0,0,0,0,0,nan,nan,nan,nan,nan,nan,nan
14421,1,5,5,0,1,0,0,659,0,0,0,0,0,0,0,nan,nan,nan,11.70681055948262,nan,nan,nan
14422,1,5,5,0,1,0,0,659,0,0,0,0,0,0,0,nan,nan,nan,nan,nan,nan,nan
14423,1,5,5,0,1,0,1,659,0,0,0,0,0,1,0,nan,nan,nan,nan,nan,25.29419660779058,nan
14424,1,5,5,0,1,0,1,659,0,0,0,0,0,1,0,nan,nan,nan,nan,nan,nan,nan
14425,1,5,5,0,0,0,0,660,0,0,0,0,0,0,0,nan,nan,nan,nan,18.14428086632506,nan,21.56468362454325
14426,1,5,5,0,0,0,0,660,0,0,0,0,0,0,0,nan,nan,nan,nan,nan,nan,nan
14427,1,5,5,0,0,0,0,660,0,0,0,0,0,0,0,nan,nan,nan,nan,nan,nan,nan
14428,1,5,5,0,0,0,0,660,0,0,0,0,0,0,0,nan,nan,nan,nan,nan,nan,nan
14429,1,5,5,0,0,0,0,660,0,0,0,0,0,0,0,nan,nan,nan,nan,nan,nan,nan
14430,1,5,5,0,0,0,0,660,0,0,0,0,0,0,0,nan,nan,nan,nan,nan,nan,nan
14431,1,5,5,0,0,0,0,660,0,0,0,0,0,0,0,nan,nan,nan,nan,nan,nan,nan
14432,1,5,5,0,0,0,0,660,0,0,0,0,0,0,0,nan,nan,nan,nan,nan,nan,nan
14433,1,5,5,0,0,0,0,660,0,0,0,0,0,0,0,nan,nan,nan,nan,nan,nan,nan
14434,1,5,5,0,0,0,0,660,0,0,0,0,0,0,0,nan,nan,nan,nan,nan,nan,nan
14435,1,5,4,1,0,0,0,660,0,0,0,0,0,0,0,nan,nan,23.289182541258924,nan,nan,nan,nan
14436,1,5,4,0,1,0,0,660,0,0,0,0,0,0,0,nan,nan,nan,15.317720160490353,nan,nan,nan
14437,1,5,4,0,1,0,0,660,0,0,0,0,0,0,0,nan,nan,nan,nan,nan,nan,nan
14438,1,5,4,0,1,0,0,660,0,0,0,0,0,0,0,nan,nan,nan,nan,nan,nan,nan
14439,1,5,4,0,0,1,0,660,0,0,0,0,0,0,0,nan,nan,nan,nan,14.37334874483713,nan,nan
14440,1,5,4,0,0,1,0,660,0,0,0,0,0,0,0,nan,nan,nan,nan,nan,nan,nan
14441,1,5,4,0,0,1,0,660,2,0,0,0,0,0,0,27.67381459626631,nan,nan,nan,nan,nan,nan
14442,1,5,4,0,0,1,0,660,2,0,0,0,0,0,0,nan,nan,nan,nan,nan,nan,nan
14443,1,5,4,0,0,0,1,660,2,0,0,0,0,0,0,nan,nan,nan,nan,nan,20.402736952422856,nan
14444,1,5,4,0,0,0,1,660,2,0,0,0,0,0,0,nan,nan,nan,nan,nan,nan,nan
14445,1,5,4,0,0,0,1,660,2,0,0,0,0,0,0,nan,nan,nan,nan,nan,nan,nan
14446,1,5,4,0,0,0,1,660,2,0,0,0,0,0,0,nan,nan,nan,nan,nan,nan,nan
14447,1,5,4,0,0,0,1,660,2,0,0,0,0,0,0,nan,nan,nan,nan,nan,nan,nan
14448,1,5,4,0,0,0,1,660,2,0,0,0,0,0,0,nan,nan,nan,nan,nan,nan,nan
14449,1,5,5,0,0,0,1,660,0,0,0,0,0,0,0,nan,42.82175581126103,nan,nan,nan,nan,nan
14450,1,5,5,0,0,0,1,660,0,0,0,0,0,0,0,nan,nan,nan,nan,nan,nan,nan
14451,1,5,5,0,0,0,1,660,0,0,0,0,0,0,0,nan,nan,nan,nan,nan,nan,nan
14452,1,5,5,0,0,0,1,660,0,0,0,0,0,0,0,nan,nan,nan,nan,nan,nan,nan
14453,1,5,5,0,0,0,0,661,0,0,0,0,0,0,0,nan,nan,nan,nan,nan,nan,27.351865676011585
14454,1,5,5,0,0,0,0,661,0,0,0,0,0,0,0,nan,nan,nan,nan,nan,nan,nan
14455,1,5,5,0,1,0,0,661,0,0,0,1,0,0,0,nan,nan,nan,18.93235490556617,nan,nan,nan
14456,1,5,5,0,1,0,0,661,0,0,0,1,0,0,0,nan,nan,nan,nan,nan,nan,nan
14457,1,5,5,0,0,0,1,661,0,0,0,1,0,0,0,nan,nan,nan,nan,18.339532150852392,13.829245558379625,nan
14458,1,5,5,0,0,0,1,661,0,0,0,1,0,0,0,nan,nan,nan,nan,nan,nan,nan
14459,1,5,5,0,0,0,1,661,0,0,0,1,0,0,0,nan,nan,nan,nan,nan,nan,nan
14460,1,5,5,0,0,0,1,661,0,0,0,1,0,0,0,nan,nan,nan,nan,nan,nan,nan
14461,1,5,5,0,0,0,1,661,0,0,0,1,0,0,0,nan,nan,nan,nan,nan,nan,nan
14462,1,5,5,0,0,0,1,661,0,0,0,1,0,0,0,nan,nan,nan,nan,nan,nan,nan
14463,1,5,5,0,0,0,1,661,0,0,0,1,0,0,0,nan,nan,nan,nan,nan,nan,nan
14464,1,5,5,0,0,0,1,661,0,2,0,1,0,0,0,nan,14.909926258707856,nan,nan,nan,nan,nan
14465,1,5,5,0,0,0,1,661,0,2,0,1,0,0,0,nan,nan,nan,nan,nan,nan,nan
14466,1,5,5,0,0,0,1,661,0,2,0,1,0,0,0,nan,nan,nan,nan,nan,nan,nan
14467,1,4,5,0,0,0,2,661,0,0,0,0,0,1,0,nan,nan,31.384302375252446,nan,nan,9.726738705392563,nan
14468,1,4,5,0,0,0,2,661,0,0,0,0,0,1,0,nan,nan,nan,nan,nan,nan,nan
14469,1,4,5,0,0,0,2,661,0,0,0,0,0,1,0,nan,nan,nan,nan,nan,nan,nan
14470,1,4,5,0,0,0,1,662,0,0,0,0,0,1,0,nan,nan,nan,nan,nan,nan,17.692585540993605
14471,1,5,5,0,0,0,1,662,0,0,0,0,0,1,0,29.460613437526263,nan,nan,nan,nan,nan,nan
14472,1,5,5,0,0,0,1,662,0,0,0,0,1,0,0,nan,nan,nan,nan,14.652154933743077,nan,nan
14473,1,5,5,0,0,0,1,662,0,0,0,0,1,0,0,nan,nan,nan,nan,nan,nan,nan
14474,1,5,5,0,0,0,1,662,0,0,0,0,1,0,0,nan,nan,nan,nan,nan,nan,nan
14475,1,5,5,0,0,0,1,662,0,0,0,0,1,0,0,nan,nan,nan,nan,nan,nan,nan
14476,1,5,5,0,0,0,1,662,0,0,0,0,1,0,0,nan,nan,nan,nan,nan,nan,nan
14477,1,5,5,0,0,0,1,662,0,0,0,0,1,0,0,nan,nan,nan,nan,nan,nan,nan
14478,1,5,5,0,0,0,1,662,0,0,0,1,0,0,0,nan,nan,nan,22.845977332022812,nan,nan,nan
14479,1,5,5,0,0,0,1,662,0,0,0,1,0,0,0,nan,nan,nan,nan,nan,nan,nan
14480,1,5,5,0,0,0,1,662,0,0,0,1,0,0,0,nan,nan,nan,nan,nan,nan,nan
14481,1,5,5,0,0,0,1,662,0,0,0,1,0,0,0,nan,nan,nan,nan,nan,nan,nan
14482,1,5,5,0,0,0,2,662,0,0,0,1,0,1,0,nan,nan,nan,nan,nan,15.430070150363463,nan
14483,1,5,5,0,0,0,2,662,0,0,0,1,0,1,0,nan,nan,nan,nan,nan,nan,nan
14484,1,5,5,0,0,0,2,662,0,0,0,1,0,1,0,nan,nan,nan,nan,nan,nan,nan
14485,1,5,5,0,0,0,2,662,0,0,0,1,0,1,0,nan,nan,nan,nan,nan,nan,nan
14486,1,5,4,0,0,0,2,662,0,0,0,0,0,1,0,nan,nan,19.626883709112008,nan,nan,nan,nan
14487,1,5,4,0,0,0,2,662,0,0,0,0,0,1,0,nan,nan,nan,nan,nan,nan,nan
14488,1,5,4,0,0,0,2,662,0,0,0,0,0,1,0,nan,nan,nan,nan,nan,nan,nan
14489,1,5,4,0,0,0,2,662,2,0,0,0,0,1,0,18.266805556586405,nan,nan,nan,nan,nan,nan
14490,1,5,4,0,0,0,2,662,2,0,0,0,0,1,0,nan,nan,nan,nan,nan,nan,nan
14491,1,5,4,0,0,0,2,662,2,0,0,0,0,1,0,nan,nan,nan,nan,nan,nan,nan
14492,1,5,5,0,0,0,2,662,0,0,0,0,0,1,0,nan,27.65427364115567,nan,nan,nan,nan,nan
14493,1,5,5,0,0,0,2,662,0,0,0,0,1,0,0,nan,nan,nan,nan,20.833886905853433,nan,nan
14494,1,5,5,0,0,0,2,662,0,0,0,0,1,0,0,nan,nan,nan,nan,nan,nan,nan
14495,1,5,5,0,0,0,2,662,0,0,0,0,1,0,0,nan,nan,nan,nan,nan,nan,nan
14496,1,5,5,0,0,0,2,662,0,0,0,0,1,0,0,nan,nan,nan,nan,nan,nan,nan
14497,1,5,5,0,0,0,2,662,0,0,0,0,1,0,0,nan,nan,nan,nan,nan,nan,nan
14498,1,5,5,0,0,0,2,662,0,0,0,0,1,0,0,nan,nan,nan,nan,nan,nan,nan
14499,1,5,5,0,0,0,1,663,0,0,0,0,1,0,0,nan,nan,nan,nan,nan,nan,28.443751248001718
14500,1,5,5,0,0,0,1,663,0,0,0,1,0,0,0,nan,nan,nan,22.09671012846229,nan,nan,nan
14501,1,5,5,0,0,0,1,663,0,0,0,1,0,0,0,nan,nan,nan,nan,nan,nan,nan
14502,1,5,5,0,0,0,1,663,0,0,0,1,0,0,0,nan,nan,nan,nan,nan,nan,nan
14503,1,5,5,0,0,0,1,663,0,0,0,1,0,0,0,nan,nan,nan,nan,nan,nan,nan
14504,1,5,5,0,0,0,1,663,0,0,0,1,0,0,0,nan,nan,nan,nan,nan,nan,nan
14505,1,5,5,0,0,0,1,663,2,0,0,1,0,0,0,16.030752841825233,nan,nan,nan,nan,nan,nan
14506,1,5,5,0,0,0,1,663,2,0,0,1,0,0,0,nan,nan,nan,nan,nan,nan,nan
14507,1,5,5,0,0,0,1,663,2,0,0,1,0,0,0,nan,nan,nan,nan,nan,nan,nan
14508,1,5,5,0,0,0,1,663,2,0,0,1,0,0,0,nan,nan,nan,nan,nan,nan,nan
14509,1,5,5,0,0,0,1,663,2,0,0,1,0,0,0,nan,nan,nan,nan,nan,nan,nan
14510,1,5,5,0,0,0,1,663,2,0,0,1,0,0,0,nan,nan,nan,nan,nan,nan,nan
14511,1,5,5,0,0,0,1,663,0,0,0,0,0,0,0,nan,18.631406297097783,25.002004573614613,nan,nan,nan,nan
14512,1,5,5,0,0,0,1,663,0,0,0,0,0,0,0,nan,nan,nan,nan,nan,nan,nan
14513,1,5,5,0,0,1,1,663,0,0,0,0,1,0,0,nan,nan,nan,nan,19.881705081999826,nan,nan
14514,1,5,5,0,0,1,1,663,0,0,0,0,1,0,0,nan,nan,nan,nan,nan,nan,nan
14515,1,5,5,0,0,1,1,663,0,0,0,0,1,0,0,nan,nan,nan,nan,nan,nan,nan
14516,1,5,5,0,0,1,1,663,0,0,0,0,1,0,0,nan,nan,nan,nan,nan,nan,nan
14517,1,5,5,0,0,1,1,663,0,0,0,0,1,0,0,nan,nan,nan,nan,nan,nan,nan
14518,1,5,5,0,0,1,1,663,0,0,0,0,1,0,0,nan,nan,nan,nan,nan,nan,nan
14519,1,5,5,0,0,1,0,664,0,0,0,0,1,0,0,nan,nan,nan,nan,nan,nan,20.64195942630795
14520,1,5,5,0,0,1,0,664,0,0,0,0,1,0,0,nan,nan,nan,nan,nan,nan,nan
14521,1,5,5,0,0,0,1,664,2,0,0,0,1,0,0,15.579909700223652,nan,nan,nan,nan,38.78948069408216,nan
14522,1,5,5,0,0,0,1,664,2,0,0,0,1,0,0,nan,nan,nan,nan,nan,nan,nan
14523,1,5,5,0,0,0,1,664,2,0,0,0,1,0,0,nan,nan,nan,nan,nan,nan,nan
14524,1,5,5,0,0,0,1,664,2,0,0,0,1,0,0,nan,nan,nan,nan,nan,nan,nan
14525,1,5,5,0,0,0,1,664,2,0,0,1,0,0,0,nan,nan,nan,25.270766451278178,nan,nan,nan
14526,1,5,5,0,0,0,1,664,2,2,0,1,0,0,0,nan,15.681623870596013,nan,nan,nan,nan,nan
14527,1,5,5,0,0,0,1,664,2,2,0,1,0,0,0,nan,nan,nan,nan,nan,nan,nan
14528,1,5,5,0,0,0,1,664,2,2,0,1,0,0,0,nan,nan,nan,nan,nan,nan,nan
14529,1,5,5,0,0,0,1,664,2,2,0,1,0,0,0,nan,nan,nan,nan,nan,nan,nan
14530,1,5,5,0,0,0,1,664,0,0,0,0,0,0,0,nan,nan,18.849912450794363,nan,nan,nan,nan
14531,1,5,5,0,0,0,1,664,0,0,0,0,0,0,0,nan,nan,nan,nan,nan,nan,nan
14532,1,5,5,0,0,0,1,664,0,0,0,0,0,0,0,nan,nan,nan,nan,nan,nan,nan
14533,1,5,5,0,0,0,1,664,0,0,0,0,0,0,0,nan,nan,nan,nan,nan,nan,nan
14534,1,5,5,0,0,0,1,664,0,0,0,0,0,0,0,nan,nan,nan,nan,nan,nan,nan
14535,1,5,5,0,0,0,1,664,0,0,0,0,0,0,0,nan,nan,nan,nan,nan,nan,nan
14536,1,5,5,0,0,0,1,664,0,0,0,0,0,0,0,nan,nan,nan,nan,nan,nan,nan
14537,1,5,5,0,0,0,1,664,0,0,0,0,0,0,0,nan,nan,nan,nan,nan,nan,nan
14538,1,5,5,0,0,0,2,664,0,0,0,0,1,0,0,nan,nan,nan,nan,25.29683459448279,16.86560873048984,nan
14539,1,5,5,0,0,0,2,664,0,0,0,0,1,0,0,nan,nan,nan,nan,nan,nan,nan
14540,1,5,5,0,0,0,2,664,0,0,0,0,1,0,0,nan,nan,nan,nan,nan,nan,nan
14541,1,5,5,0,0,0,2,664,0,0,0,0,1,0,0,nan,nan,nan,nan,nan,nan,nan
14542,1,5,5,0,0,0,2,664,0,0,0,0,1,0,0,nan,nan,nan,nan,nan,nan,nan
14543,1,5,5,0,0,0,1,665,0,0,0,0,1,0,0,nan,nan,nan,nan,nan,nan,24.02332500225566
14544,1,5,5,0,0,0,1,665,0,0,0,0,1,0,0,nan,nan,nan,nan,nan,nan,nan
14545,1,5,5,0,0,0,1,665,0,2,0,0,1,0,0,nan,18.86246096362993,nan,nan,nan,nan,nan
14546,1,5,5,0,0,0,1,665,0,2,0,0,1,0,0,nan,nan,nan,nan,nan,nan,nan
14547,1,5,5,0,0,0,1,665,0,2,0,0,1,0,0,nan,nan,nan,nan,nan,nan,nan
14548,1,4,5,1,0,0,2,665,0,0,0,0,1,1,0,nan,nan,17.81877585627808,nan,nan,10.468794299576984,nan
14549,1,4,5,1,0,0,2,665,0,0,0,0,1,1,0,nan,nan,nan,nan,nan,nan,nan
14550,1,4,5,1,0,0,2,665,0,0,0,0,1,1,0,nan,nan,nan,nan,nan,nan,nan
14551,1,4,5,1,0,0,2,665,0,0,0,0,1,1,0,nan,nan,nan,nan,nan,nan,nan
14552,1,4,5,1,0,0,2,665,0,0,0,0,1,1,0,nan,nan,nan,nan,nan,nan,nan
14553,1,4,5,1,0,0,2,665,0,0,0,0,1,1,0,nan,nan,nan,nan,nan,nan,nan
14554,1,5,5,0,0,0,2,665,0,0,0,0,0,1,0,33.12823447048686,nan,nan,28.752575642331067,nan,nan,nan
14555,1,5,5,0,0,0,2,665,0,0,0,0,0,1,0,nan,nan,nan,nan,nan,nan,nan
14556,1,5,5,0,0,0,2,665,0,0,0,0,0,1,0,nan,nan,nan,nan,nan,nan,nan
14557,1,5,5,0,0,0,2,665,0,0,0,0,0,1,0,nan,nan,nan,nan,nan,nan,nan
14558,1,5,5,0,0,0,2,665,0,2,0,0,0,1,0,nan,13.083455215442882,nan,nan,nan,nan,nan
14559,1,5,5,0,0,0,2,665,0,2,0,0,0,1,0,nan,nan,nan,nan,nan,nan,nan
14560,1,5,5,0,0,0,2,665,0,2,0,0,0,1,0,nan,nan,nan,nan,nan,nan,nan
14561,1,5,5,0,0,0,2,665,0,2,0,0,0,1,0,nan,nan,nan,nan,nan,nan,nan
14562,1,5,5,0,0,0,2,665,0,2,0,0,0,1,0,nan,nan,nan,nan,nan,nan,nan
14563,1,5,5,0,0,0,1,666,0,2,0,0,0,1,0,nan,nan,nan,nan,nan,nan,19.222356483716794
14564,1,5,5,0,0,0,1,666,0,2,0,0,0,1,0,nan,nan,nan,nan,nan,nan,nan
14565,1,5,5,0,0,0,1,666,0,2,0,0,0,1,0,nan,nan,nan,nan,nan,nan,nan
14566,1,5,5,0,0,0,1,666,0,2,0,0,0,1,0,nan,nan,nan,nan,nan,nan,nan
14567,1,5,5,0,0,0,1,666,0,2,0,0,0,1,0,nan,nan,nan,nan,nan,nan,nan
14568,1,5,5,0,1,0,1,666,2,2,0,1,0,1,0,14.038295662110613,nan,nan,13.709255539853984,nan,nan,nan
14569,1,5,5,0,1,0,1,666,2,2,0,1,0,1,0,nan,nan,nan,nan,nan,nan,nan
14570,1,5,5,0,0,0,1,666,2,2,0,1,0,0,0,nan,nan,nan,nan,31.63924228984979,nan,nan
14571,1,5,5,0,0,0,1,666,2,2,0,1,0,0,0,nan,nan,nan,nan,nan,nan,nan
14572,1,5,5,0,0,0,1,666,2,2,0,1,0,0,0,nan,nan,nan,nan,nan,nan,nan
14573,1,5,5,0,0,0,1,666,2,2,0,1,0,0,0,nan,nan,nan,nan,nan,nan,nan
14574,1,5,5,0,0,0,1,666,2,2,0,1,0,0,0,nan,nan,nan,nan,nan,nan,nan
14575,1,5,5,0,0,0,1,666,2,2,0,1,0,0,0,nan,nan,nan,nan,nan,nan,nan
14576,1,5,5,0,0,0,1,666,2,2,0,1,0,0,0,nan,nan,nan,nan,nan,nan,nan
14577,1,5,5,0,0,0,1,666,0,0,0,0,0,0,0,nan,nan,29.20925189450645,nan,nan,nan,nan
14578,1,5,5,0,0,0,1,666,0,0,0,0,0,0,0,nan,nan,nan,nan,nan,nan,nan
14579,1,5,5,0,0,0,1,666,0,0,0,0,0,0,0,nan,nan,nan,nan,nan,nan,nan
14580,1,5,5,0,0,0,1,666,0,0,0,0,0,0,0,nan,nan,nan,nan,nan,nan,nan
14581,1,5,5,0,0,0,1,666,0,0,0,0,0,0,0,nan,nan,nan,nan,nan,nan,nan
14582,1,5,5,0,0,0,1,666,0,0,0,0,0,0,0,nan,nan,nan,nan,nan,nan,nan
14583,1,5,5,0,0,0,0,667,0,0,0,0,0,0,0,nan,nan,nan,nan,nan,nan,19.854569058818015
14584,1,5,5,0,0,0,0,667,0,0,0,0,0,0,0,nan,nan,nan,nan,nan,nan,nan
14585,1,5,5,0,0,0,0,667,0,0,0,0,0,0,0,nan,nan,nan,nan,nan,nan,nan
14586,1,5,5,0,0,0,0,667,0,0,0,0,0,0,0,nan,nan,nan,nan,nan,nan,nan
14587,1,5,5,0,0,1,0,667,0,0,0,0,1,0,0,nan,nan,nan,nan,17.31449517242254,nan,nan
14588,1,5,5,0,0,1,0,667,0,2,0,0,1,0,0,nan,29.212774702991737,nan,nan,nan,nan,nan
14589,1,5,5,0,0,1,0,667,0,2,0,0,1,0,0,nan,nan,nan,nan,nan,nan,nan
14590,1,5,5,0,0,1,0,667,0,2,0,0,1,0,0,nan,nan,nan,nan,nan,nan,nan
14591,1,5,5,0,0,1,0,667,0,2,0,1,0,0,0,nan,nan,nan,23.213382762740366,nan,nan,nan
14592,1,5,5,0,0,1,0,667,0,2,0,1,0,0,0,nan,nan,nan,nan,nan,nan,nan
14593,1,5,5,0,0,1,0,667,0,2,0,1,0,0,0,nan,nan,nan,nan,nan,nan,nan
14594,1,5,5,0,0,1,0,668,0,2,0,1,0,0,1,nan,nan,nan,nan,nan,nan,11.885781518778458
14595,1,5,5,0,0,1,0,668,0,2,0,1,0,0,1,nan,nan,nan,nan,nan,nan,nan
14596,1,5,5,0,0,1,0,668,0,2,0,1,0,0,1,nan,nan,nan,nan,nan,nan,nan
14597,1,5,5,0,0,1,0,668,2,2,0,1,0,0,1,28.916024032991118,nan,nan,nan,nan,nan,nan
14598,1,5,5,0,0,1,0,668,2,2,0,1,0,0,1,nan,nan,nan,nan,nan,nan,nan
14599,1,5,5,0,0,1,0,668,2,2,0,1,0,0,1,nan,nan,nan,nan,nan,nan,nan
14600,1,5,5,0,0,1,0,668,2,2,0,1,0,0,1,nan,nan,nan,nan,nan,nan,nan
14601,1,5,5,0,0,0,0,668,2,2,0,1,0,0,0,nan,nan,nan,nan,nan,52.31765355609059,nan
14602,1,5,5,0,0,0,0,668,2,2,0,1,0,0,0,nan,nan,nan,nan,nan,nan,nan
14603,1,5,5,0,0,0,0,668,2,2,0,1,0,0,0,nan,nan,nan,nan,nan,nan,nan
14604,1,5,5,0,0,0,0,668,2,2,0,1,0,0,0,nan,nan,nan,nan,nan,nan,nan
14605,1,5,5,0,0,0,0,668,2,2,0,1,0,0,0,nan,nan,nan,nan,nan,nan,nan
14606,1,5,5,0,0,0,0,668,2,2,0,1,0,0,0,nan,nan,nan,nan,nan,nan,nan
14607,1,5,5,0,0,0,0,668,2,2,0,1,0,0,0,nan,nan,nan,nan,nan,nan,nan
14608,1,5,5,0,0,0,0,668,0,0,0,0,0,0,0,nan,nan,30.690748455599532,nan,nan,nan,nan
14609,1,5,5,0,0,0,0,668,0,0,0,0,0,0,0,nan,nan,nan,nan,nan,nan,nan
14610,1,5,5,0,0,0,0,668,0,0,0,0,0,0,0,nan,nan,nan,nan,nan,nan,nan
14611,1,5,5,0,0,1,0,668,0,0,0,0,1,0,0,nan,nan,nan,nan,23.947247325906574,nan,nan
14612,1,5,5,0,0,1,0,668,0,0,0,0,1,0,0,nan,nan,nan,nan,nan,nan,nan
14613,1,5,5,0,0,1,0,668,0,0,0,0,1,0,0,nan,nan,nan,nan,nan,nan,nan
14614,1,5,5,0,0,1,0,668,0,0,0,0,1,0,0,nan,nan,nan,nan,nan,nan,nan
14615,1,5,5,0,0,1,0,668,0,0,0,0,1,0,0,nan,nan,nan,nan,nan,nan,nan
14616,1,5,5,0,0,0,1,668,0,0,0,0,1,0,0,nan,nan,nan,nan,nan,15.54048156375211,nan
14617,1,5,5,0,0,0,1,668,0,0,0,0,1,0,0,nan,nan,nan,nan,nan,nan,nan
14618,1,5,5,0,0,0,1,668,0,0,0,0,1,0,0,nan,nan,nan,nan,nan,nan,nan
14619,1,5,5,0,0,0,1,668,2,0,0,0,1,0,0,22.214529788298023,nan,nan,nan,nan,nan,nan
14620,1,5,5,0,0,0,1,668,2,0,0,0,1,0,0,nan,nan,nan,nan,nan,nan,nan
14621,1,5,5,0,0,0,1,668,2,0,0,0,1,0,0,nan,nan,nan,nan,nan,nan,nan
14622,1,5,5,0,0,0,1,668,2,2,0,0,1,0,0,nan,34.36059682809173,nan,nan,nan,nan,nan
14623,1,5,5,0,0,0,1,668,2,2,0,0,1,0,0,nan,nan,nan,nan,nan,nan,nan
14624,1,5,5,0,0,0,1,668,2,2,0,0,1,0,0,nan,nan,nan,nan,nan,nan,nan
14625,1,5,5,0,0,0,1,668,2,2,0,0,1,0,0,nan,nan,nan,nan,nan,nan,nan
14626,1,5,5,0,0,0,0,669,2,2,0,0,1,0,0,nan,nan,nan,nan,nan,nan,31.424679620988172
14627,1,5,5,0,0,0,0,669,2,2,0,1,0,0,0,nan,nan,nan,36.14133188843334,nan,nan,nan
14628,1,5,5,0,0,0,0,669,2,2,0,1,0,0,0,nan,nan,nan,nan,nan,nan,nan
14629,1,5,5,0,0,0,0,669,2,2,0,1,0,0,0,nan,nan,nan,nan,nan,nan,nan
14630,1,5,5,0,0,0,0,669,2,2,0,1,0,0,0,nan,nan,nan,nan,nan,nan,nan
14631,1,5,5,0,0,0,0,669,2,2,0,1,0,0,0,nan,nan,nan,nan,nan,nan,nan
14632,1,5,5,0,0,0,0,669,2,2,0,1,0,0,0,nan,nan,nan,nan,nan,nan,nan
14633,1,5,5,0,0,0,0,669,2,2,0,1,0,0,0,nan,nan,nan,nan,nan,nan,nan
14634,1,5,5,0,0,0,0,669,2,2,0,1,0,0,0,nan,nan,nan,nan,nan,nan,nan
14635,1,5,5,0,0,0,0,669,2,2,0,1,0,0,0,nan,nan,nan,nan,nan,nan,nan
14636,1,5,5,0,0,0,0,669,2,2,0,1,0,0,0,nan,nan,nan,nan,nan,nan,nan
14637,1,5,5,0,0,0,0,669,2,2,0,1,0,0,0,nan,nan,nan,nan,nan,nan,nan
14638,1,5,5,0,0,0,0,669,2,2,0,1,0,0,0,nan,nan,nan,nan,nan,nan,nan
14639,1,5,5,0,0,0,0,669,2,2,0,1,0,0,0,nan,nan,nan,nan,nan,nan,nan
14640,1,5,5,0,0,0,1,669,2,2,0,1,0,1,0,nan,nan,nan,nan,nan,23.528490056041846,nan
14641,1,5,5,0,0,0,1,669,2,2,0,1,0,1,0,nan,nan,nan,nan,nan,nan,nan
14642,1,5,5,0,0,0,1,669,2,2,0,1,0,1,0,nan,nan,nan,nan,nan,nan,nan
14643,1,5,5,0,0,0,0,670,0,0,0,0,1,0,0,nan,nan,35.19652360795226,nan,32.250156178091856,nan,16.831008064271373
14644,1,5,5,0,0,0,0,670,0,0,0,0,1,0,0,nan,nan,nan,nan,nan,nan,nan
14645,1,5,5,0,0,0,0,670,0,0,0,0,1,0,0,nan,nan,nan,nan,nan,nan,nan
14646,1,5,5,0,0,0,0,670,0,0,0,0,1,0,0,nan,nan,nan,nan,nan,nan,nan
14647,1,5,5,0,0,0,0,670,0,0,0,0,1,0,0,nan,nan,nan,nan,nan,nan,nan
14648,1,5,5,0,0,0,0,670,0,0,0,0,1,0,0,nan,nan,nan,nan,nan,nan,nan
14649,1,5,5,0,0,0,0,670,0,0,0,0,1,0,0,nan,nan,nan,nan,nan,nan,nan
14650,1,5,5,0,0,0,0,670,0,0,0,0,1,0,0,nan,nan,nan,nan,nan,nan,nan
14651,1,5,5,0,0,0,0,670,0,0,0,0,1,0,0,nan,nan,nan,nan,nan,nan,nan
14652,1,5,5,0,0,0,0,670,0,0,0,0,1,0,0,nan,nan,nan,nan,nan,nan,nan
14653,1,5,5,0,0,0,0,670,0,0,0,1,0,0,0,nan,nan,nan,25.806475104187484,nan,nan,nan
14654,1,5,5,0,0,0,0,670,0,0,0,1,0,0,0,nan,nan,nan,nan,nan,nan,nan
14655,1,5,5,0,0,0,0,670,0,0,0,1,0,0,0,nan,nan,nan,nan,nan,nan,nan
14656,1,5,5,0,0,0,0,670,0,2,0,1,0,0,0,nan,33.764674153349915,nan,nan,nan,nan,nan
14657,1,5,5,0,0,0,0,670,0,2,0,1,0,0,0,nan,nan,nan,nan,nan,nan,nan
14658,1,4,5,0,0,0,1,670,0,0,0,0,0,1,0,nan,nan,14.640412051330713,nan,nan,18.08404707054615,nan
14659,1,5,5,0,0,0,1,670,0,0,0,0,0,1,0,39.976821986758296,nan,nan,nan,nan,nan,nan
14660,1,5,5,0,0,0,1,670,0,0,0,0,0,1,0,nan,nan,nan,nan,nan,nan,nan
14661,1,5,5,0,0,0,1,670,0,0,0,0,0,1,0,nan,nan,nan,nan,nan,nan,nan
14662,1,5,5,0,0,0,1,670,0,0,0,0,0,1,0,nan,nan,nan,nan,nan,nan,nan
14663,1,5,5,0,0,0,1,670,0,0,0,0,0,1,0,nan,nan,nan,nan,nan,nan,nan
14664,1,5,5,0,0,0,0,671,0,0,0,0,0,1,0,nan,nan,nan,nan,nan,nan,21.024882621743018
14665,1,5,5,0,0,0,0,671,0,0,0,0,0,1,0,nan,nan,nan,nan,nan,nan,nan
14666,1,5,5,0,0,0,0,671,0,0,0,0,0,1,0,nan,nan,nan,nan,nan,nan,nan
14667,1,5,5,0,0,0,0,671,0,0,0,0,0,1,0,nan,nan,nan,nan,nan,nan,nan
14668,1,5,5,0,0,0,0,671,0,0,0,0,0,1,0,nan,nan,nan,nan,nan,nan,nan
14669,1,5,5,0,0,0,0,671,0,0,0,0,0,1,0,nan,nan,nan,nan,nan,nan,nan
14670,1,5,5,0,0,0,0,671,0,0,0,0,1,0,0,nan,nan,nan,nan,26.352082563571457,nan,nan
14671,1,5,5,0,0,0,0,671,0,0,0,0,1,0,0,nan,nan,nan,nan,nan,nan,nan
14672,1,5,5,0,0,0,0,671,2,0,0,0,1,0,0,12.525633521760028,nan,nan,nan,nan,nan,nan
14673,1,5,5,0,0,0,0,671,2,0,0,0,1,0,0,nan,nan,nan,nan,nan,nan,nan
14674,1,5,5,0,0,0,0,671,2,0,0,0,1,0,0,nan,nan,nan,nan,nan,nan,nan
14675,1,5,5,0,0,0,0,672,2,0,0,0,1,0,1,nan,nan,nan,nan,nan,nan,11.250504594621816
14676,1,5,5,0,0,0,0,672,2,0,0,0,1,0,1,nan,nan,nan,nan,nan,nan,nan
14677,1,5,5,0,0,0,0,672,2,0,0,0,1,0,1,nan,nan,nan,nan,nan,nan,nan
14678,1,5,5,0,0,0,0,672,2,0,0,0,1,0,1,nan,nan,nan,nan,nan,nan,nan
14679,1,5,4,1,0,0,0,672,2,0,0,0,1,0,1,nan,nan,21.600924593869422,nan,nan,nan,nan
14680,1,5,5,1,0,0,0,672,0,0,0,0,1,0,1,nan,24.595343649863935,nan,nan,nan,nan,nan
14681,1,5,5,1,0,0,0,672,0,0,0,0,1,0,1,nan,nan,nan,nan,nan,nan,nan
14682,1,5,5,1,0,0,0,672,0,0,0,0,1,0,1,nan,nan,nan,nan,nan,nan,nan
14683,1,5,5,1,0,0,0,672,0,0,0,0,1,0,1,nan,nan,nan,nan,nan,nan,nan
14684,1,5,5,0,0,0,0,672,0,0,0,0,0,0,1,nan,nan,nan,30.955925916319757,nan,nan,nan
14685,1,5,5,0,0,0,0,672,0,0,0,0,0,1,0,nan,nan,nan,nan,nan,26.8419195432798,nan
14686,1,5,5,0,0,0,0,672,0,0,0,0,0,1,0,nan,nan,nan,nan,nan,nan,nan
14687,1,5,5,0,0,0,0,672,0,0,0,0,0,1,0,nan,nan,nan,nan,nan,nan,nan
14688,1,5,5,0,0,0,0,672,0,0,0,0,0,1,0,nan,nan,nan,nan,nan,nan,nan
14689,1,5,5,0,0,0,0,672,0,0,0,0,0,1,0,nan,nan,nan,nan,nan,nan,nan
14690,1,5,5,0,0,0,0,672,0,0,0,0,0,1,0,nan,nan,nan,nan,nan,nan,nan
14691,1,5,5,0,0,0,0,672,2,0,0,0,0,1,0,19.4182541745231,nan,nan,nan,nan,nan,nan
14692,1,5,5,0,0,0,0,672,2,0,0,0,0,1,0,nan,nan,nan,nan,nan,nan,nan
14693,1,5,5,0,0,0,0,672,2,0,0,0,0,1,0,nan,nan,nan,nan,nan,nan,nan
14694,1,5,5,0,0,0,0,672,2,0,0,0,0,1,0,nan,nan,nan,nan,nan,nan,nan
14695,1,5,5,0,0,0,0,672,2,0,0,0,0,1,0,nan,nan,nan,nan,nan,nan,nan
14696,1,5,5,0,0,0,0,672,2,0,0,0,0,1,0,nan,nan,nan,nan,nan,nan,nan
14697,1,5,5,0,0,0,0,672,2,0,0,1,0,0,0,nan,nan,nan,13.021463634802785,27.416289724780654,nan,nan
14698,1,5,5,0,0,0,0,672,2,0,0,1,0,0,0,nan,nan,nan,nan,nan,nan,nan
14699,1,5,5,0,0,0,0,672,2,0,0,1,0,0,0,nan,nan,nan,nan,nan,nan,nan
14700,1,5,5,0,0,0,0,672,2,0,0,1,0,0,0,nan,nan,nan,nan,nan,nan,nan
14701,1,5,5,0,0,0,0,672,2,0,0,1,0,0,0,nan,nan,nan,nan,nan,nan,nan
14702,1,5,5,0,0,0,0,672,2,0,0,1,0,0,0,nan,nan,nan,nan,nan,nan,nan
14703,1,5,5,0,0,0,0,673,2,0,0,1,0,0,1,nan,nan,nan,nan,nan,nan,28.52314421725532
14704,1,5,5,0,0,0,0,673,2,0,0,1,0,0,1,nan,nan,nan,nan,nan,nan,nan
14705,1,5,5,0,0,0,0,673,2,0,0,1,0,0,1,nan,nan,nan,nan,nan,nan,nan
14706,1,5,5,0,0,0,0,673,2,0,0,1,0,0,1,nan,nan,nan,nan,nan,nan,nan
14707,1,5,4,0,0,0,0,673,2,0,0,0,0,0,1,nan,nan,27.68574163833182,nan,nan,nan,nan
14708,1,5,5,0,0,0,0,673,0,0,0,0,0,0,1,nan,27.636664804711472,nan,nan,nan,nan,nan
14709,1,5,5,0,0,0,0,673,0,0,0,0,0,0,1,nan,nan,nan,nan,nan,nan,nan
14710,1,5,5,0,0,0,0,673,0,0,0,0,0,0,1,nan,nan,nan,nan,nan,nan,nan
14711,1,5,5,0,0,0,0,673,0,0,0,0,0,0,1,nan,nan,nan,nan,nan,nan,nan
14712,1,5,5,0,0,0,0,673,0,0,0,0,0,0,1,nan,nan,nan,nan,nan,nan,nan
14713,1,5,5,0,0,0,0,673,0,0,0,0,0,0,1,nan,nan,nan,nan,nan,nan,nan
14714,1,5,5,0,0,0,0,673,0,0,0,0,0,0,1,nan,nan,nan,nan,nan,nan,nan
14715,1,5,5,0,0,0,0,673,0,0,0,0,0,0,1,nan,nan,nan,nan,nan,nan,nan
14716,1,5,5,0,0,0,0,673,0,0,0,0,0,0,1,nan,nan,nan,nan,nan,nan,nan
14717,1,5,5,0,0,0,0,673,0,0,0,0,0,1,0,nan,nan,nan,nan,nan,32.59993291962928,nan
14718,1,5,5,0,0,0,0,673,0,0,0,0,0,1,0,nan,nan,nan,nan,nan,nan,nan
14719,1,5,5,0,0,0,0,673,2,0,0,0,0,1,0,27.84415585710849,nan,nan,nan,nan,nan,nan
14720,1,5,5,0,0,0,0,673,2,0,0,0,0,1,0,nan,nan,nan,nan,nan,nan,nan
14721,1,5,5,0,0,0,0,673,2,0,0,0,0,1,0,nan,nan,nan,nan,nan,nan,nan
14722,1,5,5,0,0,0,0,673,2,0,0,0,0,1,0,nan,nan,nan,nan,nan,nan,nan
14723,1,5,4,1,0,0,0,673,2,0,0,0,0,1,0,nan,nan,16.125812217116618,nan,nan,nan,nan
14724,1,5,4,1,0,0,0,673,2,0,0,0,0,1,0,nan,nan,nan,nan,nan,nan,nan
14725,1,5,4,0,0,0,0,673,2,0,0,0,0,0,0,nan,nan,nan,28.02458183688759,27.67521359321472,nan,nan
14726,1,5,4,0,0,0,0,673,2,0,0,0,0,0,0,nan,nan,nan,nan,nan,nan,nan
14727,1,5,4,0,0,0,0,673,2,0,0,0,0,0,0,nan,nan,nan,nan,nan,nan,nan
14728,1,5,4,0,0,0,0,673,2,0,0,0,0,0,0,nan,nan,nan,nan,nan,nan,nan
14729,1,5,4,0,0,0,0,673,2,0,0,0,0,0,0,nan,nan,nan,nan,nan,nan,nan
14730,1,5,4,0,0,0,0,673,2,0,0,0,0,0,0,nan,nan,nan,nan,nan,nan,nan
14731,1,5,4,0,0,0,0,673,2,0,0,0,0,0,0,nan,nan,nan,nan,nan,nan,nan
14732,1,5,5,0,0,0,0,673,0,0,0,0,0,0,0,nan,23.936087845740985,nan,nan,nan,nan,nan
14733,1,5,5,0,0,0,0,673,0,0,0,0,0,0,0,nan,nan,nan,nan,nan,nan,nan
14734,1,5,5,0,0,0,0,673,0,0,0,0,0,0,0,nan,nan,nan,nan,nan,nan,nan
14735,1,5,5,0,0,0,0,673,0,0,0,0,0,0,0,nan,nan,nan,nan,nan,nan,nan
14736,1,5,5,0,0,0,0,674,0,0,0,0,0,0,1,nan,nan,nan,nan,nan,nan,32.05593549090372
14737,1,5,5,0,0,0,0,674,0,0,0,0,0,0,1,nan,nan,nan,nan,nan,nan,nan
14738,1,5,5,0,0,0,0,674,0,0,0,0,0,0,1,nan,nan,nan,nan,nan,nan,nan
14739,1,5,5,0,0,0,0,674,0,0,0,0,0,0,1,nan,nan,nan,nan,nan,nan,nan
14740,1,5,5,0,0,0,0,674,0,0,0,0,0,0,1,nan,nan,nan,nan,nan,nan,nan
14741,1,5,5,0,0,0,0,674,0,0,0,0,0,0,1,nan,nan,nan,nan,nan,nan,nan
14742,1,5,5,0,0,0,0,674,0,0,0,0,0,0,1,nan,nan,nan,nan,nan,nan,nan
14743,1,5,5,0,1,0,0,674,2,0,0,1,0,0,1,24.218090046519137,nan,nan,18.512463865527025,nan,nan,nan
14744,1,5,5,0,1,0,0,674,2,0,0,1,0,1,0,nan,nan,nan,nan,nan,26.929165938679944,nan
14745,1,5,5,0,1,0,0,674,2,2,0,1,0,1,0,nan,13.06091876755454,nan,nan,nan,nan,nan
14746,1,5,5,0,1,0,0,674,2,2,0,1,0,1,0,nan,nan,nan,nan,nan,nan,nan
14747,1,5,5,0,0,0,0,674,2,2,0,1,0,0,0,nan,nan,nan,nan,22.72479913954703,nan,nan
14748,1,5,5,0,0,0,0,674,2,2,0,1,0,0,0,nan,nan,nan,nan,nan,nan,nan
14749,1,5,5,0,0,0,0,674,2,2,0,1,0,0,0,nan,nan,nan,nan,nan,nan,nan
14750,1,5,5,0,0,0,0,674,2,2,0,1,0,0,0,nan,nan,nan,nan,nan,nan,nan
14751,1,5,5,0,0,0,0,674,2,2,0,1,0,0,0,nan,nan,nan,nan,nan,nan,nan
14752,1,5,5,0,0,0,0,674,2,2,0,1,0,0,0,nan,nan,nan,nan,nan,nan,nan
14753,1,5,5,0,0,0,0,674,2,2,0,1,0,0,0,nan,nan,nan,nan,nan,nan,nan
14754,1,5,5,0,0,0,0,674,2,2,0,1,0,0,0,nan,nan,nan,nan,nan,nan,nan
14755,1,5,5,0,0,0,0,674,2,2,0,1,0,0,0,nan,nan,nan,nan,nan,nan,nan
14756,1,5,5,0,0,0,0,674,2,2,0,1,0,0,0,nan,nan,nan,nan,nan,nan,nan
14757,1,5,5,0,0,0,0,674,0,0,0,0,0,0,0,nan,nan,33.293644546667565,nan,nan,nan,nan
14758,1,5,5,0,0,0,0,674,0,0,0,0,0,0,0,nan,nan,nan,nan,nan,nan,nan
14759,1,5,5,0,0,0,0,674,0,0,0,0,0,0,0,nan,nan,nan,nan,nan,nan,nan
14760,1,5,5,0,0,0,0,675,0,0,0,0,0,0,1,nan,nan,nan,nan,nan,nan,24.80319834662805
14761,1,5,5,0,0,0,0,675,0,0,0,0,0,0,1,nan,nan,nan,nan,nan,nan,nan
14762,1,5,5,0,0,0,0,675,0,0,0,0,0,0,1,nan,nan,nan,nan,nan,nan,nan
14763,1,5,5,0,0,0,0,675,0,0,0,0,0,0,1,nan,nan,nan,nan,nan,nan,nan
14764,1,5,5,0,0,0,0,675,0,0,0,0,0,1,0,nan,nan,nan,nan,nan,20.141318535686878,nan
14765,1,5,5,0,0,0,0,675,0,0,0,0,1,0,0,nan,nan,nan,nan,17.82691673343834,nan,nan
14766,1,5,5,0,0,0,0,675,0,0,0,0,1,0,0,nan,nan,nan,nan,nan,nan,nan
14767,1,5,5,0,0,0,0,675,0,2,0,0,1,0,0,nan,22.42757245185021,nan,nan,nan,nan,nan
14768,1,5,5,0,0,0,0,675,0,2,0,0,1,0,0,nan,nan,nan,nan,nan,nan,nan
14769,1,5,5,0,0,0,0,675,0,2,0,0,1,0,0,nan,nan,nan,nan,nan,nan,nan
14770,1,5,5,0,0,0,0,675,0,2,0,0,1,0,0,nan,nan,nan,nan,nan,nan,nan
14771,1,5,5,0,0,0,0,675,2,2,0,0,1,0,0,27.573766915600572,nan,nan,nan,nan,nan,nan
14772,1,5,5,0,0,0,0,675,2,2,0,0,1,0,0,nan,nan,nan,nan,nan,nan,nan
14773,1,5,5,1,0,0,0,675,0,0,0,0,1,0,0,nan,nan,16.50374567265135,nan,nan,nan,nan
14774,1,5,5,1,0,0,0,675,0,0,0,0,1,0,0,nan,nan,nan,nan,nan,nan,nan
14775,1,5,5,1,0,0,0,675,0,0,0,0,1,0,0,nan,nan,nan,nan,nan,nan,nan
14776,1,5,5,1,0,0,0,675,0,0,0,0,1,0,0,nan,nan,nan,nan,nan,nan,nan
14777,1,5,5,0,0,0,0,675,0,0,0,0,0,0,0,nan,nan,nan,33.35051277146704,nan,nan,nan
14778,1,5,5,0,0,0,0,675,0,0,0,0,0,0,0,nan,nan,nan,nan,nan,nan,nan
14779,1,5,5,0,0,0,0,675,0,0,0,0,0,0,0,nan,nan,nan,nan,nan,nan,nan
14780,1,5,5,0,0,0,0,675,0,0,0,0,0,0,0,nan,nan,nan,nan,nan,nan,nan
14781,1,5,5,0,0,0,0,675,0,0,0,0,0,0,0,nan,nan,nan,nan,nan,nan,nan
14782,1,5,5,0,0,0,1,675,0,0,0,0,0,1,0,nan,nan,nan,nan,nan,17.72414273425784,nan
14783,1,5,5,0,0,0,1,675,0,0,0,0,0,1,0,nan,nan,nan,nan,nan,nan,nan
14784,1,5,5,0,0,0,1,675,0,0,0,0,0,1,0,nan,nan,nan,nan,nan,nan,nan
14785,1,5,5,0,0,0,1,675,0,0,0,0,0,1,0,nan,nan,nan,nan,nan,nan,nan
14786,1,5,5,0,0,0,1,675,0,0,0,0,0,1,0,nan,nan,nan,nan,nan,nan,nan
14787,1,5,5,0,0,0,0,676,0,0,0,0,0,1,0,nan,nan,nan,nan,nan,nan,26.558180991352856
14788,1,5,5,0,0,0,0,676,0,0,0,0,0,1,0,nan,nan,nan,nan,nan,nan,nan
14789,1,5,5,0,1,0,0,676,0,0,0,1,0,1,0,nan,nan,nan,12.23920456652013,nan,nan,nan
14790,1,5,5,0,1,0,0,676,0,0,0,1,0,1,0,nan,nan,nan,nan,nan,nan,nan
14791,1,5,5,0,0,0,0,676,0,0,0,1,0,0,0,nan,nan,nan,nan,25.782511455287022,nan,nan
14792,1,5,4,0,0,0,0,676,0,0,0,0,0,0,0,nan,nan,18.8057346380956,nan,nan,nan,nan
14793,1,5,4,0,0,0,0,676,0,0,0,0,0,0,0,nan,nan,nan,nan,nan,nan,nan
14794,1,5,4,0,0,0,0,676,0,0,0,0,0,0,0,nan,nan,nan,nan,nan,nan,nan
14795,1,5,4,0,0,0,0,676,0,0,0,0,0,0,0,nan,nan,nan,nan,nan,nan,nan
14796,1,5,4,0,0,0,0,676,0,0,0,0,0,0,0,nan,nan,nan,nan,nan,nan,nan
14797,1,5,4,0,0,0,0,676,0,0,0,0,0,0,0,nan,nan,nan,nan,nan,nan,nan
14798,1,5,4,0,0,0,0,676,0,0,0,0,0,0,0,nan,nan,nan,nan,nan,nan,nan
14799,1,5,4,0,0,0,0,676,0,0,0,0,0,0,0,nan,nan,nan,nan,nan,nan,nan
14800,1,5,4,0,0,0,0,676,0,0,0,0,0,0,0,nan,nan,nan,nan,nan,nan,nan
14801,1,5,4,0,0,0,0,676,0,0,0,0,0,0,0,nan,nan,nan,nan,nan,nan,nan
14802,1,4,5,0,1,0,0,677,0,0,0,1,0,0,1,nan,34.79990923891273,nan,13.29131004714327,nan,nan,15.376307948557951
14803,1,4,5,0,1,0,0,677,0,0,0,1,0,0,1,nan,nan,nan,nan,nan,nan,nan
14804,1,5,5,0,1,0,0,677,0,0,0,1,0,0,1,33.5369944103586,nan,nan,nan,nan,nan,nan
14805,1,5,5,0,1,0,0,677,0,0,0,1,0,0,1,nan,nan,nan,nan,nan,nan,nan
14806,1,5,5,0,1,0,0,677,0,0,0,1,0,0,1,nan,nan,nan,nan,nan,nan,nan
14807,1,5,5,0,1,0,0,677,0,0,0,1,0,0,1,nan,nan,nan,nan,nan,nan,nan
14808,1,5,5,0,1,0,0,677,0,0,0,1,0,0,1,nan,nan,nan,nan,nan,nan,nan
14809,1,5,4,0,1,0,0,677,0,0,0,0,0,0,1,nan,nan,17.41295481754605,nan,nan,nan,nan
14810,1,5,4,0,1,0,0,677,0,0,0,0,0,0,1,nan,nan,nan,nan,nan,nan,nan
14811,1,5,4,0,1,0,0,677,0,0,0,0,0,0,1,nan,nan,nan,nan,nan,nan,nan
14812,1,5,4,0,1,0,0,677,0,0,0,0,0,0,1,nan,nan,nan,nan,nan,nan,nan
14813,1,5,4,0,1,0,0,677,0,0,0,0,0,0,1,nan,nan,nan,nan,nan,nan,nan
14814,1,4,5,0,1,0,0,677,0,0,0,0,0,0,1,nan,12.038278415138848,nan,nan,nan,nan,nan
14815,1,4,5,0,0,0,0,677,0,0,0,0,0,0,0,nan,nan,nan,nan,23.55819078014065,32.620620960873566,nan
14816,1,4,5,0,0,0,0,677,0,0,0,0,0,0,0,nan,nan,nan,nan,nan,nan,nan
14817,1,4,5,0,0,0,0,677,0,0,0,0,0,0,0,nan,nan,nan,nan,nan,nan,nan
14818,1,5,5,0,0,0,0,677,0,0,0,0,0,0,0,13.914614731378606,nan,nan,nan,nan,nan,nan
14819,1,5,5,0,0,0,0,677,0,0,0,0,0,0,0,nan,nan,nan,nan,nan,nan,nan
14820,1,5,5,0,0,0,0,677,0,0,0,0,0,0,0,nan,nan,nan,nan,nan,nan,nan
14821,1,5,5,0,0,0,0,677,0,0,0,0,0,0,0,nan,nan,nan,nan,nan,nan,nan
14822,1,5,5,0,0,0,0,677,0,0,0,0,0,0,0,nan,nan,nan,nan,nan,nan,nan
14823,1,5,5,0,0,0,0,677,0,0,0,0,0,0,0,nan,nan,nan,nan,nan,nan,nan
14824,1,5,5,0,0,0,0,677,0,0,0,0,0,0,0,nan,nan,nan,nan,nan,nan,nan
14825,1,5,5,0,0,0,0,677,0,0,0,0,0,0,0,nan,nan,nan,nan,nan,nan,nan
14826,1,5,5,0,0,1,0,678,0,2,0,0,1,0,1,nan,12.312524608445528,nan,nan,11.348227598371523,nan,23.28106438845316
14827,1,5,5,0,0,1,0,678,0,2,0,0,1,0,1,nan,nan,nan,nan,nan,nan,nan
14828,1,5,5,0,0,1,0,678,0,2,0,0,1,0,1,nan,nan,nan,nan,nan,nan,nan
14829,1,5,5,0,0,1,0,678,2,2,0,0,1,0,1,10.480641819633092,nan,nan,nan,nan,nan,nan
14830,1,5,5,0,0,1,0,678,2,2,0,1,0,0,1,nan,nan,nan,27.408724649585565,nan,nan,nan
14831,1,5,5,0,0,1,0,678,2,2,0,1,0,0,1,nan,nan,nan,nan,nan,nan,nan
14832,1,5,5,0,0,1,0,678,2,2,0,1,0,0,1,nan,nan,nan,nan,nan,nan,nan
14833,1,5,5,0,0,1,0,678,2,2,0,1,0,0,1,nan,nan,nan,nan,nan,nan,nan
14834,1,5,5,0,0,1,0,678,2,2,0,1,0,0,1,nan,nan,nan,nan,nan,nan,nan
14835,1,5,5,0,0,1,0,678,2,2,0,1,0,0,1,nan,nan,nan,nan,nan,nan,nan
14836,1,5,5,0,0,1,0,678,2,2,0,1,0,0,1,nan,nan,nan,nan,nan,nan,nan
14837,1,5,5,0,0,1,0,678,0,0,0,0,0,0,1,nan,nan,27.70817878921298,nan,nan,nan,nan
14838,1,5,5,0,0,1,0,678,0,0,0,0,0,0,1,nan,nan,nan,nan,nan,nan,nan
14839,1,5,5,0,0,1,0,678,0,0,0,0,0,0,1,nan,nan,nan,nan,nan,nan,nan
14840,1,5,5,0,0,1,0,678,0,0,0,0,0,0,1,nan,nan,nan,nan,nan,nan,nan
14841,1,5,5,0,0,1,0,678,0,0,0,0,0,0,1,nan,nan,nan,nan,nan,nan,nan
14842,1,5,5,0,0,1,0,678,0,0,0,0,0,0,1,nan,nan,nan,nan,nan,nan,nan
14843,1,5,5,0,0,2,0,678,0,0,0,0,1,0,1,nan,nan,nan,nan,16.938532434101944,nan,nan
14844,1,5,5,0,0,1,0,678,0,0,0,0,1,0,0,nan,nan,nan,nan,nan,29.374481335284145,nan
14845,1,5,5,0,0,1,0,678,0,0,0,0,1,0,0,nan,nan,nan,nan,nan,nan,nan
14846,1,5,5,0,0,1,0,678,0,0,0,0,1,0,0,nan,nan,nan,nan,nan,nan,nan
14847,1,5,5,0,0,1,0,678,0,0,0,0,1,0,0,nan,nan,nan,nan,nan,nan,nan
14848,1,5,5,0,0,1,0,678,0,2,0,0,1,0,0,nan,21.305220470436325,nan,nan,nan,nan,nan
14849,1,5,5,0,0,1,0,678,0,2,0,0,1,0,0,nan,nan,nan,nan,nan,nan,nan
14850,1,5,5,0,0,1,0,678,0,2,0,0,1,0,0,nan,nan,nan,nan,nan,nan,nan
14851,1,5,5,0,0,1,0,678,0,2,0,0,1,0,0,nan,nan,nan,nan,nan,nan,nan
14852,1,5,5,0,0,1,0,678,0,2,0,0,1,0,0,nan,nan,nan,nan,nan,nan,nan
14853,1,5,5,0,0,1,0,678,0,2,0,0,1,0,0,nan,nan,nan,nan,nan,nan,nan
14854,1,5,5,0,0,1,0,678,0,2,0,0,1,0,0,nan,nan,nan,nan,nan,nan,nan
14855,1,5,5,0,0,1,0,678,0,2,0,0,1,0,0,nan,nan,nan,nan,nan,nan,nan
14856,1,5,5,0,0,1,0,678,0,2,0,0,1,0,0,nan,nan,nan,nan,nan,nan,nan
14857,1,5,5,0,0,1,0,679,0,2,0,0,1,0,1,nan,nan,nan,nan,nan,nan,31.046698987314812
14858,1,5,5,0,0,1,0,679,0,2,0,0,1,0,1,nan,nan,nan,nan,nan,nan,nan
14859,1,5,5,0,0,1,0,679,0,2,0,0,1,0,1,nan,nan,nan,nan,nan,nan,nan
14860,1,4,5,1,0,1,0,679,0,0,0,0,1,0,1,nan,nan,23.394698518968653,nan,nan,nan,nan
14861,1,4,5,1,0,1,0,679,0,0,0,0,1,0,1,nan,nan,nan,nan,nan,nan,nan
14862,1,4,5,1,0,1,0,679,0,0,0,0,1,0,1,nan,nan,nan,nan,nan,nan,nan
14863,1,4,5,1,0,1,0,679,0,0,0,0,1,0,1,nan,nan,nan,nan,nan,nan,nan
14864,1,4,5,1,0,1,0,679,0,0,0,0,1,0,1,nan,nan,nan,nan,nan,nan,nan
14865,1,4,5,1,0,1,0,679,0,0,0,0,1,0,1,nan,nan,nan,nan,nan,nan,nan
14866,1,4,5,1,0,0,0,679,0,0,0,0,1,0,0,nan,nan,nan,nan,nan,22.217578134561336,nan
14867,1,5,5,1,0,0,0,679,0,0,0,0,1,0,0,37.971877660867904,nan,nan,nan,nan,nan,nan
14868,1,5,5,1,0,0,0,679,0,0,0,0,1,0,0,nan,nan,nan,nan,nan,nan,nan
14869,1,5,5,1,0,0,0,679,0,0,0,0,1,0,0,nan,nan,nan,nan,nan,nan,nan
14870,1,5,5,1,0,0,0,679,0,0,0,0,1,0,0,nan,nan,nan,nan,nan,nan,nan
14871,1,5,5,1,0,0,0,679,0,0,0,0,1,0,0,nan,nan,nan,nan,nan,nan,nan
14872,1,5,5,0,0,0,0,679,0,0,0,0,0,0,0,nan,nan,nan,42.095937969390434,nan,nan,nan
14873,1,5,5,0,0,0,0,679,0,0,0,0,0,0,0,nan,nan,nan,nan,nan,nan,nan
14874,1,5,5,0,0,0,0,679,0,0,0,0,0,0,0,nan,nan,nan,nan,nan,nan,nan
14875,1,5,5,0,0,0,0,679,0,0,0,0,0,0,0,nan,nan,nan,nan,nan,nan,nan
14876,1,5,5,0,0,0,0,679,0,0,0,0,0,0,0,nan,nan,nan,nan,nan,nan,nan
14877,1,5,5,0,0,0,0,679,0,0,0,0,0,0,0,nan,nan,nan,nan,nan,nan,nan
14878,1,5,5,0,0,0,1,679,0,0,0,0,0,1,0,nan,nan,nan,nan,nan,11.59612360893334,nan
14879,1,5,5,0,0,0,1,679,0,0,0,0,0,1,0,nan,nan,nan,nan,nan,nan,nan
14880,1,5,5,0,0,0,1,679,0,2,0,0,0,1,0,nan,32.6627364385331,nan,nan,nan,nan,nan
14881,1,5,5,0,0,0,1,679,0,2,0,0,0,1,0,nan,nan,nan,nan,nan,nan,nan
14882,1,5,5,0,0,0,1,679,0,2,0,0,0,1,0,nan,nan,nan,nan,nan,nan,nan
14883,1,5,5,0,0,0,1,679,0,2,0,0,0,1,0,nan,nan,nan,nan,nan,nan,nan
14884,1,5,5,0,0,0,1,679,0,2,0,0,0,1,0,nan,nan,nan,nan,nan,nan,nan
14885,1,5,5,0,0,0,1,679,0,2,0,0,0,1,0,nan,nan,nan,nan,nan,nan,nan
14886,1,5,5,1,0,0,1,679,0,0,0,0,0,1,0,19.278637107558097,nan,25.981552409546566,nan,nan,nan,nan
14887,1,5,5,1,0,0,1,679,0,0,0,0,0,1,0,nan,nan,nan,nan,nan,nan,nan
14888,1,5,5,1,0,0,0,680,0,0,0,0,0,1,0,nan,nan,nan,nan,nan,nan,31.20883616692663
14889,1,5,5,1,0,0,0,680,0,0,0,0,0,1,0,nan,nan,nan,nan,nan,nan,nan
14890,1,5,5,0,1,0,0,680,0,0,0,0,0,1,0,nan,nan,nan,17.695316388910214,nan,nan,nan
14891,1,5,5,0,1,0,0,680,0,0,0,0,0,1,0,nan,nan,nan,nan,nan,nan,nan
14892,1,5,5,0,1,0,0,680,0,0,0,0,0,1,0,nan,nan,nan,nan,nan,nan,nan
14893,1,5,5,0,1,0,0,680,0,0,0,0,0,1,0,nan,nan,nan,nan,nan,nan,nan
14894,1,5,5,0,1,0,0,680,0,0,0,0,0,1,0,nan,nan,nan,nan,nan,nan,nan
14895,1,5,5,0,1,0,0,680,0,0,0,0,0,1,0,nan,nan,nan,nan,nan,nan,nan
14896,1,5,5,0,1,0,0,680,0,0,0,0,0,1,0,nan,nan,nan,nan,nan,nan,nan
14897,1,5,5,0,1,0,0,680,0,0,0,0,0,1,0,nan,nan,nan,nan,nan,nan,nan
14898,1,5,5,0,0,0,0,680,0,0,0,0,0,0,0,nan,nan,nan,nan,54.67889052780083,nan,nan
14899,1,5,5,0,0,0,0,680,2,0,0,0,0,0,0,13.225186841895265,nan,nan,nan,nan,nan,nan
14900,1,5,5,0,0,0,0,680,2,0,0,0,0,0,0,nan,nan,nan,nan,nan,nan,nan
14901,1,5,5,0,0,0,0,680,2,0,0,0,0,0,0,nan,nan,nan,nan,nan,nan,nan
14902,1,5,5,0,0,0,0,680,2,0,0,0,0,0,0,nan,nan,nan,nan,nan,nan,nan
14903,1,5,5,0,0,0,0,680,2,0,0,0,0,0,0,nan,nan,nan,nan,nan,nan,nan
14904,1,5,5,0,0,0,0,680,2,0,0,0,0,0,0,nan,nan,nan,nan,nan,nan,nan
14905,1,5,5,0,0,0,0,681,2,0,0,0,0,0,1,nan,nan,nan,nan,nan,nan,17.226636287588917
14906,1,5,5,0,0,0,0,681,2,0,0,0,0,0,1,nan,nan,nan,nan,nan,nan,nan
14907,1,5,4,1,0,0,0,681,2,0,0,0,0,0,1,nan,nan,20.31475763297567,nan,nan,nan,nan
14908,1,5,4,1,0,0,0,681,2,0,0,0,0,0,1,nan,nan,nan,nan,nan,nan,nan
14909,1,5,4,1,0,0,0,681,2,0,0,0,0,0,1,nan,nan,nan,nan,nan,nan,nan
14910,1,5,5,1,0,0,0,681,0,0,0,0,0,0,1,nan,29.119581677576207,nan,nan,nan,nan,nan
14911,1,5,5,1,0,0,0,681,0,0,0,0,0,0,1,nan,nan,nan,nan,nan,nan,nan
14912,1,5,5,1,0,0,0,681,0,0,0,0,0,0,1,nan,nan,nan,nan,nan,nan,nan
14913,1,5,5,0,1,0,0,681,0,0,0,0,0,0,1,nan,nan,nan,23.891165585795534,nan,nan,nan
14914,1,5,5,0,1,0,0,681,0,0,0,0,0,0,1,nan,nan,nan,nan,nan,nan,nan
14915,1,5,5,0,1,0,0,681,0,0,0,0,0,1,0,nan,nan,nan,nan,nan,37.011321434785714,nan
14916,1,5,5,0,0,0,0,681,0,0,0,0,0,0,0,nan,nan,nan,nan,18.287551896257355,nan,nan
14917,1,5,5,0,0,0,0,681,0,0,0,0,0,0,0,nan,nan,nan,nan,nan,nan,nan
14918,1,5,5,0,0,0,0,681,0,0,0,0,0,0,0,nan,nan,nan,nan,nan,nan,nan
14919,1,5,5,0,0,0,0,681,0,0,0,0,0,0,0,nan,nan,nan,nan,nan,nan,nan
14920,1,5,5,0,0,0,0,681,0,0,0,0,0,0,0,nan,nan,nan,nan,nan,nan,nan
14921,1,5,5,0,0,0,0,681,0,0,0,0,0,0,0,nan,nan,nan,nan,nan,nan,nan
14922,1,5,5,0,0,0,0,681,2,0,0,0,0,0,0,22.716340599341493,nan,nan,nan,nan,nan,nan
14923,1,5,4,1,0,0,0,681,2,0,0,0,0,0,0,nan,nan,16.393900222243246,nan,nan,nan,nan
14924,1,5,4,1,0,0,0,681,2,0,0,0,0,0,0,nan,nan,nan,nan,nan,nan,nan
14925,1,5,5,1,0,0,0,681,0,0,0,0,0,0,0,nan,15.30527242761491,nan,nan,nan,nan,nan
14926,1,5,5,1,0,0,0,681,0,0,0,0,0,0,0,nan,nan,nan,nan,nan,nan,nan
14927,1,5,5,1,0,0,0,681,0,0,0,0,0,0,0,nan,nan,nan,nan,nan,nan,nan
14928,1,5,5,1,0,0,0,681,0,0,0,0,0,0,0,nan,nan,nan,nan,nan,nan,nan
14929,1,5,5,1,0,0,0,681,0,0,0,0,0,0,0,nan,nan,nan,nan,nan,nan,nan
14930,1,5,5,1,0,0,1,681,0,0,0,0,0,1,0,nan,nan,nan,nan,nan,14.820580909268756,nan
14931,1,5,5,1,0,0,0,682,0,0,0,0,0,1,0,nan,nan,nan,nan,nan,nan,26.041585134264096
14932,1,5,5,1,0,0,0,682,0,0,0,0,0,1,0,nan,nan,nan,nan,nan,nan,nan
14933,1,5,5,1,0,0,0,682,0,0,0,0,1,0,0,nan,nan,nan,nan,17.067635427631103,nan,nan
14934,1,5,5,1,0,0,0,682,0,0,0,0,1,0,0,nan,nan,nan,nan,nan,nan,nan
14935,1,5,5,1,0,0,0,682,0,0,0,0,1,0,0,nan,nan,nan,nan,nan,nan,nan
14936,1,5,5,1,0,0,0,682,0,0,0,0,1,0,0,nan,nan,nan,nan,nan,nan,nan
14937,1,5,5,0,0,0,0,682,0,0,0,0,0,0,0,nan,nan,nan,23.92016246185449,nan,nan,nan
14938,1,5,5,0,0,0,0,682,0,0,0,0,0,0,0,nan,nan,nan,nan,nan,nan,nan
14939,1,5,5,0,0,0,0,682,0,0,0,0,0,0,0,nan,nan,nan,nan,nan,nan,nan
14940,1,5,5,0,0,0,0,682,0,0,0,0,0,0,0,nan,nan,nan,nan,nan,nan,nan
14941,1,5,4,1,0,0,0,682,0,0,0,0,0,0,0,nan,nan,17.735615591402166,nan,nan,nan,nan
14942,1,5,4,1,0,0,0,682,0,0,0,0,0,0,0,nan,nan,nan,nan,nan,nan,nan
14943,1,5,4,1,0,0,0,682,0,0,0,0,0,0,0,nan,nan,nan,nan,nan,nan,nan
14944,1,4,5,1,0,0,0,682,0,0,0,0,0,0,0,nan,19.301189464995332,nan,nan,nan,nan,nan
14945,1,4,5,1,0,0,0,683,0,0,0,0,0,0,1,nan,nan,nan,nan,nan,nan,14.299480995981867
14946,1,4,5,1,0,0,0,683,0,0,0,0,0,0,1,nan,nan,nan,nan,nan,nan,nan
14947,1,4,5,1,0,0,0,683,0,0,0,0,0,0,1,nan,nan,nan,nan,nan,nan,nan
14948,1,4,5,1,0,0,0,683,0,0,0,0,0,0,1,nan,nan,nan,nan,nan,nan,nan
14949,1,4,5,1,0,0,0,683,0,0,0,0,0,0,1,nan,nan,nan,nan,nan,nan,nan
14950,1,4,5,1,0,0,0,683,0,0,0,0,0,0,1,nan,nan,nan,nan,nan,nan,nan
14951,1,4,5,1,0,0,0,683,0,0,0,0,1,0,0,nan,nan,nan,nan,17.565436234976005,20.71442613119325,nan
14952,1,4,5,1,0,0,0,683,0,0,0,0,1,0,0,nan,nan,nan,nan,nan,nan,nan
14953,1,4,5,1,0,0,0,683,0,0,0,0,1,0,0,nan,nan,nan,nan,nan,nan,nan
14954,1,4,5,1,0,0,0,683,0,0,0,0,1,0,0,nan,nan,nan,nan,nan,nan,nan
14955,1,4,5,1,0,0,0,683,0,0,0,0,1,0,0,nan,nan,nan,nan,nan,nan,nan
14956,1,5,5,1,0,0,0,683,0,0,0,0,1,0,0,34.098537566917,nan,nan,nan,nan,nan,nan
14957,1,5,5,1,0,0,0,683,0,0,0,0,1,0,0,nan,nan,nan,nan,nan,nan,nan
14958,1,5,5,1,0,0,0,683,0,0,0,0,1,0,0,nan,nan,nan,nan,nan,nan,nan
14959,1,5,5,1,0,0,0,683,0,0,0,0,1,0,0,nan,nan,nan,nan,nan,nan,nan
14960,1,5,5,1,0,0,0,683,0,0,0,0,1,0,0,nan,nan,nan,nan,nan,nan,nan
14961,1,5,5,1,0,0,0,683,0,0,0,0,1,0,0,nan,nan,nan,nan,nan,nan,nan
14962,1,5,5,1,0,0,0,683,0,0,0,0,1,0,0,nan,nan,nan,nan,nan,nan,nan
14963,1,5,5,0,0,0,0,683,0,0,0,0,0,0,0,nan,nan,nan,25.27326488093786,nan,nan,nan
14964,1,5,5,0,0,0,0,683,0,0,0,0,0,0,0,nan,nan,nan,nan,nan,nan,nan
14965,1,5,5,0,0,0,0,683,0,0,0,0,0,0,0,nan,nan,nan,nan,nan,nan,nan
14966,1,5,4,1,0,0,0,683,0,0,0,0,0,0,0,nan,nan,25.32416120356902,nan,nan,nan,nan
14967,1,4,5,1,0,0,0,683,0,0,0,0,0,0,0,nan,23.1894250372643,nan,nan,nan,nan,nan
14968,1,4,5,1,0,0,0,683,0,0,0,0,0,0,0,nan,nan,nan,nan,nan,nan,nan
14969,1,4,5,1,0,0,0,683,0,0,0,0,0,0,0,nan,nan,nan,nan,nan,nan,nan
14970,1,4,5,1,0,0,1,683,0,0,0,0,0,1,0,nan,nan,nan,nan,nan,19.87129820942573,nan
14971,1,5,5,1,0,0,1,683,0,0,0,0,0,1,0,14.634780651955225,nan,nan,nan,nan,nan,nan
14972,1,5,5,1,0,0,1,683,0,0,0,0,0,1,0,nan,nan,nan,nan,nan,nan,nan
14973,1,5,5,1,0,0,1,683,0,0,0,0,0,1,0,nan,nan,nan,nan,nan,nan,nan
14974,1,5,5,1,0,0,1,683,0,0,0,0,0,1,0,nan,nan,nan,nan,nan,nan,nan
14975,1,5,5,1,0,0,1,683,0,0,0,0,0,1,0,nan,nan,nan,nan,nan,nan,nan
14976,1,5,5,1,0,0,0,684,0,0,0,0,0,1,0,nan,nan,nan,nan,nan,nan,30.165864384171073
14977,1,5,5,1,0,0,0,684,0,0,0,0,0,1,0,nan,nan,nan,nan,nan,nan,nan
14978,1,5,5,1,0,0,0,684,0,2,0,0,0,1,0,nan,10.576856757938003,nan,nan,nan,nan,nan
14979,1,5,5,1,0,0,0,684,0,2,0,0,0,1,0,nan,nan,nan,nan,nan,nan,nan
14980,1,5,5,1,0,0,0,684,0,2,0,0,0,1,0,nan,nan,nan,nan,nan,nan,nan
14981,1,5,5,0,1,0,0,684,0,2,0,0,0,1,0,nan,nan,nan,18.412316275236662,nan,nan,nan
14982,1,5,5,0,1,0,0,684,0,2,0,0,0,1,0,nan,nan,nan,nan,nan,nan,nan
14983,1,5,5,0,1,0,0,684,0,2,0,0,0,1,0,nan,nan,nan,nan,nan,nan,nan
14984,1,5,5,0,1,0,0,684,0,2,0,0,0,1,0,nan,nan,nan,nan,nan,nan,nan
14985,1,5,5,0,1,0,0,684,0,2,0,0,0,1,0,nan,nan,nan,nan,nan,nan,nan
14986,1,5,5,0,1,0,0,684,0,2,0,0,0,1,0,nan,nan,nan,nan,nan,nan,nan
14987,1,5,5,0,1,0,0,684,0,2,0,0,0,1,0,nan,nan,nan,nan,nan,nan,nan
14988,1,5,5,0,1,0,0,684,0,2,0,0,0,1,0,nan,nan,nan,nan,nan,nan,nan
14989,1,5,5,0,1,0,0,684,0,2,0,0,0,1,0,nan,nan,nan,nan,nan,nan,nan
14990,1,5,5,0,1,0,0,684,2,2,0,0,0,1,0,19.717376416750994,nan,nan,nan,nan,nan,nan
14991,1,5,5,0,1,0,0,685,2,2,0,0,0,1,1,nan,nan,nan,nan,nan,nan,15.34674511265439
14992,1,5,5,0,0,0,0,685,2,2,0,0,0,0,1,nan,nan,nan,nan,41.7792421110953,nan,nan
14993,1,5,5,0,0,0,0,685,2,2,0,0,0,0,1,nan,nan,nan,nan,nan,nan,nan
14994,1,5,5,1,0,0,0,685,0,0,0,0,0,0,1,nan,nan,28.31055313989782,nan,nan,nan,nan
14995,1,5,5,1,0,0,0,685,0,0,0,0,0,0,1,nan,nan,nan,nan,nan,nan,nan
14996,1,5,5,1,0,0,0,685,0,0,0,0,0,0,1,nan,nan,nan,nan,nan,nan,nan
14997,1,5,5,1,0,0,0,685,0,0,0,0,0,0,1,nan,nan,nan,nan,nan,nan,nan
14998,1,5,5,1,0,0,0,685,0,0,0,0,0,0,1,nan,nan,nan,nan,nan,nan,nan
14999,1,5,5,1,0,0,0,685,0,0,0,0,0,0,1,nan,nan,nan,nan,nan,nan,nan
15000,1,5,5,1,0,0,0,685,0,0,0,0,0,0,1,nan,nan,nan,nan,nan,nan,nan
15001,1,5,5,1,0,0,0,685,0,0,0,0,0,0,1,nan,nan,nan,nan,nan,nan,nan
15002,1,5,5,1,0,0,0,685,0,0,0,0,0,0,1,nan,nan,nan,nan,nan,nan,nan
15003,1,5,5,1,0,0,0,685,0,0,0,0,0,0,1,nan,nan,nan,nan,nan,nan,nan
15004,1,5,5,1,0,0,0,685,0,0,0,0,0,1,0,nan,nan,nan,nan,nan,33.38690264433899,nan
15005,1,5,5,1,0,0,0,685,0,0,0,0,0,1,0,nan,nan,nan,nan,nan,nan,nan
15006,1,5,5,1,0,0,0,685,2,0,0,0,0,1,0,16.11828920642074,nan,nan,nan,nan,nan,nan
15007,1,5,5,1,0,0,0,685,2,0,0,0,0,1,0,nan,nan,nan,nan,nan,nan,nan
15008,1,5,5,1,0,0,0,685,2,0,0,0,0,1,0,nan,nan,nan,nan,nan,nan,nan
15009,1,5,5,1,0,0,0,685,2,0,0,0,0,1,0,nan,nan,nan,nan,nan,nan,nan
15010,1,5,5,1,0,0,0,685,2,0,0,0,0,1,0,nan,nan,nan,nan,nan,nan,nan
15011,1,5,5,1,0,0,0,685,2,0,0,0,0,1,0,nan,nan,nan,nan,nan,nan,nan
15012,1,5,5,0,0,0,0,685,2,0,0,0,0,0,0,nan,nan,nan,30.60353474875592,20.04611684894553,nan,nan
15013,1,5,5,0,0,0,0,685,2,0,0,0,0,0,0,nan,nan,nan,nan,nan,nan,nan
15014,1,5,5,0,0,0,0,685,2,0,0,0,0,0,0,nan,nan,nan,nan,nan,nan,nan
15015,1,5,5,0,0,0,0,685,2,0,0,0,0,0,0,nan,nan,nan,nan,nan,nan,nan
15016,1,5,5,0,0,0,0,685,2,0,0,0,0,0,0,nan,nan,nan,nan,nan,nan,nan
15017,1,5,5,0,0,0,0,685,2,0,0,0,0,0,0,nan,nan,nan,nan,nan,nan,nan
15018,1,5,5,0,0,0,0,685,2,2,0,0,0,0,0,nan,40.274212421280026,nan,nan,nan,nan,nan
15019,1,5,5,0,0,0,0,685,2,2,0,0,0,0,0,nan,nan,nan,nan,nan,nan,nan
15020,1,5,5,0,0,0,0,685,2,2,0,0,0,0,0,nan,nan,nan,nan,nan,nan,nan
15021,1,5,5,0,0,0,0,686,2,2,0,0,0,0,1,nan,nan,nan,nan,nan,nan,29.761146017439387
15022,1,5,5,0,0,0,0,686,2,2,0,0,0,0,1,nan,nan,nan,nan,nan,nan,nan
15023,1,5,5,0,0,0,0,686,2,2,0,0,0,0,1,nan,nan,nan,nan,nan,nan,nan
15024,1,5,5,0,0,0,0,686,2,2,0,0,0,0,1,nan,nan,nan,nan,nan,nan,nan
15025,1,5,5,0,0,0,0,686,2,2,0,0,0,0,1,nan,nan,nan,nan,nan,nan,nan
15026,1,5,5,0,1,0,0,686,2,2,0,1,0,0,1,nan,nan,nan,14.076502468165927,nan,nan,nan
15027,1,5,5,0,1,0,0,686,2,2,0,1,0,0,1,nan,nan,nan,nan,nan,nan,nan
15028,1,5,5,0,1,0,0,686,2,2,0,1,0,0,1,nan,nan,nan,nan,nan,nan,nan
15029,1,5,5,0,1,0,0,686,2,2,0,1,0,0,1,nan,nan,nan,nan,nan,nan,nan
15030,1,5,5,0,1,0,0,686,2,2,0,1,0,0,1,nan,nan,nan,nan,nan,nan,nan
15031,1,5,5,0,1,0,0,686,2,2,0,1,0,1,0,nan,nan,nan,nan,nan,27.468581111916137,nan
15032,1,5,5,0,0,0,0,686,2,2,0,1,0,0,0,nan,nan,nan,nan,19.57497619061178,nan,nan
15033,1,5,5,0,0,0,0,686,2,2,0,1,0,0,0,nan,nan,nan,nan,nan,nan,nan
15034,1,5,5,0,0,0,0,686,2,2,0,1,0,0,0,nan,nan,nan,nan,nan,nan,nan
15035,1,5,5,0,0,0,0,686,2,2,0,1,0,0,0,nan,nan,nan,nan,nan,nan,nan
15036,1,5,5,0,0,0,0,686,2,2,0,1,0,0,0,nan,nan,nan,nan,nan,nan,nan
15037,1,5,5,0,0,0,0,686,2,2,0,1,0,0,0,nan,nan,nan,nan,nan,nan,nan
15038,1,5,5,0,0,0,0,686,2,2,0,1,0,0,0,nan,nan,nan,nan,nan,nan,nan
15039,1,5,5,0,0,0,0,686,0,0,0,0,0,0,0,nan,nan,44.93754440540579,nan,nan,nan,nan
15040,1,5,5,0,0,0,0,686,0,0,0,0,0,0,0,nan,nan,nan,nan,nan,nan,nan
15041,1,5,5,0,0,0,0,686,0,0,0,0,0,0,0,nan,nan,nan,nan,nan,nan,nan
15042,1,5,5,0,0,0,0,686,0,0,0,0,0,0,0,nan,nan,nan,nan,nan,nan,nan
15043,1,5,5,0,0,0,0,686,0,0,0,0,0,0,0,nan,nan,nan,nan,nan,nan,nan
15044,1,5,5,0,0,0,0,687,0,0,0,0,0,0,1,nan,nan,nan,nan,nan,nan,23.73608577057894
15045,1,5,5,0,0,0,0,687,0,0,0,0,0,1,0,nan,nan,nan,nan,nan,13.337577529264308,nan
15046,1,5,5,0,0,0,0,687,0,0,0,0,0,1,0,nan,nan,nan,nan,nan,nan,nan
15047,1,5,5,0,0,0,0,687,0,0,0,0,0,1,0,nan,nan,nan,nan,nan,nan,nan
15048,1,5,5,0,0,0,0,687,0,0,0,0,0,1,0,nan,nan,nan,nan,nan,nan,nan
15049,1,5,5,0,0,0,0,687,0,0,0,0,0,1,0,nan,nan,nan,nan,nan,nan,nan
15050,1,5,5,0,0,0,0,687,0,0,0,0,0,1,0,nan,nan,nan,nan,nan,nan,nan
15051,1,5,5,0,0,0,0,687,0,0,0,0,0,1,0,nan,nan,nan,nan,nan,nan,nan
15052,1,5,5,0,0,0,0,687,0,0,0,0,0,1,0,nan,nan,nan,nan,nan,nan,nan
15053,1,5,5,0,0,0,0,687,2,0,0,0,0,1,0,46.687408758733,nan,nan,nan,nan,nan,nan
15054,1,5,5,0,1,0,0,687,2,0,0,1,0,1,0,nan,nan,nan,27.94377067913956,nan,nan,nan
15055,1,5,5,0,0,0,0,687,2,0,0,1,0,0,0,nan,nan,nan,nan,22.885778051238958,nan,nan
15056,1,5,5,0,0,0,0,687,2,0,0,1,0,0,0,nan,nan,nan,nan,nan,nan,nan
15057,1,5,5,0,0,0,0,688,2,0,0,1,0,0,1,nan,nan,nan,nan,nan,nan,12.316808550753194
15058,1,5,5,0,0,0,0,688,2,0,0,1,0,0,1,nan,nan,nan,nan,nan,nan,nan
15059,1,5,4,0,0,0,0,688,2,0,0,0,0,0,1,nan,nan,19.87085948226195,nan,nan,nan,nan
15060,1,5,4,0,0,0,0,688,2,0,0,0,0,0,1,nan,nan,nan,nan,nan,nan,nan
15061,1,5,4,0,0,0,0,688,2,0,0,0,0,0,1,nan,nan,nan,nan,nan,nan,nan
15062,1,5,4,0,0,0,0,688,2,0,0,0,0,0,1,nan,nan,nan,nan,nan,nan,nan
15063,1,5,4,0,0,0,0,688,2,0,0,0,0,0,1,nan,nan,nan,nan,nan,nan,nan
15064,1,5,4,0,0,0,0,688,2,0,0,0,0,1,0,nan,nan,nan,nan,nan,19.454816174367807,nan
15065,1,5,4,0,0,0,0,688,2,0,0,0,0,1,0,nan,nan,nan,nan,nan,nan,nan
15066,1,5,4,0,0,0,0,688,2,0,0,0,0,1,0,nan,nan,nan,nan,nan,nan,nan
15067,1,5,4,0,0,0,0,688,2,0,0,0,0,1,0,nan,nan,nan,nan,nan,nan,nan
15068,1,5,4,0,0,0,0,688,2,0,0,0,0,1,0,nan,nan,nan,nan,nan,nan,nan
15069,1,5,5,0,0,0,0,688,0,0,0,0,0,1,0,nan,51.08641680712935,nan,nan,nan,nan,nan
15070,1,5,5,0,0,0,0,688,0,0,0,0,0,1,0,nan,nan,nan,nan,nan,nan,nan
15071,1,5,5,0,0,0,0,688,0,0,0,0,1,0,0,nan,nan,nan,nan,16.320053270517747,nan,nan
15072,1,5,5,0,0,0,0,688,0,0,0,0,1,0,0,nan,nan,nan,nan,nan,nan,nan
15073,1,5,5,0,0,0,0,688,0,0,0,0,1,0,0,nan,nan,nan,nan,nan,nan,nan
15074,1,5,5,0,0,0,0,688,0,0,0,0,1,0,0,nan,nan,nan,nan,nan,nan,nan
15075,1,5,4,1,0,0,0,688,0,0,0,0,1,0,0,nan,nan,15.23409281235763,nan,nan,nan,nan
15076,1,5,4,1,0,0,0,688,0,0,0,0,1,0,0,nan,nan,nan,nan,nan,nan,nan
15077,1,5,4,1,0,0,0,689,0,0,0,0,1,0,1,nan,nan,nan,nan,nan,nan,19.82525228635859
15078,1,5,4,1,0,0,0,689,0,0,0,0,1,0,1,nan,nan,nan,nan,nan,nan,nan
15079,1,5,4,1,0,0,0,689,0,0,0,0,1,0,1,nan,nan,nan,nan,nan,nan,nan
15080,1,5,4,1,0,0,0,689,0,0,0,0,1,0,1,nan,nan,nan,nan,nan,nan,nan
15081,1,5,4,1,0,0,0,689,0,0,0,0,1,0,1,nan,nan,nan,nan,nan,nan,nan
15082,1,5,4,1,0,0,0,689,0,0,0,0,1,0,1,nan,nan,nan,nan,nan,nan,nan
15083,1,5,4,1,0,0,0,689,2,0,0,0,1,0,1,29.540573136171588,nan,nan,nan,nan,nan,nan
15084,1,5,5,1,0,0,0,689,0,0,0,0,1,0,1,nan,14.96542039279666,nan,nan,nan,nan,nan
15085,1,5,5,1,0,0,0,689,0,0,0,0,1,0,1,nan,nan,nan,nan,nan,nan,nan
15086,1,5,5,0,0,0,0,689,0,0,0,0,0,0,1,nan,nan,nan,32.1955225796446,nan,nan,nan
15087,1,5,5,0,0,0,0,689,0,0,0,0,0,0,1,nan,nan,nan,nan,nan,nan,nan
15088,1,5,5,0,0,0,0,689,0,0,0,0,0,0,1,nan,nan,nan,nan,nan,nan,nan
15089,1,5,5,0,0,0,0,689,0,0,0,0,0,0,1,nan,nan,nan,nan,nan,nan,nan
15090,1,5,5,0,0,0,0,689,0,0,0,0,0,0,1,nan,nan,nan,nan,nan,nan,nan
15091,1,5,4,1,0,0,0,689,0,0,0,0,0,0,1,nan,nan,16.115920147201905,nan,nan,nan,nan
15092,1,5,4,1,0,0,0,689,0,0,0,0,0,0,1,nan,nan,nan,nan,nan,nan,nan
15093,1,5,4,1,0,0,0,689,0,0,0,0,0,1,0,nan,nan,nan,nan,nan,28.903051852512363,nan
15094,1,5,4,1,0,0,0,689,0,0,0,0,0,1,0,nan,nan,nan,nan,nan,nan,nan
15095,1,5,4,1,0,0,0,689,0,0,0,0,0,1,0,nan,nan,nan,nan,nan,nan,nan
15096,1,5,4,0,1,0,0,689,0,0,0,0,0,1,0,nan,nan,nan,10.237017223395014,nan,nan,nan
15097,1,5,4,0,1,0,0,689,0,0,0,0,0,1,0,nan,nan,nan,nan,nan,nan,nan
15098,1,5,4,0,1,0,0,689,2,0,0,0,0,1,0,15.823943925281128,nan,nan,nan,nan,nan,nan
15099,1,5,4,0,1,0,0,689,2,0,0,0,0,1,0,nan,nan,nan,nan,nan,nan,nan
15100,1,5,5,0,1,0,0,689,0,0,0,0,0,1,0,nan,15.480314570044357,nan,nan,nan,nan,nan
15101,1,5,5,0,1,0,0,689,0,0,0,0,0,1,0,nan,nan,nan,nan,nan,nan,nan
15102,1,5,5,0,1,0,0,689,0,0,0,0,0,1,0,nan,nan,nan,nan,nan,nan,nan
15103,1,5,5,0,1,0,0,689,0,0,0,0,0,1,0,nan,nan,nan,nan,nan,nan,nan
15104,1,5,5,0,1,0,0,689,0,0,0,0,0,1,0,nan,nan,nan,nan,nan,nan,nan
15105,1,5,5,0,1,0,0,689,0,0,0,0,0,1,0,nan,nan,nan,nan,nan,nan,nan
15106,1,5,4,1,1,0,0,689,0,0,0,0,0,1,0,nan,nan,15.848170322517035,nan,nan,nan,nan
15107,1,5,4,1,1,0,0,689,0,0,0,0,0,1,0,nan,nan,nan,nan,nan,nan,nan
15108,1,5,4,0,2,0,0,690,0,0,0,0,0,1,1,nan,nan,nan,11.51092912607055,nan,nan,31.07567573963206
15109,1,5,4,0,1,0,0,690,0,0,0,0,0,0,1,nan,nan,nan,nan,37.82794485161685,nan,nan
15110,1,5,4,0,1,0,0,690,0,0,0,0,0,0,1,nan,nan,nan,nan,nan,nan,nan
15111,1,5,4,0,1,0,0,690,0,0,0,0,0,0,1,nan,nan,nan,nan,nan,nan,nan
15112,1,5,4,0,1,0,0,690,2,0,0,0,0,0,1,13.52207004623051,nan,nan,nan,nan,nan,nan
15113,1,5,4,0,1,0,0,690,2,0,0,0,0,0,1,nan,nan,nan,nan,nan,nan,nan
15114,1,5,4,0,1,0,0,690,2,0,0,0,0,0,1,nan,nan,nan,nan,nan,nan,nan
15115,1,5,4,0,1,0,0,690,2,0,0,0,0,0,1,nan,nan,nan,nan,nan,nan,nan
15116,1,5,4,0,1,0,0,690,2,0,0,0,0,0,1,nan,nan,nan,nan,nan,nan,nan
15117,1,5,4,0,1,0,0,690,2,0,0,0,0,0,1,nan,nan,nan,nan,nan,nan,nan
15118,1,5,4,0,1,0,0,690,2,0,0,0,0,0,1,nan,nan,nan,nan,nan,nan,nan
15119,1,5,5,0,1,0,0,690,0,0,0,0,0,0,1,nan,18.93591394222858,nan,nan,nan,nan,nan
15120,1,5,5,0,1,0,0,690,0,0,0,0,0,0,1,nan,nan,nan,nan,nan,nan,nan
15121,1,5,5,0,1,0,0,690,0,0,0,0,0,0,1,nan,nan,nan,nan,nan,nan,nan
15122,1,5,5,0,0,1,0,690,0,0,0,0,0,0,1,nan,nan,nan,nan,12.817992768847034,nan,nan
15123,1,5,5,0,0,1,0,690,0,0,0,0,0,0,1,nan,nan,nan,nan,nan,nan,nan
15124,1,5,5,0,0,1,0,690,0,0,0,0,0,0,1,nan,nan,nan,nan,nan,nan,nan
15125,1,5,5,0,1,1,0,690,0,0,0,1,0,0,1,nan,nan,nan,17.702139985369286,nan,nan,nan
15126,1,5,5,0,1,1,0,690,0,0,0,1,0,0,1,nan,nan,nan,nan,nan,nan,nan
15127,1,5,5,0,1,1,0,690,0,0,0,1,0,0,1,nan,nan,nan,nan,nan,nan,nan
15128,1,5,5,0,1,0,0,690,0,0,0,1,0,0,0,nan,nan,nan,nan,nan,34.606838292653265,nan
15129,1,5,5,0,1,0,0,690,0,0,0,1,0,0,0,nan,nan,nan,nan,nan,nan,nan
15130,1,5,5,0,1,0,0,690,0,0,0,1,0,0,0,nan,nan,nan,nan,nan,nan,nan
15131,1,5,5,0,1,0,0,690,0,0,0,1,0,0,0,nan,nan,nan,nan,nan,nan,nan
15132,1,5,5,0,1,0,0,690,0,0,0,1,0,0,0,nan,nan,nan,nan,nan,nan,nan
15133,1,5,4,0,1,0,0,690,0,0,0,0,0,0,0,nan,nan,26.17772779067127,nan,nan,nan,nan
15134,1,4,5,0,1,0,0,690,0,0,0,0,0,0,0,nan,15.333404299668473,nan,nan,nan,nan,nan
15135,1,4,5,0,1,0,0,690,0,0,0,0,0,0,0,nan,nan,nan,nan,nan,nan,nan
15136,1,4,5,0,1,0,0,690,0,0,0,0,0,0,0,nan,nan,nan,nan,nan,nan,nan
15137,1,4,5,0,1,0,1,690,0,0,0,0,0,1,0,nan,nan,nan,nan,nan,9.888613552899187,nan
15138,1,5,5,0,1,0,1,690,0,0,0,0,0,1,0,25.744140671424248,nan,nan,nan,nan,nan,nan
15139,1,5,5,0,0,0,1,690,0,0,0,0,0,0,0,nan,nan,nan,nan,16.77236286704465,nan,nan
15140,1,5,5,0,0,0,1,690,0,0,0,0,0,0,0,nan,nan,nan,nan,nan,nan,nan
15141,1,5,5,0,0,0,1,690,0,0,0,0,0,0,0,nan,nan,nan,nan,nan,nan,nan
15142,1,5,5,0,0,0,1,690,0,0,0,0,0,0,0,nan,nan,nan,nan,nan,nan,nan
15143,1,5,5,0,0,0,1,690,0,0,0,0,0,0,0,nan,nan,nan,nan,nan,nan,nan
15144,1,5,5,0,0,0,1,690,0,0,0,0,0,0,0,nan,nan,nan,nan,nan,nan,nan
15145,1,5,5,0,0,0,1,690,0,0,0,0,0,0,0,nan,nan,nan,nan,nan,nan,nan
15146,1,5,5,0,0,0,1,690,0,0,0,0,0,0,0,nan,nan,nan,nan,nan,nan,nan
15147,1,5,5,0,1,0,1,690,0,2,0,1,0,0,0,nan,13.089439418847178,nan,21.894039346621867,nan,nan,nan
15148,1,5,5,0,1,0,1,690,0,2,0,1,0,0,0,nan,nan,nan,nan,nan,nan,nan
15149,1,5,5,0,1,0,1,690,0,2,0,1,0,0,0,nan,nan,nan,nan,nan,nan,nan
15150,1,5,5,0,1,0,1,690,2,2,0,1,0,0,0,11.844828202014469,nan,nan,nan,nan,nan,nan
15151,1,5,5,0,0,1,1,690,2,2,0,1,0,0,0,nan,nan,nan,nan,12.00325839706602,nan,nan
15152,1,5,5,0,0,1,1,690,2,2,0,1,0,0,0,nan,nan,nan,nan,nan,nan,nan
15153,1,5,5,0,0,1,1,690,2,2,0,1,0,0,0,nan,nan,nan,nan,nan,nan,nan
15154,1,5,5,0,0,1,1,690,2,2,0,1,0,0,0,nan,nan,nan,nan,nan,nan,nan
15155,1,5,5,0,0,1,1,690,2,2,0,1,0,0,0,nan,nan,nan,nan,nan,nan,nan
15156,1,5,5,0,0,1,1,690,2,2,0,1,0,0,0,nan,nan,nan,nan,nan,nan,nan
15157,1,5,5,0,0,1,1,690,2,2,0,1,0,0,0,nan,nan,nan,nan,nan,nan,nan
15158,1,5,5,0,0,1,0,691,2,2,0,1,0,0,0,nan,nan,nan,nan,nan,nan,50.23782166489946
15159,1,5,5,0,0,0,1,691,2,2,0,1,0,0,0,nan,nan,nan,nan,nan,21.564851051845835,nan
15160,1,5,5,0,0,0,1,691,2,2,0,1,0,0,0,nan,nan,nan,nan,nan,nan,nan
15161,1,5,5,0,0,0,1,691,2,2,0,1,0,0,0,nan,nan,nan,nan,nan,nan,nan
15162,1,5,5,0,0,0,1,691,2,2,0,1,0,0,0,nan,nan,nan,nan,nan,nan,nan
15163,1,5,5,0,0,0,1,691,2,2,0,1,0,0,0,nan,nan,nan,nan,nan,nan,nan
15164,1,5,5,0,0,0,1,691,2,2,0,1,0,0,0,nan,nan,nan,nan,nan,nan,nan
15165,1,5,5,0,0,0,1,691,2,2,0,1,0,0,0,nan,nan,nan,nan,nan,nan,nan
15166,1,5,5,0,0,1,1,691,2,2,0,1,1,0,0,nan,nan,nan,nan,15.847956955207337,nan,nan
15167,1,5,5,0,0,1,1,691,2,2,0,1,1,0,0,nan,nan,nan,nan,nan,nan,nan
15168,1,5,5,0,0,1,1,691,2,2,0,1,1,0,0,nan,nan,nan,nan,nan,nan,nan
15169,1,5,5,0,0,1,1,691,2,2,0,1,1,0,0,nan,nan,nan,nan,nan,nan,nan
15170,1,5,5,0,0,1,1,691,2,2,0,1,1,0,0,nan,nan,nan,nan,nan,nan,nan
15171,1,5,5,0,0,1,1,691,2,2,0,1,1,0,0,nan,nan,nan,nan,nan,nan,nan
15172,1,5,5,0,0,1,0,692,2,2,0,1,1,0,0,nan,nan,nan,nan,nan,nan,14.592371066459236
15173,1,5,5,0,0,1,0,692,2,2,0,1,1,0,0,nan,nan,nan,nan,nan,nan,nan
15174,1,5,5,0,0,1,0,692,2,2,0,1,1,0,0,nan,nan,nan,nan,nan,nan,nan
15175,1,5,5,0,0,1,0,692,0,0,0,0,1,0,0,nan,nan,41.94162921772113,nan,nan,nan,nan
15176,1,5,5,0,0,1,0,692,0,0,0,0,1,0,0,nan,nan,nan,nan,nan,nan,nan
15177,1,5,5,0,0,1,0,692,0,0,0,0,1,0,0,nan,nan,nan,nan,nan,nan,nan
15178,1,5,5,0,0,1,0,692,0,0,0,0,1,0,0,nan,nan,nan,nan,nan,nan,nan
15179,1,5,5,0,0,1,0,692,0,0,0,0,1,0,0,nan,nan,nan,nan,nan,nan,nan
15180,1,5,5,0,0,1,0,692,0,0,0,0,1,0,0,nan,nan,nan,nan,nan,nan,nan
15181,1,5,5,0,0,1,0,692,0,0,0,0,1,0,0,nan,nan,nan,nan,nan,nan,nan
15182,1,5,5,0,0,1,0,692,0,0,0,0,1,0,0,nan,nan,nan,nan,nan,nan,nan
15183,1,5,5,0,0,1,0,692,0,0,0,0,1,0,0,nan,nan,nan,nan,nan,nan,nan
15184,1,5,5,0,0,1,0,692,0,0,0,0,1,0,0,nan,nan,nan,nan,nan,nan,nan
15185,1,5,5,0,0,1,0,692,0,0,0,0,1,0,0,nan,nan,nan,nan,nan,nan,nan
15186,1,5,5,0,0,0,1,692,2,0,0,0,1,0,0,36.572998388581254,nan,nan,nan,nan,26.48944031838073,nan
15187,1,5,5,0,0,0,1,692,2,0,0,0,1,0,0,nan,nan,nan,nan,nan,nan,nan
15188,1,5,5,0,0,0,1,692,2,0,0,0,1,0,0,nan,nan,nan,nan,nan,nan,nan
15189,1,5,5,0,0,0,1,692,2,2,0,0,1,0,0,nan,41.99461832658017,nan,nan,nan,nan,nan
15190,1,5,5,0,0,0,1,692,2,2,0,0,1,0,0,nan,nan,nan,nan,nan,nan,nan
15191,1,5,5,0,0,0,1,692,2,2,0,0,1,0,0,nan,nan,nan,nan,nan,nan,nan
15192,1,5,5,0,0,0,1,692,2,2,0,0,1,0,0,nan,nan,nan,nan,nan,nan,nan
15193,1,5,5,0,0,0,1,692,2,2,0,0,1,0,0,nan,nan,nan,nan,nan,nan,nan
15194,1,5,5,0,0,0,1,692,2,2,0,1,0,0,0,nan,nan,nan,47.16129535254913,nan,nan,nan
15195,1,5,5,0,0,0,1,692,2,2,0,1,0,0,0,nan,nan,nan,nan,nan,nan,nan
15196,1,5,5,0,0,0,1,692,2,2,0,1,0,0,0,nan,nan,nan,nan,nan,nan,nan
15197,1,5,5,0,0,0,0,693,2,2,0,1,0,0,0,nan,nan,nan,nan,nan,nan,24.452299178950852
15198,1,5,5,0,0,0,0,693,2,2,0,1,0,0,0,nan,nan,nan,nan,nan,nan,nan
15199,1,5,5,0,0,0,0,693,2,2,0,1,0,0,0,nan,nan,nan,nan,nan,nan,nan
15200,1,5,5,0,0,0,0,693,2,2,0,1,0,0,0,nan,nan,nan,nan,nan,nan,nan
15201,1,5,5,0,0,0,1,693,2,2,0,1,0,1,0,nan,nan,nan,nan,nan,15.308853604399701,nan
15202,1,5,5,0,0,0,1,693,0,0,0,0,0,1,0,nan,nan,27.735480710651245,nan,nan,nan,nan
15203,1,5,5,0,0,0,1,693,0,0,0,0,0,1,0,nan,nan,nan,nan,nan,nan,nan
15204,1,5,5,0,0,0,1,693,0,0,0,0,0,1,0,nan,nan,nan,nan,nan,nan,nan
15205,1,5,5,0,0,0,1,693,0,0,0,0,0,1,0,nan,nan,nan,nan,nan,nan,nan
15206,1,5,5,0,0,0,1,693,0,0,0,0,0,1,0,nan,nan,nan,nan,nan,nan,nan
15207,1,5,5,0,0,0,1,693,0,0,0,0,1,0,0,nan,nan,nan,nan,40.93928806909571,nan,nan
15208,1,5,5,0,0,0,0,694,0,0,0,0,1,0,0,nan,nan,nan,nan,nan,nan,11.049527649982338
15209,1,5,5,0,0,0,0,694,0,0,0,0,1,0,0,nan,nan,nan,nan,nan,nan,nan
15210,1,5,5,0,0,0,0,694,0,0,0,0,1,0,0,nan,nan,nan,nan,nan,nan,nan
15211,1,5,5,0,0,0,0,694,0,0,0,0,1,0,0,nan,nan,nan,nan,nan,nan,nan
15212,1,5,5,0,0,0,0,694,0,0,0,0,1,0,0,nan,nan,nan,nan,nan,nan,nan
15213,1,5,4,1,0,0,0,694,0,0,0,0,1,0,0,nan,nan,10.384159913041003,nan,nan,nan,nan
15214,1,5,4,1,0,0,0,694,0,0,0,0,1,0,0,nan,nan,nan,nan,nan,nan,nan
15215,1,5,4,1,0,0,0,694,0,0,0,0,1,0,0,nan,nan,nan,nan,nan,nan,nan
15216,1,5,4,1,0,0,0,694,0,0,0,0,1,0,0,nan,nan,nan,nan,nan,nan,nan
15217,1,4,5,1,0,0,0,694,0,0,0,0,1,0,0,nan,27.49345956064826,nan,nan,nan,nan,nan
15218,1,4,5,1,0,0,0,694,0,0,0,0,1,0,0,nan,nan,nan,nan,nan,nan,nan
15219,1,4,5,1,0,0,0,694,0,0,0,0,1,0,0,nan,nan,nan,nan,nan,nan,nan
15220,1,4,5,0,0,0,0,694,0,0,0,0,0,0,0,nan,nan,nan,25.759904122387525,nan,nan,nan
15221,1,4,5,0,0,0,0,694,0,0,0,0,0,0,0,nan,nan,nan,nan,nan,nan,nan
15222,1,4,5,0,0,0,0,694,0,0,0,0,0,0,0,nan,nan,nan,nan,nan,nan,nan
15223,1,4,5,0,0,0,0,694,0,0,0,0,0,0,0,nan,nan,nan,nan,nan,nan,nan
15224,1,5,5,0,0,0,0,694,0,0,0,0,0,0,0,37.78009451648359,nan,nan,nan,nan,nan,nan
15225,1,5,5,0,0,0,0,694,0,0,0,0,0,0,0,nan,nan,nan,nan,nan,nan,nan
15226,1,5,5,0,0,0,0,694,0,0,0,0,0,0,0,nan,nan,nan,nan,nan,nan,nan
15227,1,5,5,0,0,0,0,694,0,0,0,0,0,0,0,nan,nan,nan,nan,nan,nan,nan
15228,1,5,5,0,0,0,0,694,0,0,0,0,0,0,0,nan,nan,nan,nan,nan,nan,nan
15229,1,5,4,1,0,0,1,694,0,0,0,0,0,1,0,nan,nan,16.404227091157736,nan,nan,27.892206476903084,nan
15230,1,5,4,1,0,0,1,694,0,0,0,0,0,1,0,nan,nan,nan,nan,nan,nan,nan
15231,1,5,4,1,0,0,0,695,0,0,0,0,0,1,0,nan,nan,nan,nan,nan,nan,23.36595122984363
15232,1,5,4,1,0,0,0,695,0,0,0,0,0,1,0,nan,nan,nan,nan,nan,nan,nan
15233,1,5,4,1,0,0,0,695,0,0,0,0,0,1,0,nan,nan,nan,nan,nan,nan,nan
15234,1,5,4,1,0,0,0,695,0,0,0,0,0,1,0,nan,nan,nan,nan,nan,nan,nan
15235,1,5,4,1,0,0,0,695,0,0,0,0,0,1,0,nan,nan,nan,nan,nan,nan,nan
15236,1,4,5,1,0,0,0,695,0,0,0,0,0,1,0,nan,19.588717964692478,nan,nan,nan,nan,nan
15237,1,4,5,1,0,0,0,695,0,0,0,0,0,1,0,nan,nan,nan,nan,nan,nan,nan
15238,1,4,5,1,0,0,0,695,0,0,0,0,0,1,0,nan,nan,nan,nan,nan,nan,nan
15239,1,4,5,1,0,0,0,695,0,0,0,0,1,0,0,nan,nan,nan,nan,32.026916558472294,nan,nan
15240,1,5,5,1,0,0,0,695,0,0,0,0,1,0,0,16.344038510464088,nan,nan,nan,nan,nan,nan
15241,1,5,5,1,0,0,0,695,0,0,0,0,1,0,0,nan,nan,nan,nan,nan,nan,nan
15242,1,5,5,1,0,0,0,695,0,0,0,0,1,0,0,nan,nan,nan,nan,nan,nan,nan
15243,1,5,5,1,0,0,0,695,0,0,0,0,1,0,0,nan,nan,nan,nan,nan,nan,nan
15244,1,5,4,1,0,0,0,695,0,0,0,0,0,0,0,nan,nan,14.790252325305119,24.343543262728417,nan,nan,nan
15245,1,5,4,1,0,0,0,695,0,0,0,0,0,0,0,nan,nan,nan,nan,nan,nan,nan
15246,1,5,4,1,0,0,0,695,0,0,0,0,0,0,0,nan,nan,nan,nan,nan,nan,nan
15247,1,5,4,1,0,0,0,696,0,0,0,0,0,0,1,nan,nan,nan,nan,nan,nan,15.640268153530997
15248,1,5,4,1,0,0,0,696,0,0,0,0,0,0,1,nan,nan,nan,nan,nan,nan,nan
15249,1,5,4,1,0,0,0,696,0,0,0,0,0,0,1,nan,nan,nan,nan,nan,nan,nan
15250,1,5,4,1,0,0,0,696,0,0,0,0,0,0,1,nan,nan,nan,nan,nan,nan,nan
15251,1,4,5,1,0,0,0,696,0,0,0,0,0,0,1,nan,14.679528575892618,nan,nan,nan,nan,nan
15252,1,4,5,1,0,0,0,696,0,0,0,0,0,0,1,nan,nan,nan,nan,nan,nan,nan
15253,1,4,5,1,0,0,0,696,0,0,0,0,0,0,1,nan,nan,nan,nan,nan,nan,nan
15254,1,5,5,1,0,0,0,696,0,0,0,0,0,0,1,13.512613524884728,nan,nan,nan,nan,nan,nan
15255,1,5,5,1,0,0,0,696,0,0,0,0,0,0,1,nan,nan,nan,nan,nan,nan,nan
15256,1,5,5,1,0,1,0,696,0,0,0,0,1,0,1,nan,nan,nan,nan,16.891731583900764,nan,nan
15257,1,5,5,1,0,1,0,696,0,0,0,0,1,0,1,nan,nan,nan,nan,nan,nan,nan
15258,1,5,5,1,0,1,0,696,0,0,0,0,1,0,1,nan,nan,nan,nan,nan,nan,nan
15259,1,5,5,1,0,1,0,696,0,0,0,0,1,0,1,nan,nan,nan,nan,nan,nan,nan
15260,1,5,5,1,0,0,0,696,0,0,0,0,1,0,0,nan,nan,nan,nan,nan,31.000973254675046,nan
15261,1,5,5,1,0,0,0,696,0,0,0,0,1,0,0,nan,nan,nan,nan,nan,nan,nan
15262,1,5,5,1,0,0,0,696,0,0,0,0,1,0,0,nan,nan,nan,nan,nan,nan,nan
15263,1,5,5,1,0,0,0,696,0,2,0,0,1,0,0,nan,12.295981425470018,nan,nan,nan,nan,nan
15264,1,5,5,1,0,0,0,696,0,2,0,0,1,0,0,nan,nan,nan,nan,nan,nan,nan
15265,1,5,5,2,0,0,0,696,0,0,0,0,1,0,0,11.177871275818688,nan,20.644729214691324,nan,nan,nan,nan
15266,1,5,5,2,0,0,0,696,0,0,0,0,1,0,0,nan,nan,nan,nan,nan,nan,nan
15267,1,5,5,2,0,0,0,696,0,0,0,0,1,0,0,nan,nan,nan,nan,nan,nan,nan
15268,1,5,5,2,0,0,0,696,0,0,0,0,1,0,0,nan,nan,nan,nan,nan,nan,nan
15269,1,5,5,1,0,0,0,696,0,0,0,0,0,0,0,nan,nan,nan,24.977075301672812,nan,nan,nan
15270,1,5,5,1,0,0,0,696,0,0,0,0,0,0,0,nan,nan,nan,nan,nan,nan,nan
15271,1,5,5,1,0,0,0,696,0,0,0,0,0,0,0,nan,nan,nan,nan,nan,nan,nan
15272,1,5,5,1,0,0,0,696,0,0,0,0,0,0,0,nan,nan,nan,nan,nan,nan,nan
15273,1,5,5,1,0,0,0,696,0,0,0,0,0,0,0,nan,nan,nan,nan,nan,nan,nan
15274,1,5,5,1,0,0,0,696,0,0,0,0,0,0,0,nan,nan,nan,nan,nan,nan,nan
15275,1,5,5,1,0,0,1,696,0,0,0,0,0,1,0,nan,nan,nan,nan,nan,15.232664907518483,nan
15276,1,5,5,1,0,0,1,696,2,0,0,0,0,1,0,11.426455273553074,nan,nan,nan,nan,nan,nan
15277,1,5,5,1,0,0,1,696,2,0,0,0,0,1,0,nan,nan,nan,nan,nan,nan,nan
15278,1,5,5,1,0,0,1,696,2,0,0,0,0,1,0,nan,nan,nan,nan,nan,nan,nan
15279,1,5,5,1,0,0,0,697,2,0,0,0,0,1,0,nan,nan,nan,nan,nan,nan,32.13968521044626
15280,1,5,5,1,0,0,0,697,2,0,0,0,0,1,0,nan,nan,nan,nan,nan,nan,nan
15281,1,5,5,1,0,0,0,697,2,0,0,0,0,1,0,nan,nan,nan,nan,nan,nan,nan
15282,1,5,5,1,0,0,0,697,2,0,0,0,0,1,0,nan,nan,nan,nan,nan,nan,nan
15283,1,5,5,1,0,0,0,697,2,0,0,0,0,1,0,nan,nan,nan,nan,nan,nan,nan
15284,1,5,5,1,0,0,0,697,2,0,0,0,1,0,0,nan,nan,nan,nan,27.313490329321212,nan,nan
15285,1,5,5,1,0,0,0,697,2,0,0,0,1,0,0,nan,nan,nan,nan,nan,nan,nan
15286,1,5,5,1,0,0,0,697,2,0,0,0,1,0,0,nan,nan,nan,nan,nan,nan,nan
15287,1,5,5,1,0,0,0,697,2,0,0,0,1,0,0,nan,nan,nan,nan,nan,nan,nan
15288,1,5,5,0,0,0,0,697,2,0,0,0,0,0,0,nan,nan,nan,18.69504207077989,nan,nan,nan
15289,1,5,5,0,0,0,0,697,2,2,0,0,0,0,0,nan,25.83086691706376,nan,nan,nan,nan,nan
15290,1,5,5,0,0,0,0,697,2,2,0,0,0,0,0,nan,nan,nan,nan,nan,nan,nan
15291,1,5,5,0,0,0,0,697,2,2,0,0,0,0,0,nan,nan,nan,nan,nan,nan,nan
15292,1,5,5,0,0,0,0,697,2,2,0,0,0,0,0,nan,nan,nan,nan,nan,nan,nan
15293,1,5,5,0,0,0,0,698,2,2,0,0,0,0,1,nan,nan,nan,nan,nan,nan,13.487897892251567
15294,1,5,5,0,0,0,0,698,2,2,0,0,0,0,1,nan,nan,nan,nan,nan,nan,nan
15295,1,5,5,0,0,0,0,698,2,2,0,0,0,0,1,nan,nan,nan,nan,nan,nan,nan
15296,1,5,5,0,0,0,0,698,2,2,0,0,0,0,1,nan,nan,nan,nan,nan,nan,nan
15297,1,5,5,0,0,0,0,698,2,2,0,0,0,0,1,nan,nan,nan,nan,nan,nan,nan
15298,1,5,5,0,0,0,0,698,2,2,0,0,0,0,1,nan,nan,nan,nan,nan,nan,nan
15299,1,5,5,0,0,0,0,698,2,2,0,0,0,0,1,nan,nan,nan,nan,nan,nan,nan
15300,1,5,5,0,0,0,0,698,2,2,0,0,0,0,1,nan,nan,nan,nan,nan,nan,nan
15301,1,5,5,0,0,0,0,698,2,2,0,0,0,0,1,nan,nan,nan,nan,nan,nan,nan
15302,1,5,5,0,1,0,0,698,2,2,0,1,0,0,1,nan,nan,nan,13.588453743710488,nan,nan,nan
15303,1,5,5,0,1,0,0,698,2,2,0,1,0,0,1,nan,nan,nan,nan,nan,nan,nan
15304,1,5,5,0,1,0,0,698,2,2,0,1,0,1,0,nan,nan,nan,nan,nan,29.325130822950086,nan
15305,1,5,5,0,1,0,0,698,2,2,0,1,0,1,0,nan,nan,nan,nan,nan,nan,nan
15306,1,5,5,0,1,0,0,698,2,2,0,1,0,1,0,nan,nan,nan,nan,nan,nan,nan
15307,1,5,5,0,1,0,0,698,2,2,0,1,0,1,0,nan,nan,nan,nan,nan,nan,nan
15308,1,5,5,0,1,0,0,698,2,2,0,1,0,1,0,nan,nan,nan,nan,nan,nan,nan
15309,1,5,5,0,1,0,0,698,2,2,0,1,0,1,0,nan,nan,nan,nan,nan,nan,nan
15310,1,5,5,0,1,0,0,698,2,2,0,1,0,1,0,nan,nan,nan,nan,nan,nan,nan
15311,1,5,5,0,1,0,0,698,2,2,0,1,0,1,0,nan,nan,nan,nan,nan,nan,nan
15312,1,5,5,0,1,0,0,698,2,2,0,1,0,1,0,nan,nan,nan,nan,nan,nan,nan
15313,1,5,5,0,0,0,0,698,2,2,0,1,0,0,0,nan,nan,nan,nan,29.745854982604214,nan,nan
15314,1,5,5,0,0,0,0,698,2,2,0,1,0,0,0,nan,nan,nan,nan,nan,nan,nan
15315,1,5,5,0,0,0,0,698,2,2,0,1,0,0,0,nan,nan,nan,nan,nan,nan,nan
15316,1,5,5,0,0,0,0,698,2,2,0,1,0,0,0,nan,nan,nan,nan,nan,nan,nan
15317,1,5,5,0,0,0,0,698,2,2,0,1,0,0,0,nan,nan,nan,nan,nan,nan,nan
15318,1,5,5,0,0,0,0,698,2,2,0,1,0,0,0,nan,nan,nan,nan,nan,nan,nan
15319,1,5,5,0,0,0,0,698,2,2,0,1,0,0,0,nan,nan,nan,nan,nan,nan,nan
15320,1,5,5,0,0,0,0,698,2,2,0,1,0,0,0,nan,nan,nan,nan,nan,nan,nan
15321,1,5,5,0,0,0,0,698,2,2,0,1,0,0,0,nan,nan,nan,nan,nan,nan,nan
15322,1,5,5,0,0,0,0,698,2,2,0,1,0,0,0,nan,nan,nan,nan,nan,nan,nan
15323,1,5,5,0,0,0,0,698,0,0,0,0,0,0,0,nan,nan,58.496353932789134,nan,nan,nan,nan
15324,1,5,5,0,0,1,0,698,0,0,0,0,1,0,0,nan,nan,nan,nan,10.842711733304895,nan,nan
15325,1,5,5,0,0,1,0,698,0,0,0,0,1,0,0,nan,nan,nan,nan,nan,nan,nan
15326,1,5,5,0,0,1,0,698,0,0,0,0,1,0,0,nan,nan,nan,nan,nan,nan,nan
15327,1,5,5,0,0,1,0,698,0,0,0,0,1,0,0,nan,nan,nan,nan,nan,nan,nan
15328,1,5,5,0,0,1,0,698,0,0,0,0,1,0,0,nan,nan,nan,nan,nan,nan,nan
15329,1,5,5,0,0,1,0,698,0,0,0,0,1,0,0,nan,nan,nan,nan,nan,nan,nan
15330,1,5,5,0,0,1,0,699,0,0,0,0,1,0,1,nan,nan,nan,nan,nan,nan,37.8922888876059
15331,1,5,5,0,0,1,0,699,0,0,0,0,1,0,1,nan,nan,nan,nan,nan,nan,nan
15332,1,5,5,0,0,0,0,699,0,0,0,0,1,0,0,nan,nan,nan,nan,nan,27.544720707308443,nan
15333,1,5,5,0,0,0,0,699,0,0,0,0,1,0,0,nan,nan,nan,nan,nan,nan,nan
15334,1,5,5,0,0,0,0,699,0,0,0,0,1,0,0,nan,nan,nan,nan,nan,nan,nan
15335,1,4,5,1,0,0,0,699,0,0,0,0,1,0,0,nan,46.43138925657877,12.16684653223092,nan,nan,nan,nan
15336,1,4,5,1,0,0,0,699,0,0,0,0,1,0,0,nan,nan,nan,nan,nan,nan,nan
15337,1,4,5,1,0,0,0,699,0,0,0,0,1,0,0,nan,nan,nan,nan,nan,nan,nan
15338,1,4,5,0,0,0,0,699,0,0,0,0,0,0,0,nan,nan,nan,35.98852943885868,nan,nan,nan
15339,1,4,5,0,0,0,0,699,0,0,0,0,0,0,0,nan,nan,nan,nan,nan,nan,nan
15340,1,4,5,0,0,0,0,699,0,0,0,0,0,0,0,nan,nan,nan,nan,nan,nan,nan
15341,1,4,5,0,0,0,0,699,0,0,0,0,0,0,0,nan,nan,nan,nan,nan,nan,nan
15342,1,4,5,0,0,0,0,699,0,0,0,0,0,0,0,nan,nan,nan,nan,nan,nan,nan
15343,1,5,5,0,0,0,0,699,0,0,0,0,0,0,0,66.49111232293035,nan,nan,nan,nan,nan,nan
15344,1,5,5,0,0,0,0,699,0,0,0,0,0,0,0,nan,nan,nan,nan,nan,nan,nan
15345,1,5,5,0,0,0,0,699,0,0,0,0,0,0,0,nan,nan,nan,nan,nan,nan,nan
15346,1,5,5,0,0,0,0,699,0,0,0,0,0,0,0,nan,nan,nan,nan,nan,nan,nan
15347,1,5,5,0,0,0,0,699,0,0,0,0,0,0,0,nan,nan,nan,nan,nan,nan,nan
15348,1,5,5,0,0,0,0,699,0,0,0,0,0,0,0,nan,nan,nan,nan,nan,nan,nan
15349,1,5,5,0,0,0,1,699,0,0,0,0,0,1,0,nan,nan,nan,nan,nan,16.87987145973966,nan
15350,1,5,4,1,0,0,1,699,0,0,0,0,0,1,0,nan,nan,15.044780686162994,nan,nan,nan,nan
15351,1,5,4,1,0,0,1,699,0,0,0,0,0,1,0,nan,nan,nan,nan,nan,nan,nan
15352,1,5,4,1,0,0,1,699,0,0,0,0,0,1,0,nan,nan,nan,nan,nan,nan,nan
15353,1,5,4,0,1,0,1,699,0,0,0,0,0,1,0,nan,nan,nan,14.948133107802278,nan,nan,nan
15354,1,5,4,0,0,0,1,699,2,0,0,0,0,0,0,11.121706145659118,nan,nan,nan,29.840928106445062,nan,nan
15355,1,5,4,0,0,0,1,699,2,0,0,0,0,0,0,nan,nan,nan,nan,nan,nan,nan
15356,1,5,4,0,0,0,1,699,2,0,0,0,0,0,0,nan,nan,nan,nan,nan,nan,nan
15357,1,5,4,0,0,0,1,699,2,0,0,0,0,0,0,nan,nan,nan,nan,nan,nan,nan
15358,1,5,4,0,0,0,1,699,2,0,0,0,0,0,0,nan,nan,nan,nan,nan,nan,nan
15359,1,5,4,0,0,0,1,699,2,0,0,0,0,0,0,nan,nan,nan,nan,nan,nan,nan
15360,1,5,4,0,0,0,1,699,2,0,0,0,0,0,0,nan,nan,nan,nan,nan,nan,nan
15361,1,5,4,0,0,0,1,699,2,0,0,0,0,0,0,nan,nan,nan,nan,nan,nan,nan
15362,1,5,4,0,0,0,1,699,2,0,0,0,0,0,0,nan,nan,nan,nan,nan,nan,nan
15363,1,5,4,0,0,0,1,699,2,0,0,0,0,0,0,nan,nan,nan,nan,nan,nan,nan
15364,1,5,3,1,0,0,0,700,2,0,0,0,0,0,0,nan,nan,13.367050992603254,nan,nan,nan,33.30614612393947
15365,1,5,3,1,0,0,0,700,2,0,0,0,0,0,0,nan,nan,nan,nan,nan,nan,nan
15366,1,5,4,1,0,0,0,700,0,0,0,0,0,0,0,nan,30.822430469912433,nan,nan,nan,nan,nan
15367,1,5,4,1,0,0,1,700,0,0,0,0,0,1,0,nan,nan,nan,nan,nan,18.614344602876372,nan
15368,1,5,4,1,0,0,1,700,0,0,0,0,0,1,0,nan,nan,nan,nan,nan,nan,nan
15369,1,5,4,1,0,0,1,700,0,0,0,0,0,1,0,nan,nan,nan,nan,nan,nan,nan
15370,1,5,4,1,0,0,1,700,0,0,0,0,0,1,0,nan,nan,nan,nan,nan,nan,nan
15371,1,5,4,1,0,0,1,700,0,0,0,0,0,1,0,nan,nan,nan,nan,nan,nan,nan
15372,1,5,4,0,0,0,1,700,0,0,0,0,0,0,0,nan,nan,nan,19.736420772047495,18.48201212593085,nan,nan
15373,1,5,4,0,0,0,1,700,0,0,0,0,0,0,0,nan,nan,nan,nan,nan,nan,nan
15374,1,5,4,0,0,0,1,700,0,0,0,0,0,0,0,nan,nan,nan,nan,nan,nan,nan
15375,1,5,4,0,0,0,1,700,0,0,0,0,0,0,0,nan,nan,nan,nan,nan,nan,nan
15376,1,5,4,0,0,0,1,700,0,0,0,0,0,0,0,nan,nan,nan,nan,nan,nan,nan
15377,1,5,4,0,0,0,1,700,0,0,0,0,0,0,0,nan,nan,nan,nan,nan,nan,nan
15378,1,5,4,0,0,0,1,700,0,0,0,0,0,0,0,nan,nan,nan,nan,nan,nan,nan
15379,1,5,4,0,0,0,1,700,0,0,0,0,0,0,0,nan,nan,nan,nan,nan,nan,nan
15380,1,5,3,1,0,0,1,700,0,0,0,0,0,0,0,nan,nan,15.934934275561318,nan,nan,nan,nan
15381,1,4,4,1,0,0,1,700,0,0,0,0,0,0,0,nan,14.549379959375074,nan,nan,nan,nan,nan
15382,1,4,4,1,0,0,1,700,0,0,0,0,0,0,0,nan,nan,nan,nan,nan,nan,nan
15383,1,4,4,1,0,0,1,700,0,0,0,0,0,0,0,nan,nan,nan,nan,nan,nan,nan
15384,1,4,4,1,0,0,1,700,0,0,0,0,0,0,0,nan,nan,nan,nan,nan,nan,nan
15385,1,4,4,1,0,0,1,700,0,0,0,0,0,0,0,nan,nan,nan,nan,nan,nan,nan
15386,1,4,4,1,0,0,1,700,0,0,0,0,0,0,0,nan,nan,nan,nan,nan,nan,nan
15387,1,5,4,0,1,0,1,700,0,0,0,0,0,0,0,33.17974229292122,nan,nan,14.882929281195175,nan,nan,nan
15388,1,5,4,0,1,0,1,700,0,0,0,0,0,0,0,nan,nan,nan,nan,nan,nan,nan
15389,1,5,4,0,1,0,1,700,0,0,0,0,0,0,0,nan,nan,nan,nan,nan,nan,nan
15390,1,5,4,0,1,0,1,700,0,0,0,0,0,0,0,nan,nan,nan,nan,nan,nan,nan
15391,1,5,4,0,1,0,0,701,0,0,0,0,0,0,0,nan,nan,nan,nan,nan,nan,27.394335852153745
15392,1,5,4,0,1,0,0,701,0,0,0,0,0,0,0,nan,nan,nan,nan,nan,nan,nan
15393,1,5,4,0,1,0,0,701,0,0,0,0,0,0,0,nan,nan,nan,nan,nan,nan,nan
15394,1,5,4,0,0,1,0,701,0,0,0,0,0,0,0,nan,nan,nan,nan,21.359664455048915,nan,nan
15395,1,5,4,0,0,1,0,701,0,0,0,0,0,0,0,nan,nan,nan,nan,nan,nan,nan
15396,1,5,4,0,0,1,0,701,0,0,0,0,0,0,0,nan,nan,nan,nan,nan,nan,nan
15397,1,5,4,0,0,1,0,701,0,0,0,0,0,0,0,nan,nan,nan,nan,nan,nan,nan
15398,1,5,4,0,0,1,0,701,0,0,0,0,0,0,0,nan,nan,nan,nan,nan,nan,nan
15399,1,5,4,0,0,1,0,701,0,0,0,0,0,0,0,nan,nan,nan,nan,nan,nan,nan
15400,1,4,5,0,0,1,0,701,0,0,0,0,0,0,0,nan,19.685887814915986,nan,nan,nan,nan,nan
15401,1,4,5,0,0,1,0,701,0,0,0,0,0,0,0,nan,nan,nan,nan,nan,nan,nan
15402,1,4,5,0,1,1,0,701,0,0,0,1,0,0,0,nan,nan,nan,14.525993858424044,nan,nan,nan
15403,1,4,5,0,1,1,0,701,0,0,0,1,0,0,0,nan,nan,nan,nan,nan,nan,nan
15404,1,5,5,0,1,1,0,702,0,0,0,1,0,0,1,16.68990774068334,nan,nan,nan,nan,nan,12.92051749525126
15405,1,5,4,0,1,0,0,702,0,0,0,0,0,0,0,nan,nan,25.38592483843422,nan,nan,37.74891721903441,nan
15406,1,5,4,0,1,0,0,702,0,0,0,0,0,0,0,nan,nan,nan,nan,nan,nan,nan
15407,1,5,4,0,1,0,0,702,0,0,0,0,0,0,0,nan,nan,nan,nan,nan,nan,nan
15408,1,5,4,0,1,0,0,702,0,0,0,0,0,0,0,nan,nan,nan,nan,nan,nan,nan
15409,1,5,4,0,1,0,0,702,0,0,0,0,0,0,0,nan,nan,nan,nan,nan,nan,nan
15410,1,5,4,0,1,0,0,702,0,0,0,0,0,0,0,nan,nan,nan,nan,nan,nan,nan
15411,1,5,4,0,0,1,0,702,0,0,0,0,0,0,0,nan,nan,nan,nan,17.558451002376387,nan,nan
15412,1,5,4,0,0,1,0,702,0,0,0,0,0,0,0,nan,nan,nan,nan,nan,nan,nan
15413,1,5,4,0,0,1,0,702,0,0,0,0,0,0,0,nan,nan,nan,nan,nan,nan,nan
15414,1,5,4,0,0,1,0,702,0,0,0,0,0,0,0,nan,nan,nan,nan,nan,nan,nan
15415,1,5,4,0,0,1,0,702,0,0,0,0,0,0,0,nan,nan,nan,nan,nan,nan,nan
15416,1,5,4,0,0,1,0,702,0,0,0,0,0,0,0,nan,nan,nan,nan,nan,nan,nan
15417,1,4,5,0,0,1,0,702,0,0,0,0,0,0,0,nan,16.515714145203674,nan,nan,nan,nan,nan
15418,1,4,5,0,0,1,0,702,0,0,0,0,0,0,0,nan,nan,nan,nan,nan,nan,nan
15419,1,4,5,0,0,1,0,702,0,0,0,0,0,0,0,nan,nan,nan,nan,nan,nan,nan
15420,1,5,5,0,1,1,0,702,0,0,0,1,0,0,0,16.195021247829573,nan,nan,18.24258681586616,nan,nan,nan
15421,1,5,5,0,1,1,0,702,0,0,0,1,0,0,0,nan,nan,nan,nan,nan,nan,nan
15422,1,5,5,0,1,0,1,702,0,0,0,1,0,0,0,nan,nan,nan,nan,nan,16.4942941153422,nan
15423,1,5,5,0,1,0,0,703,0,0,0,1,0,0,0,nan,nan,nan,nan,nan,nan,18.570616898265143
15424,1,5,5,0,1,0,0,703,0,0,0,1,0,0,0,nan,nan,nan,nan,nan,nan,nan
15425,1,5,5,0,1,0,0,703,0,0,0,1,0,0,0,nan,nan,nan,nan,nan,nan,nan
15426,1,5,5,0,0,1,0,703,0,0,0,1,0,0,0,nan,nan,nan,nan,14.213808928898288,nan,nan
15427,1,5,5,0,0,1,0,703,0,0,0,1,0,0,0,nan,nan,nan,nan,nan,nan,nan
15428,1,4,5,0,0,1,0,703,0,0,0,0,0,0,0,nan,11.120611777618251,22.701175768766916,nan,nan,nan,nan
15429,1,4,5,0,0,1,0,703,0,0,0,0,0,0,0,nan,nan,nan,nan,nan,nan,nan
15430,1,4,5,0,0,1,0,703,0,0,0,0,0,0,0,nan,nan,nan,nan,nan,nan,nan
15431,1,4,5,0,0,1,0,703,0,0,0,0,0,0,0,nan,nan,nan,nan,nan,nan,nan
15432,1,4,5,0,0,1,0,704,0,0,0,0,0,0,1,nan,nan,nan,nan,nan,nan,9.361445438200462
15433,1,5,5,0,0,1,0,704,0,0,0,0,0,0,1,13.315815619847854,nan,nan,nan,nan,nan,nan
15434,1,5,5,0,0,1,0,704,0,0,0,0,0,0,1,nan,nan,nan,nan,nan,nan,nan
15435,1,5,5,0,0,0,0,704,0,0,0,0,0,0,0,nan,nan,nan,nan,nan,13.468231558952539,nan
15436,1,5,5,0,0,0,0,704,0,0,0,0,0,0,0,nan,nan,nan,nan,nan,nan,nan
15437,1,5,5,0,0,1,0,704,0,0,0,0,1,0,0,nan,nan,nan,nan,11.799265284489593,nan,nan
15438,1,5,5,0,0,1,0,704,0,0,0,0,1,0,0,nan,nan,nan,nan,nan,nan,nan
15439,1,5,5,0,0,1,0,704,0,0,0,0,1,0,0,nan,nan,nan,nan,nan,nan,nan
15440,1,5,5,0,0,1,0,704,0,0,0,0,1,0,0,nan,nan,nan,nan,nan,nan,nan
15441,1,5,5,0,0,1,0,704,0,0,0,1,0,0,0,nan,nan,nan,20.776093409387613,nan,nan,nan
15442,1,5,5,0,0,1,0,704,0,0,0,1,0,0,0,nan,nan,nan,nan,nan,nan,nan
15443,1,5,5,0,0,1,0,704,0,0,0,1,0,0,0,nan,nan,nan,nan,nan,nan,nan
15444,1,5,5,0,0,1,0,704,2,0,0,1,0,0,0,10.215949263832954,nan,nan,nan,nan,nan,nan
15445,1,5,5,0,0,1,0,704,2,0,0,1,0,0,0,nan,nan,nan,nan,nan,nan,nan
15446,1,5,5,0,0,1,0,704,2,0,0,1,0,0,0,nan,nan,nan,nan,nan,nan,nan
15447,1,5,5,0,0,1,0,704,2,2,0,1,0,0,0,nan,19.33528383522389,nan,nan,nan,nan,nan
15448,1,5,5,0,0,1,0,704,2,2,0,1,0,0,0,nan,nan,nan,nan,nan,nan,nan
15449,1,5,5,0,0,0,1,704,2,2,0,1,0,0,0,nan,nan,nan,nan,nan,14.328515594061173,nan
15450,1,5,5,0,0,0,1,704,2,2,0,1,0,0,0,nan,nan,nan,nan,nan,nan,nan
15451,1,5,5,0,0,0,1,704,2,2,0,1,0,0,0,nan,nan,nan,nan,nan,nan,nan
15452,1,5,5,0,0,0,1,704,2,2,0,1,0,0,0,nan,nan,nan,nan,nan,nan,nan
15453,1,5,5,0,0,1,1,704,2,2,0,1,1,0,0,nan,nan,nan,nan,15.125980493417956,nan,nan
15454,1,5,5,0,0,1,1,704,2,2,0,1,1,0,0,nan,nan,nan,nan,nan,nan,nan
15455,1,5,5,0,0,1,1,704,2,2,0,1,1,0,0,nan,nan,nan,nan,nan,nan,nan
15456,1,5,5,0,0,1,1,704,2,2,0,1,1,0,0,nan,nan,nan,nan,nan,nan,nan
15457,1,5,5,0,0,1,0,705,2,2,0,1,1,0,0,nan,nan,nan,nan,nan,nan,24.514395097852685
15458,1,5,5,0,0,1,0,705,2,2,0,1,1,0,0,nan,nan,nan,nan,nan,nan,nan
15459,1,5,5,0,0,1,0,705,2,2,0,1,1,0,0,nan,nan,nan,nan,nan,nan,nan
15460,1,5,5,0,0,1,0,705,2,2,0,1,1,0,0,nan,nan,nan,nan,nan,nan,nan
15461,1,5,5,0,0,0,1,705,0,0,0,0,1,0,0,nan,nan,33.01566042937338,nan,nan,11.433372189143483,nan
15462,1,5,5,0,0,0,1,705,0,0,0,0,1,0,0,nan,nan,nan,nan,nan,nan,nan
15463,1,5,5,0,0,0,1,705,0,0,0,0,1,0,0,nan,nan,nan,nan,nan,nan,nan
15464,1,5,5,0,0,0,1,705,0,0,0,0,1,0,0,nan,nan,nan,nan,nan,nan,nan
15465,1,5,5,0,0,0,1,705,0,0,0,0,1,0,0,nan,nan,nan,nan,nan,nan,nan
15466,1,5,5,0,0,0,1,705,0,0,0,0,1,0,0,nan,nan,nan,nan,nan,nan,nan
15467,1,5,5,0,0,0,1,705,0,0,0,0,1,0,0,nan,nan,nan,nan,nan,nan,nan
15468,1,5,5,0,0,0,1,705,0,0,0,0,1,0,0,nan,nan,nan,nan,nan,nan,nan
15469,1,5,5,0,0,0,1,705,0,0,0,0,1,0,0,nan,nan,nan,nan,nan,nan,nan
15470,1,5,5,0,0,0,1,705,0,0,0,0,1,0,0,nan,nan,nan,nan,nan,nan,nan
15471,1,5,5,0,0,0,1,705,0,0,0,0,1,0,0,nan,nan,nan,nan,nan,nan,nan
15472,1,5,5,0,0,0,1,705,0,0,0,0,1,0,0,nan,nan,nan,nan,nan,nan,nan
15473,1,5,5,0,0,0,1,705,0,0,0,0,1,0,0,nan,nan,nan,nan,nan,nan,nan
15474,1,5,5,0,0,0,1,705,0,0,0,1,0,0,0,nan,nan,nan,33.69329263671716,nan,nan,nan
15475,1,4,5,0,0,0,1,705,0,0,0,0,0,0,0,nan,27.94490141492315,14.55827650397623,nan,nan,nan,nan
15476,1,4,5,0,0,0,1,705,0,0,0,0,0,0,0,nan,nan,nan,nan,nan,nan,nan
15477,1,4,5,0,0,0,1,705,0,0,0,0,0,0,0,nan,nan,nan,nan,nan,nan,nan
15478,1,4,5,0,0,0,1,705,0,0,0,0,0,0,0,nan,nan,nan,nan,nan,nan,nan
15479,1,4,5,0,0,0,1,705,0,0,0,0,0,0,0,nan,nan,nan,nan,nan,nan,nan
15480,1,4,5,0,0,0,1,706,0,0,0,0,0,1,0,nan,nan,nan,nan,nan,19.668251680597677,23.368621496661945
15481,1,4,5,0,0,0,1,706,0,0,0,0,0,1,0,nan,nan,nan,nan,nan,nan,nan
15482,1,4,5,0,0,0,1,706,0,0,0,0,0,1,0,nan,nan,nan,nan,nan,nan,nan
15483,1,4,5,0,0,0,1,706,0,0,0,0,0,1,0,nan,nan,nan,nan,nan,nan,nan
15484,1,4,5,0,0,0,1,706,0,0,0,0,0,1,0,nan,nan,nan,nan,nan,nan,nan
15485,1,4,5,0,0,0,1,706,0,0,0,0,0,1,0,nan,nan,nan,nan,nan,nan,nan
15486,1,4,5,0,0,0,1,706,0,0,0,0,0,1,0,nan,nan,nan,nan,nan,nan,nan
15487,1,4,5,0,0,0,1,706,0,0,0,0,0,1,0,nan,nan,nan,nan,nan,nan,nan
15488,1,5,5,0,0,0,1,706,0,0,0,0,0,1,0,44.09629578831846,nan,nan,nan,nan,nan,nan
15489,1,5,5,0,0,0,1,706,0,0,0,0,0,1,0,nan,nan,nan,nan,nan,nan,nan
15490,1,5,5,0,0,0,1,706,0,0,0,0,0,1,0,nan,nan,nan,nan,nan,nan,nan
15491,1,5,5,0,0,0,1,706,0,0,0,0,0,1,0,nan,nan,nan,nan,nan,nan,nan
15492,1,5,5,0,0,0,1,706,0,0,0,0,0,1,0,nan,nan,nan,nan,nan,nan,nan
15493,1,5,5,0,0,0,0,707,0,0,0,0,0,1,0,nan,nan,nan,nan,nan,nan,13.135680054152544
15494,1,5,5,0,1,0,0,707,0,0,0,1,0,1,0,nan,nan,nan,19.133900960596293,nan,nan,nan
15495,1,5,5,0,1,0,0,707,0,0,0,1,0,1,0,nan,nan,nan,nan,nan,nan,nan
15496,1,5,5,0,0,0,0,707,0,0,0,1,0,0,0,nan,nan,nan,nan,43.12275212817258,nan,nan
15497,1,5,5,0,0,0,0,707,0,2,0,1,0,0,0,nan,21.972482097362445,nan,nan,nan,nan,nan
15498,1,4,5,0,0,0,0,707,0,0,0,0,0,0,0,nan,nan,22.374028441588962,nan,nan,nan,nan
15499,1,4,5,0,0,0,0,707,0,0,0,0,0,0,0,nan,nan,nan,nan,nan,nan,nan
15500,1,4,5,0,0,0,0,707,0,0,0,0,0,0,0,nan,nan,nan,nan,nan,nan,nan
15501,1,4,5,0,0,0,0,707,0,0,0,0,0,0,0,nan,nan,nan,nan,nan,nan,nan
15502,1,4,5,0,0,0,0,707,0,0,0,0,0,0,0,nan,nan,nan,nan,nan,nan,nan
15503,1,4,5,0,0,0,0,707,0,0,0,0,0,0,0,nan,nan,nan,nan,nan,nan,nan
15504,1,5,5,0,0,0,0,707,0,0,0,0,0,0,0,16.35099236231872,nan,nan,nan,nan,nan,nan
15505,1,5,5,0,0,0,0,707,0,0,0,0,0,0,0,nan,nan,nan,nan,nan,nan,nan
15506,1,5,5,0,0,0,0,707,0,0,0,0,0,0,0,nan,nan,nan,nan,nan,nan,nan
15507,1,5,5,0,0,1,0,707,0,0,0,0,1,0,0,nan,nan,nan,nan,11.766303574591802,nan,nan
15508,1,5,5,0,0,1,0,707,0,2,0,0,1,0,0,nan,10.22435748755015,nan,nan,nan,nan,nan
15509,1,5,5,0,0,1,0,707,0,2,0,0,1,0,0,nan,nan,nan,nan,nan,nan,nan
15510,1,5,5,0,0,1,0,708,0,2,0,0,1,0,1,nan,nan,nan,nan,nan,nan,16.79987770225125
15511,1,5,5,0,0,1,0,708,0,2,0,0,1,0,1,nan,nan,nan,nan,nan,nan,nan
15512,1,5,5,0,0,1,0,708,0,2,0,0,1,0,1,nan,nan,nan,nan,nan,nan,nan
15513,1,5,5,0,0,1,0,708,0,2,0,0,1,0,1,nan,nan,nan,nan,nan,nan,nan
15514,1,5,5,0,0,1,0,708,0,2,0,0,1,0,1,nan,nan,nan,nan,nan,nan,nan
15515,1,5,5,0,0,1,0,708,0,2,0,0,1,0,1,nan,nan,nan,nan,nan,nan,nan
15516,1,5,5,0,0,1,0,708,0,2,0,0,1,0,1,nan,nan,nan,nan,nan,nan,nan
15517,1,5,5,0,0,1,0,708,0,2,0,0,1,0,1,nan,nan,nan,nan,nan,nan,nan
15518,1,5,5,0,0,0,0,708,0,2,0,1,0,0,0,nan,nan,nan,23.98853379618049,nan,37.74877889691015,nan
15519,1,5,5,0,0,0,0,708,0,2,0,1,0,0,0,nan,nan,nan,nan,nan,nan,nan
15520,1,5,5,0,0,0,0,708,0,2,0,1,0,0,0,nan,nan,nan,nan,nan,nan,nan
15521,1,5,5,0,0,0,0,708,0,2,0,1,0,0,0,nan,nan,nan,nan,nan,nan,nan
15522,1,5,5,0,0,0,0,708,0,2,0,1,0,0,0,nan,nan,nan,nan,nan,nan,nan
15523,1,5,5,0,0,0,0,708,2,2,0,1,0,0,0,18.535742606149142,nan,nan,nan,nan,nan,nan
15524,1,5,5,0,0,0,0,708,2,2,0,1,0,0,0,nan,nan,nan,nan,nan,nan,nan
15525,1,5,5,0,0,0,0,708,2,2,0,1,0,0,0,nan,nan,nan,nan,nan,nan,nan
15526,1,5,5,0,0,0,0,708,2,2,0,1,0,0,0,nan,nan,nan,nan,nan,nan,nan
15527,1,5,5,0,0,0,0,708,2,2,0,1,0,0,0,nan,nan,nan,nan,nan,nan,nan
15528,1,5,5,0,0,0,0,708,2,2,0,1,0,0,0,nan,nan,nan,nan,nan,nan,nan
15529,1,5,5,0,0,0,0,708,0,0,0,0,0,0,0,nan,nan,31.27468582140682,nan,nan,nan,nan
15530,1,5,5,0,0,0,0,708,0,0,0,0,0,0,0,nan,nan,nan,nan,nan,nan,nan
15531,1,5,5,0,0,0,0,708,0,0,0,0,0,0,0,nan,nan,nan,nan,nan,nan,nan
15532,1,5,5,0,0,0,0,708,0,0,0,0,0,0,0,nan,nan,nan,nan,nan,nan,nan
15533,1,5,5,0,0,0,0,708,0,0,0,0,0,0,0,nan,nan,nan,nan,nan,nan,nan
15534,1,5,5,0,0,0,1,708,0,0,0,0,0,1,0,nan,nan,nan,nan,nan,15.817623898044985,nan
15535,1,5,5,0,0,0,1,708,0,0,0,0,1,0,0,nan,nan,nan,nan,27.590487456729534,nan,nan
15536,1,5,5,0,0,0,0,709,0,0,0,0,1,0,0,nan,nan,nan,nan,nan,nan,26.249890426443017
15537,1,5,5,0,0,0,0,709,0,0,0,0,1,0,0,nan,nan,nan,nan,nan,nan,nan
15538,1,5,5,0,0,0,0,709,0,0,0,0,1,0,0,nan,nan,nan,nan,nan,nan,nan
15539,1,5,5,0,0,0,0,709,0,0,0,0,1,0,0,nan,nan,nan,nan,nan,nan,nan
15540,1,5,5,0,0,0,0,709,0,0,0,1,0,0,0,nan,nan,nan,21.97474447274726,nan,nan,nan
15541,1,5,5,0,0,0,0,709,0,0,0,1,0,0,0,nan,nan,nan,nan,nan,nan,nan
15542,1,5,5,0,0,0,0,709,0,0,0,1,0,0,0,nan,nan,nan,nan,nan,nan,nan
15543,1,5,5,0,0,0,0,709,2,0,0,1,0,0,0,20.18341897715618,nan,nan,nan,nan,nan,nan
15544,1,5,5,0,0,0,0,709,2,0,0,1,0,0,0,nan,nan,nan,nan,nan,nan,nan
15545,1,5,5,0,0,0,0,709,2,0,0,1,0,0,0,nan,nan,nan,nan,nan,nan,nan
15546,1,5,4,0,0,0,0,709,2,0,0,0,0,0,0,nan,nan,16.750974317437795,nan,nan,nan,nan
15547,1,5,4,0,0,0,0,709,2,0,0,0,0,0,0,nan,nan,nan,nan,nan,nan,nan
15548,1,5,4,0,0,0,0,709,2,0,0,0,0,0,0,nan,nan,nan,nan,nan,nan,nan
15549,1,5,4,0,0,0,0,709,2,0,0,0,0,0,0,nan,nan,nan,nan,nan,nan,nan
15550,1,5,4,0,0,0,0,710,2,0,0,0,0,0,1,nan,nan,nan,nan,nan,nan,13.693507163203321
15551,1,5,4,0,0,0,0,710,2,0,0,0,0,0,1,nan,nan,nan,nan,nan,nan,nan
15552,1,5,4,0,0,0,0,710,2,0,0,0,0,0,1,nan,nan,nan,nan,nan,nan,nan
15553,1,5,5,0,0,0,0,710,0,0,0,0,0,0,1,nan,45.797560016490024,nan,nan,nan,nan,nan
15554,1,5,5,0,0,0,0,710,0,0,0,0,0,0,1,nan,nan,nan,nan,nan,nan,nan
15555,1,5,5,0,0,0,0,710,0,0,0,0,0,0,1,nan,nan,nan,nan,nan,nan,nan
15556,1,5,5,0,1,0,0,710,0,0,0,1,0,0,1,nan,nan,nan,16.708444952406353,nan,nan,nan
15557,1,5,5,0,1,0,0,710,0,0,0,1,0,0,1,nan,nan,nan,nan,nan,nan,nan
15558,1,5,5,0,1,0,0,710,0,0,0,1,0,0,1,nan,nan,nan,nan,nan,nan,nan
15559,1,5,5,0,1,0,0,710,0,0,0,1,0,0,1,nan,nan,nan,nan,nan,nan,nan
15560,1,5,5,0,1,0,0,710,0,0,0,1,0,0,1,nan,nan,nan,nan,nan,nan,nan
15561,1,5,5,0,1,0,0,710,0,0,0,1,0,0,1,nan,nan,nan,nan,nan,nan,nan
15562,1,5,5,0,1,0,0,710,0,0,0,1,0,0,1,nan,nan,nan,nan,nan,nan,nan
15563,1,5,5,0,1,0,0,710,0,0,0,1,0,0,1,nan,nan,nan,nan,nan,nan,nan
15564,1,5,5,0,1,0,0,710,0,0,0,1,0,0,1,nan,nan,nan,nan,nan,nan,nan
15565,1,5,5,0,1,0,0,710,0,0,0,1,0,0,1,nan,nan,nan,nan,nan,nan,nan
15566,1,5,5,0,1,0,0,710,0,0,0,1,0,0,1,nan,nan,nan,nan,nan,nan,nan
15567,1,5,5,0,1,0,0,710,2,0,0,1,0,1,0,23.8371584518045,nan,nan,nan,nan,32.92398853074701,nan
15568,1,5,4,0,1,0,0,710,2,0,0,0,0,1,0,nan,nan,22.63351628635064,nan,nan,nan,nan
15569,1,5,4,0,1,0,0,710,2,0,0,0,0,1,0,nan,nan,nan,nan,nan,nan,nan
15570,1,5,4,0,1,0,0,710,2,0,0,0,0,1,0,nan,nan,nan,nan,nan,nan,nan
15571,1,5,4,0,1,0,0,710,2,0,0,0,0,1,0,nan,nan,nan,nan,nan,nan,nan
15572,1,5,4,0,1,0,0,710,2,0,0,0,0,1,0,nan,nan,nan,nan,nan,nan,nan
15573,1,5,5,0,1,0,0,710,0,0,0,0,0,1,0,nan,19.81029779805067,nan,nan,nan,nan,nan
15574,1,5,5,0,0,0,0,710,0,0,0,0,0,0,0,nan,nan,nan,nan,38.50638498050648,nan,nan
15575,1,5,5,0,0,0,0,710,0,0,0,0,0,0,0,nan,nan,nan,nan,nan,nan,nan
15576,1,5,5,0,0,0,0,710,0,0,0,0,0,0,0,nan,nan,nan,nan,nan,nan,nan
15577,1,5,5,0,0,0,0,710,0,0,0,0,0,0,0,nan,nan,nan,nan,nan,nan,nan
15578,1,5,5,0,0,0,0,710,0,0,0,0,0,0,0,nan,nan,nan,nan,nan,nan,nan
15579,1,5,5,0,0,0,0,710,0,0,0,0,0,0,0,nan,nan,nan,nan,nan,nan,nan
15580,1,5,5,0,0,0,0,711,0,0,0,0,0,0,1,nan,nan,nan,nan,nan,nan,30.05580021454989
15581,1,5,5,0,0,0,0,711,0,0,0,0,0,0,1,nan,nan,nan,nan,nan,nan,nan
15582,1,5,5,0,0,0,0,711,0,0,0,0,0,0,1,nan,nan,nan,nan,nan,nan,nan
15583,1,5,5,0,0,1,0,711,0,0,0,0,1,0,1,nan,nan,nan,nan,9.905912878497475,nan,nan
15584,1,5,5,0,0,1,0,711,0,0,0,0,1,0,1,nan,nan,nan,nan,nan,nan,nan
15585,1,5,5,0,0,1,0,711,0,0,0,1,0,0,1,nan,nan,nan,28.854962790070203,nan,nan,nan
15586,1,5,5,0,0,1,0,711,0,0,0,1,0,0,1,nan,nan,nan,nan,nan,nan,nan
15587,1,5,5,0,0,1,0,711,0,0,0,1,0,0,1,nan,nan,nan,nan,nan,nan,nan
15588,1,5,5,0,0,0,0,711,0,0,0,1,0,0,0,nan,nan,nan,nan,nan,21.415227535675513,nan
15589,1,5,5,0,0,0,0,711,0,0,0,1,0,0,0,nan,nan,nan,nan,nan,nan,nan
15590,1,5,5,0,0,0,0,711,0,2,0,1,0,0,0,nan,16.617447281130808,nan,nan,nan,nan,nan
15591,1,5,5,0,0,0,0,711,0,2,0,1,0,0,0,nan,nan,nan,nan,nan,nan,nan
15592,1,5,5,0,0,0,0,711,0,2,0,1,0,0,0,nan,nan,nan,nan,nan,nan,nan
15593,1,5,5,0,0,0,0,711,0,2,0,1,0,0,0,nan,nan,nan,nan,nan,nan,nan
15594,1,4,5,0,0,0,0,711,0,0,0,0,0,0,0,nan,nan,25.720748951025598,nan,nan,nan,nan
15595,1,4,5,0,0,0,0,711,0,0,0,0,0,0,0,nan,nan,nan,nan,nan,nan,nan
15596,1,4,5,0,0,0,0,711,0,0,0,0,0,0,0,nan,nan,nan,nan,nan,nan,nan
15597,1,4,5,0,0,0,0,711,0,0,0,0,0,0,0,nan,nan,nan,nan,nan,nan,nan
15598,1,4,5,0,0,0,0,711,0,0,0,0,0,0,0,nan,nan,nan,nan,nan,nan,nan
15599,1,5,5,0,0,0,0,711,0,0,0,0,0,0,0,32.899290078939885,nan,nan,nan,nan,nan,nan
15600,1,5,5,0,0,0,0,711,0,0,0,0,0,0,0,nan,nan,nan,nan,nan,nan,nan
15601,1,5,5,0,0,0,0,711,0,0,0,0,0,0,0,nan,nan,nan,nan,nan,nan,nan
15602,1,5,5,0,0,0,0,711,0,0,0,0,0,0,0,nan,nan,nan,nan,nan,nan,nan
15603,1,5,5,0,0,0,0,711,0,0,0,0,0,0,0,nan,nan,nan,nan,nan,nan,nan
15604,1,5,5,0,0,1,0,711,0,0,0,0,1,0,0,nan,nan,nan,nan,20.115076550588128,nan,nan
15605,1,5,5,0,0,1,0,711,0,0,0,0,1,0,0,nan,nan,nan,nan,nan,nan,nan
15606,1,5,5,0,0,1,0,711,0,0,0,0,1,0,0,nan,nan,nan,nan,nan,nan,nan
15607,1,5,5,0,0,1,0,712,0,0,0,0,1,0,1,nan,nan,nan,nan,nan,nan,27.556895363039075
15608,1,5,5,0,0,1,0,712,0,0,0,0,1,0,1,nan,nan,nan,nan,nan,nan,nan
15609,1,5,5,0,0,1,0,712,0,2,0,0,1,0,1,nan,19.14592057365917,nan,nan,nan,nan,nan
15610,1,5,5,0,0,1,0,712,0,2,0,0,1,0,1,nan,nan,nan,nan,nan,nan,nan
15611,1,5,5,0,0,1,0,712,0,2,0,0,1,0,1,nan,nan,nan,nan,nan,nan,nan
15612,1,5,5,0,0,1,0,712,0,2,0,0,1,0,1,nan,nan,nan,nan,nan,nan,nan
15613,1,5,5,0,0,0,0,712,0,2,0,0,1,0,0,nan,nan,nan,nan,nan,24.53889407001043,nan
15614,1,5,5,0,0,0,0,712,0,2,0,0,1,0,0,nan,nan,nan,nan,nan,nan,nan
15615,1,5,5,0,0,0,0,712,2,2,0,0,1,0,0,15.475952092980151,nan,nan,nan,nan,nan,nan
15616,1,5,5,0,0,0,0,712,2,2,0,0,1,0,0,nan,nan,nan,nan,nan,nan,nan
15617,1,5,5,0,0,0,0,712,2,2,0,0,1,0,0,nan,nan,nan,nan,nan,nan,nan
15618,1,5,5,0,0,0,0,712,2,2,0,0,1,0,0,nan,nan,nan,nan,nan,nan,nan
15619,1,5,5,0,0,0,0,712,2,2,0,0,1,0,0,nan,nan,nan,nan,nan,nan,nan
15620,1,5,5,0,0,0,0,712,0,0,0,0,0,0,0,nan,nan,26.193387019658985,34.58573357671776,nan,nan,nan
15621,1,5,5,0,0,0,0,712,0,0,0,0,0,0,0,nan,nan,nan,nan,nan,nan,nan
15622,1,5,5,0,0,0,0,712,0,0,0,0,0,0,0,nan,nan,nan,nan,nan,nan,nan
15623,1,5,5,0,0,0,0,712,0,0,0,0,0,0,0,nan,nan,nan,nan,nan,nan,nan
15624,1,5,5,0,0,0,0,712,0,0,0,0,0,0,0,nan,nan,nan,nan,nan,nan,nan
15625,1,5,5,0,0,0,0,712,0,0,0,0,0,0,0,nan,nan,nan,nan,nan,nan,nan
15626,1,5,5,0,0,0,0,712,0,0,0,0,0,0,0,nan,nan,nan,nan,nan,nan,nan
15627,1,5,5,0,0,0,0,712,0,0,0,0,0,0,0,nan,nan,nan,nan,nan,nan,nan
15628,1,5,5,0,0,0,1,712,0,0,0,0,0,1,0,nan,nan,nan,nan,nan,15.463353642207949,nan
15629,1,5,5,0,0,0,1,712,0,0,0,0,0,1,0,nan,nan,nan,nan,nan,nan,nan
15630,1,5,5,0,0,0,1,712,0,0,0,0,0,1,0,nan,nan,nan,nan,nan,nan,nan
15631,1,5,5,0,0,0,1,712,0,0,0,0,0,1,0,nan,nan,nan,nan,nan,nan,nan
15632,1,5,5,0,0,0,1,712,0,0,0,0,0,1,0,nan,nan,nan,nan,nan,nan,nan
15633,1,5,5,0,0,0,1,712,0,0,0,0,0,1,0,nan,nan,nan,nan,nan,nan,nan
15634,1,5,5,0,0,0,1,712,0,0,0,0,0,1,0,nan,nan,nan,nan,nan,nan,nan
15635,1,5,5,0,0,0,0,713,0,0,0,0,0,1,0,nan,nan,nan,nan,nan,nan,27.788631312309008
15636,1,5,5,0,0,0,0,713,0,0,0,0,0,1,0,nan,nan,nan,nan,nan,nan,nan
15637,1,5,5,0,0,0,0,713,0,0,0,0,0,1,0,nan,nan,nan,nan,nan,nan,nan
15638,1,5,4,1,0,0,0,713,0,0,0,0,0,1,0,nan,nan,18.117152771394103,nan,nan,nan,nan
15639,1,5,4,1,0,0,0,713,0,0,0,0,0,1,0,nan,nan,nan,nan,nan,nan,nan
15640,1,5,4,1,0,0,0,713,0,0,0,0,1,0,0,nan,nan,nan,nan,36.730823619673174,nan,nan
15641,1,5,4,1,0,0,0,713,0,0,0,0,1,0,0,nan,nan,nan,nan,nan,nan,nan
15642,1,5,4,1,0,0,0,713,0,0,0,0,1,0,0,nan,nan,nan,nan,nan,nan,nan
15643,1,4,5,1,0,0,0,713,0,0,0,0,1,0,0,nan,34.433858574015176,nan,nan,nan,nan,nan
15644,1,4,5,1,0,0,0,713,0,0,0,0,1,0,0,nan,nan,nan,nan,nan,nan,nan
15645,1,4,5,0,0,0,0,713,0,0,0,0,0,0,0,nan,nan,nan,24.885822948688656,nan,nan,nan
15646,1,4,5,0,0,0,0,713,0,0,0,0,0,0,0,nan,nan,nan,nan,nan,nan,nan
15647,1,4,5,0,0,0,0,713,0,0,0,0,0,0,0,nan,nan,nan,nan,nan,nan,nan
15648,1,4,5,0,0,0,0,713,0,0,0,0,0,0,0,nan,nan,nan,nan,nan,nan,nan
15649,1,4,5,0,0,0,0,713,0,0,0,0,0,0,0,nan,nan,nan,nan,nan,nan,nan
15650,1,4,5,0,0,0,0,713,0,0,0,0,0,0,0,nan,nan,nan,nan,nan,nan,nan
15651,1,5,5,0,0,0,0,714,0,0,0,0,0,0,1,35.81859421565605,nan,nan,nan,nan,nan,15.574242303973733
15652,1,5,5,0,0,0,0,714,0,0,0,0,0,0,1,nan,nan,nan,nan,nan,nan,nan
15653,1,5,5,0,0,0,0,714,0,0,0,0,0,0,1,nan,nan,nan,nan,nan,nan,nan
15654,1,5,5,0,0,0,0,714,0,0,0,0,0,0,1,nan,nan,nan,nan,nan,nan,nan
15655,1,5,5,0,0,0,0,714,0,0,0,0,0,0,1,nan,nan,nan,nan,nan,nan,nan
15656,1,5,5,0,0,0,0,714,0,0,0,0,0,1,0,nan,nan,nan,nan,nan,27.731542744446415,nan
15657,1,5,5,0,0,0,0,714,0,0,0,0,0,1,0,nan,nan,nan,nan,nan,nan,nan
15658,1,5,5,0,0,0,0,714,0,0,0,0,0,1,0,nan,nan,nan,nan,nan,nan,nan
15659,1,5,4,1,0,0,0,714,0,0,0,0,0,1,0,nan,nan,20.466309875148,nan,nan,nan,nan
15660,1,5,4,1,0,0,0,714,0,0,0,0,0,1,0,nan,nan,nan,nan,nan,nan,nan
15661,1,5,4,1,0,0,0,714,0,0,0,0,0,1,0,nan,nan,nan,nan,nan,nan,nan
15662,1,5,4,0,1,0,0,714,0,0,0,0,0,1,0,nan,nan,nan,17.61967390972677,nan,nan,nan
15663,1,5,4,0,1,0,0,714,0,0,0,0,0,1,0,nan,nan,nan,nan,nan,nan,nan
15664,1,4,5,0,0,0,0,714,0,0,0,0,0,0,0,nan,21.145155999680355,nan,nan,23.5387933470829,nan,nan
15665,1,4,5,0,0,0,0,714,0,0,0,0,0,0,0,nan,nan,nan,nan,nan,nan,nan
15666,1,4,5,0,0,0,0,714,0,0,0,0,0,0,0,nan,nan,nan,nan,nan,nan,nan
15667,1,4,5,0,0,0,0,714,0,0,0,0,0,0,0,nan,nan,nan,nan,nan,nan,nan
15668,1,4,5,0,0,0,0,714,0,0,0,0,0,0,0,nan,nan,nan,nan,nan,nan,nan
15669,1,4,5,0,0,0,0,714,0,0,0,0,0,0,0,nan,nan,nan,nan,nan,nan,nan
15670,1,4,5,0,0,0,0,714,0,0,0,0,0,0,0,nan,nan,nan,nan,nan,nan,nan
15671,1,5,5,0,0,0,0,714,0,0,0,0,0,0,0,20.020794382444365,nan,nan,nan,nan,nan,nan
15672,1,5,5,0,0,0,0,714,0,0,0,0,0,0,0,nan,nan,nan,nan,nan,nan,nan
15673,1,5,5,0,0,0,0,714,0,0,0,0,0,0,0,nan,nan,nan,nan,nan,nan,nan
15674,1,5,5,0,0,0,0,714,0,0,0,0,0,0,0,nan,nan,nan,nan,nan,nan,nan
15675,1,5,5,0,0,0,0,714,0,0,0,0,0,0,0,nan,nan,nan,nan,nan,nan,nan
15676,1,5,5,0,0,0,0,714,0,0,0,0,0,0,0,nan,nan,nan,nan,nan,nan,nan
15677,1,5,5,0,0,0,0,714,0,0,0,0,0,0,0,nan,nan,nan,nan,nan,nan,nan
15678,1,5,5,0,0,0,0,714,0,0,0,0,0,0,0,nan,nan,nan,nan,nan,nan,nan
15679,1,5,5,0,0,0,1,714,0,0,0,0,0,1,0,nan,nan,nan,nan,nan,23.031478787974265,nan
15680,1,5,5,0,0,0,0,715,0,0,0,0,0,1,0,nan,nan,nan,nan,nan,nan,28.915660270520675
15681,1,5,4,1,0,0,0,715,0,0,0,0,0,1,0,nan,nan,21.87645388551573,nan,nan,nan,nan
15682,1,5,4,0,1,0,0,715,0,0,0,0,0,1,0,nan,nan,nan,20.227599733918396,nan,nan,nan
15683,1,5,4,0,1,0,0,715,0,0,0,0,0,1,0,nan,nan,nan,nan,nan,nan,nan
15684,1,5,4,0,1,0,0,715,0,0,0,0,0,1,0,nan,nan,nan,nan,nan,nan,nan
15685,1,5,4,0,1,0,0,715,0,0,0,0,0,1,0,nan,nan,nan,nan,nan,nan,nan
15686,1,5,4,0,1,0,0,715,0,0,0,0,0,1,0,nan,nan,nan,nan,nan,nan,nan
15687,1,5,4,0,1,0,0,715,0,0,0,0,0,1,0,nan,nan,nan,nan,nan,nan,nan
15688,1,4,5,0,1,0,0,715,0,0,0,0,0,1,0,nan,23.606992676686787,nan,nan,nan,nan,nan
15689,1,4,5,0,1,0,0,715,0,0,0,0,0,1,0,nan,nan,nan,nan,nan,nan,nan
15690,1,5,5,0,0,0,0,715,0,0,0,0,0,0,0,19.086774387396872,nan,nan,nan,25.972846486580238,nan,nan
15691,1,5,5,0,0,0,0,715,0,0,0,0,0,0,0,nan,nan,nan,nan,nan,nan,nan
15692,1,5,5,0,0,0,0,716,0,0,0,0,0,0,1,nan,nan,nan,nan,nan,nan,12.188882459207889
15693,1,5,5,0,0,0,0,716,0,0,0,0,0,0,1,nan,nan,nan,nan,nan,nan,nan
15694,1,5,5,0,0,0,0,716,0,0,0,0,0,0,1,nan,nan,nan,nan,nan,nan,nan
15695,1,5,5,0,0,0,0,716,0,0,0,0,0,0,1,nan,nan,nan,nan,nan,nan,nan
15696,1,5,5,0,0,0,0,716,0,0,0,0,0,0,1,nan,nan,nan,nan,nan,nan,nan
15697,1,5,5,0,0,0,0,716,0,0,0,0,0,0,1,nan,nan,nan,nan,nan,nan,nan
15698,1,5,5,0,0,0,0,716,0,0,0,0,0,0,1,nan,nan,nan,nan,nan,nan,nan
15699,1,5,5,0,0,0,0,716,0,0,0,0,0,0,1,nan,nan,nan,nan,nan,nan,nan
15700,1,5,5,0,0,0,0,716,0,0,0,0,0,0,1,nan,nan,nan,nan,nan,nan,nan
15701,1,5,5,0,0,0,0,716,0,0,0,0,0,0,1,nan,nan,nan,nan,nan,nan,nan
15702,1,5,5,0,1,0,0,716,0,0,0,1,0,0,1,nan,nan,nan,19.134307347942013,nan,nan,nan
15703,1,5,5,0,0,1,0,716,0,2,0,1,0,0,1,nan,14.480007247810136,nan,nan,13.339720613732425,nan,nan
15704,1,5,5,0,0,1,0,716,0,2,0,1,0,0,1,nan,nan,nan,nan,nan,nan,nan
15705,1,5,5,0,0,1,0,716,0,2,0,1,0,0,1,nan,nan,nan,nan,nan,nan,nan
15706,1,5,5,0,0,1,0,716,0,2,0,1,0,0,1,nan,nan,nan,nan,nan,nan,nan
15707,1,5,5,0,0,1,0,716,0,2,0,1,0,0,1,nan,nan,nan,nan,nan,nan,nan
15708,1,5,5,0,0,1,0,716,2,2,0,1,0,0,1,18.130687671020496,nan,nan,nan,nan,nan,nan
15709,1,5,5,0,0,1,0,716,2,2,0,1,0,0,1,nan,nan,nan,nan,nan,nan,nan
15710,1,5,5,0,0,1,0,716,2,2,0,1,0,0,1,nan,nan,nan,nan,nan,nan,nan
15711,1,5,5,0,0,1,0,716,2,2,0,1,0,0,1,nan,nan,nan,nan,nan,nan,nan
15712,1,5,5,0,0,1,0,716,2,2,0,1,0,0,1,nan,nan,nan,nan,nan,nan,nan
15713,1,5,5,0,0,1,0,716,0,0,0,0,0,0,1,nan,nan,32.453212063433966,nan,nan,nan,nan
15714,1,5,5,0,0,2,0,716,0,0,0,0,1,0,1,nan,nan,nan,nan,11.013505308577805,nan,nan
15715,1,5,5,0,0,2,0,716,0,0,0,0,1,0,1,nan,nan,nan,nan,nan,nan,nan
15716,1,5,5,0,0,2,0,716,0,0,0,0,1,0,1,nan,nan,nan,nan,nan,nan,nan
15717,1,5,5,0,0,2,0,716,0,0,0,0,1,0,1,nan,nan,nan,nan,nan,nan,nan
15718,1,5,5,0,0,2,0,716,0,0,0,0,1,0,1,nan,nan,nan,nan,nan,nan,nan
15719,1,5,5,0,0,2,0,716,0,0,0,0,1,0,1,nan,nan,nan,nan,nan,nan,nan
15720,1,5,5,0,0,1,0,716,0,0,0,0,1,0,0,nan,nan,nan,nan,nan,40.80873461898955,nan
15721,1,5,5,0,0,1,0,716,0,0,0,0,1,0,0,nan,nan,nan,nan,nan,nan,nan
15722,1,5,5,0,0,1,0,716,0,0,0,0,1,0,0,nan,nan,nan,nan,nan,nan,nan
15723,1,5,5,0,0,1,0,716,0,0,0,0,1,0,0,nan,nan,nan,nan,nan,nan,nan
15724,1,5,5,0,0,1,0,716,0,0,0,0,1,0,0,nan,nan,nan,nan,nan,nan,nan
15725,1,5,5,0,0,1,0,716,0,0,0,0,1,0,0,nan,nan,nan,nan,nan,nan,nan
15726,1,5,5,0,0,1,0,716,0,0,0,1,0,0,0,nan,nan,nan,23.931530881618528,nan,nan,nan
15727,1,5,5,0,0,1,0,716,0,0,0,1,0,0,0,nan,nan,nan,nan,nan,nan,nan
15728,1,5,5,0,0,1,0,716,2,2,0,1,0,0,0,20.073087578297418,25.19784532956328,nan,nan,nan,nan,nan
15729,1,5,5,0,0,1,0,716,2,2,0,1,0,0,0,nan,nan,nan,nan,nan,nan,nan
15730,1,5,5,0,0,1,0,716,2,2,0,1,0,0,0,nan,nan,nan,nan,nan,nan,nan
15731,1,5,5,0,0,1,0,716,2,2,0,1,0,0,0,nan,nan,nan,nan,nan,nan,nan
15732,1,5,5,0,0,1,0,716,2,2,0,1,0,0,0,nan,nan,nan,nan,nan,nan,nan
15733,1,5,5,0,0,1,0,716,2,2,0,1,0,0,0,nan,nan,nan,nan,nan,nan,nan
15734,1,5,5,0,0,1,0,716,2,2,0,1,0,0,0,nan,nan,nan,nan,nan,nan,nan
15735,1,5,5,0,0,1,0,716,0,0,0,0,0,0,0,nan,nan,21.746674708192586,nan,nan,nan,nan
15736,1,5,5,0,0,1,0,716,0,0,0,0,0,0,0,nan,nan,nan,nan,nan,nan,nan
15737,1,5,5,0,0,1,0,716,0,0,0,0,0,0,0,nan,nan,nan,nan,nan,nan,nan
15738,1,5,5,0,0,0,1,716,0,0,0,0,0,0,0,nan,nan,nan,nan,nan,17.76724798784926,nan
15739,1,5,5,0,0,0,1,716,0,0,0,0,0,0,0,nan,nan,nan,nan,nan,nan,nan
15740,1,5,5,0,0,0,1,716,0,0,0,0,0,0,0,nan,nan,nan,nan,nan,nan,nan
15741,1,5,5,0,0,0,1,716,0,0,0,0,0,0,0,nan,nan,nan,nan,nan,nan,nan
15742,1,5,5,0,0,0,1,716,0,0,0,0,0,0,0,nan,nan,nan,nan,nan,nan,nan
15743,1,5,5,0,0,0,1,716,0,0,0,0,0,0,0,nan,nan,nan,nan,nan,nan,nan
15744,1,5,5,0,0,0,1,716,0,0,0,0,0,0,0,nan,nan,nan,nan,nan,nan,nan
15745,1,5,5,0,0,0,1,716,0,0,0,0,0,0,0,nan,nan,nan,nan,nan,nan,nan
15746,1,5,5,0,0,1,1,716,0,2,0,0,1,0,0,nan,18.68086869009494,nan,nan,31.964612495996334,nan,nan
15747,1,5,5,0,0,1,0,717,0,2,0,0,1,0,0,nan,nan,nan,nan,nan,nan,55.09234030367952
15748,1,5,5,0,0,1,0,717,0,2,0,0,1,0,0,nan,nan,nan,nan,nan,nan,nan
15749,1,5,5,0,0,1,0,717,0,2,0,1,0,0,0,nan,nan,nan,23.179413527441284,nan,nan,nan
15750,1,5,5,0,0,1,0,717,0,2,0,1,0,0,0,nan,nan,nan,nan,nan,nan,nan
15751,1,4,5,0,0,1,0,717,0,0,0,0,0,0,0,nan,nan,15.989028497948311,nan,nan,nan,nan
15752,1,4,5,0,0,1,0,717,0,0,0,0,0,0,0,nan,nan,nan,nan,nan,nan,nan
15753,1,4,5,0,0,1,0,717,0,0,0,0,0,0,0,nan,nan,nan,nan,nan,nan,nan
15754,1,4,5,0,0,1,0,717,0,0,0,0,0,0,0,nan,nan,nan,nan,nan,nan,nan
15755,1,5,5,0,0,1,0,717,0,0,0,0,0,0,0,27.347031236180555,nan,nan,nan,nan,nan,nan
15756,1,5,5,0,0,1,0,717,0,0,0,0,0,0,0,nan,nan,nan,nan,nan,nan,nan
15757,1,5,5,0,0,1,0,717,0,0,0,0,0,0,0,nan,nan,nan,nan,nan,nan,nan
15758,1,5,5,0,0,1,0,717,0,0,0,0,0,0,0,nan,nan,nan,nan,nan,nan,nan
15759,1,5,5,0,0,1,0,718,0,0,0,0,0,0,1,nan,nan,nan,nan,nan,nan,12.318041886594074
15760,1,5,5,0,0,1,0,718,0,0,0,0,0,0,1,nan,nan,nan,nan,nan,nan,nan
15761,1,5,5,0,0,1,0,718,0,0,0,0,1,0,0,nan,nan,nan,nan,14.416284973920483,23.631250406997424,nan
15762,1,5,5,0,0,1,0,718,0,0,0,0,1,0,0,nan,nan,nan,nan,nan,nan,nan
15763,1,5,5,0,0,1,0,718,0,0,0,0,1,0,0,nan,nan,nan,nan,nan,nan,nan
15764,1,5,5,0,0,1,0,718,0,0,0,0,1,0,0,nan,nan,nan,nan,nan,nan,nan
15765,1,5,5,0,0,1,0,718,0,0,0,0,1,0,0,nan,nan,nan,nan,nan,nan,nan
15766,1,5,5,0,0,1,0,718,0,0,0,1,0,0,0,nan,nan,nan,17.59875457421913,nan,nan,nan
15767,1,5,5,0,0,1,0,718,0,0,0,1,0,0,0,nan,nan,nan,nan,nan,nan,nan
15768,1,5,5,0,0,1,0,718,0,0,0,1,0,0,0,nan,nan,nan,nan,nan,nan,nan
15769,1,5,5,0,0,1,0,718,0,0,0,1,0,0,0,nan,nan,nan,nan,nan,nan,nan
15770,1,5,5,0,0,1,0,718,0,2,0,1,0,0,0,nan,23.18371786845637,nan,nan,nan,nan,nan
15771,1,5,5,0,0,1,0,718,0,2,0,1,0,0,0,nan,nan,nan,nan,nan,nan,nan
15772,1,5,5,0,0,1,0,718,0,2,0,1,0,0,0,nan,nan,nan,nan,nan,nan,nan
15773,1,5,5,0,0,1,0,718,2,2,0,1,0,0,0,17.608720786060076,nan,nan,nan,nan,nan,nan
15774,1,5,5,0,0,1,0,719,2,2,0,1,0,0,1,nan,nan,nan,nan,nan,nan,14.619865552631381
15775,1,5,5,0,0,1,0,719,0,0,0,0,0,0,1,nan,nan,24.343818445599027,nan,nan,nan,nan
15776,1,5,5,0,0,1,0,719,0,0,0,0,0,0,1,nan,nan,nan,nan,nan,nan,nan
15777,1,5,5,0,0,1,0,719,0,0,0,0,0,0,1,nan,nan,nan,nan,nan,nan,nan
15778,1,5,5,0,0,1,0,719,0,0,0,0,0,0,1,nan,nan,nan,nan,nan,nan,nan
15779,1,5,5,0,0,1,0,719,0,0,0,0,0,0,1,nan,nan,nan,nan,nan,nan,nan
15780,1,5,5,0,0,1,0,719,0,0,0,0,0,0,1,nan,nan,nan,nan,nan,nan,nan
15781,1,5,5,0,0,2,0,719,0,0,0,0,1,0,1,nan,nan,nan,nan,20.085665384822278,nan,nan
15782,1,5,5,0,0,2,0,719,0,0,0,0,1,0,1,nan,nan,nan,nan,nan,nan,nan
15783,1,5,5,0,0,2,0,719,0,0,0,0,1,0,1,nan,nan,nan,nan,nan,nan,nan
15784,1,5,5,0,0,2,0,719,0,0,0,0,1,0,1,nan,nan,nan,nan,nan,nan,nan
15785,1,5,5,0,0,2,0,719,0,0,0,0,1,0,1,nan,nan,nan,nan,nan,nan,nan
15786,1,5,5,0,0,2,0,719,0,0,0,0,1,0,1,nan,nan,nan,nan,nan,nan,nan
15787,1,5,5,0,0,2,0,719,0,0,0,0,1,0,1,nan,nan,nan,nan,nan,nan,nan
15788,1,5,5,0,0,1,0,719,0,0,0,0,1,0,0,nan,nan,nan,nan,nan,27.093732058205205,nan
15789,1,5,5,0,0,1,0,719,0,0,0,0,1,0,0,nan,nan,nan,nan,nan,nan,nan
15790,1,5,5,0,0,1,0,719,0,0,0,0,1,0,0,nan,nan,nan,nan,nan,nan,nan
15791,1,5,5,0,0,1,0,719,2,0,0,1,0,0,0,17.63959139938561,nan,nan,24.98173535920796,nan,nan,nan
15792,1,5,5,0,0,1,0,719,2,0,0,1,0,0,0,nan,nan,nan,nan,nan,nan,nan
15793,1,5,5,0,0,1,0,719,2,0,0,1,0,0,0,nan,nan,nan,nan,nan,nan,nan
15794,1,5,5,0,0,1,0,719,2,2,0,1,0,0,0,nan,24.68149674259439,nan,nan,nan,nan,nan
15795,1,5,5,0,0,1,0,719,2,2,0,1,0,0,0,nan,nan,nan,nan,nan,nan,nan
15796,1,5,5,0,0,1,0,719,2,2,0,1,0,0,0,nan,nan,nan,nan,nan,nan,nan
15797,1,5,5,0,0,1,0,719,2,2,0,1,0,0,0,nan,nan,nan,nan,nan,nan,nan
15798,1,5,5,0,0,0,1,719,2,2,0,1,0,0,0,nan,nan,nan,nan,nan,9.53974075572296,nan
15799,1,5,5,0,0,0,1,719,2,2,0,1,0,0,0,nan,nan,nan,nan,nan,nan,nan
15800,1,5,5,0,0,0,1,719,0,0,0,0,0,0,0,nan,nan,25.21402103914079,nan,nan,nan,nan
15801,1,5,5,0,0,0,1,719,0,0,0,0,0,0,0,nan,nan,nan,nan,nan,nan,nan
15802,1,5,5,0,0,0,1,719,0,0,0,0,0,0,0,nan,nan,nan,nan,nan,nan,nan
15803,1,5,5,0,0,0,1,719,0,0,0,0,0,0,0,nan,nan,nan,nan,nan,nan,nan
15804,1,5,5,0,0,0,1,719,0,0,0,0,0,0,0,nan,nan,nan,nan,nan,nan,nan
15805,1,5,5,0,0,0,1,719,0,0,0,0,0,0,0,nan,nan,nan,nan,nan,nan,nan
15806,1,5,5,0,0,0,1,719,0,0,0,0,0,0,0,nan,nan,nan,nan,nan,nan,nan
15807,1,5,5,0,0,0,1,719,0,0,0,0,0,0,0,nan,nan,nan,nan,nan,nan,nan
15808,1,5,5,0,0,1,1,719,0,0,0,0,1,0,0,nan,nan,nan,nan,27.70113859436242,nan,nan
15809,1,5,5,0,0,1,1,719,0,0,0,0,1,0,0,nan,nan,nan,nan,nan,nan,nan
15810,1,5,5,0,0,1,1,719,0,0,0,0,1,0,0,nan,nan,nan,nan,nan,nan,nan
15811,1,5,5,0,0,1,1,719,0,0,0,0,1,0,0,nan,nan,nan,nan,nan,nan,nan
15812,1,5,5,0,0,1,1,719,0,0,0,0,1,0,0,nan,nan,nan,nan,nan,nan,nan
15813,1,5,5,0,0,0,2,719,0,0,0,0,1,0,0,nan,nan,nan,nan,nan,14.5616110120136,nan
15814,1,5,5,0,0,0,2,719,0,0,0,0,1,0,0,nan,nan,nan,nan,nan,nan,nan
15815,1,5,5,0,0,0,2,719,0,0,0,0,1,0,0,nan,nan,nan,nan,nan,nan,nan
15816,1,5,5,0,0,0,2,719,2,0,0,0,1,0,0,25.208150626845963,nan,nan,nan,nan,nan,nan
15817,1,5,5,0,0,0,2,719,2,0,0,0,1,0,0,nan,nan,nan,nan,nan,nan,nan
15818,1,5,5,0,0,0,2,719,2,0,0,0,1,0,0,nan,nan,nan,nan,nan,nan,nan
15819,1,5,5,0,0,0,2,719,2,2,0,0,1,0,0,nan,25.136185246930836,nan,nan,nan,nan,nan
15820,1,5,5,0,0,0,2,719,2,2,0,0,1,0,0,nan,nan,nan,nan,nan,nan,nan
15821,1,5,5,0,0,0,2,719,2,2,0,0,1,0,0,nan,nan,nan,nan,nan,nan,nan
15822,1,5,5,0,0,0,3,719,2,2,0,0,1,1,0,nan,nan,nan,nan,nan,9.457884742230817,nan
15823,1,5,5,0,0,0,3,719,2,2,0,0,1,1,0,nan,nan,nan,nan,nan,nan,nan
15824,1,5,5,0,0,0,2,720,2,2,0,0,1,1,0,nan,nan,nan,nan,nan,nan,49.99259907294618
15825,1,5,5,0,0,0,2,720,2,2,0,1,0,1,0,nan,nan,nan,33.26451192651439,nan,nan,nan
15826,1,5,5,0,0,0,2,720,2,2,0,1,0,1,0,nan,nan,nan,nan,nan,nan,nan
15827,1,5,5,0,0,0,2,720,2,2,0,1,0,1,0,nan,nan,nan,nan,nan,nan,nan
15828,1,5,5,0,0,0,2,720,2,2,0,1,0,1,0,nan,nan,nan,nan,nan,nan,nan
15829,1,5,5,0,0,0,2,720,2,2,0,1,0,1,0,nan,nan,nan,nan,nan,nan,nan
15830,1,5,5,0,0,0,2,720,2,2,0,1,0,1,0,nan,nan,nan,nan,nan,nan,nan
15831,1,5,5,0,0,0,2,720,2,2,0,1,0,1,0,nan,nan,nan,nan,nan,nan,nan
15832,1,5,5,0,0,0,2,720,2,2,0,1,0,1,0,nan,nan,nan,nan,nan,nan,nan
15833,1,5,5,0,0,0,2,720,2,2,0,1,0,1,0,nan,nan,nan,nan,nan,nan,nan
15834,1,5,5,0,0,0,2,720,2,2,0,1,0,1,0,nan,nan,nan,nan,nan,nan,nan
15835,1,5,5,0,0,0,2,720,2,2,0,1,0,1,0,nan,nan,nan,nan,nan,nan,nan
15836,1,5,5,0,0,0,2,720,2,2,0,1,0,1,0,nan,nan,nan,nan,nan,nan,nan
15837,1,5,5,0,0,0,2,720,2,2,0,1,0,1,0,nan,nan,nan,nan,nan,nan,nan
15838,1,5,5,0,0,0,2,720,0,0,0,0,0,1,0,nan,nan,37.91022701395923,nan,nan,nan,nan
15839,1,5,5,0,0,0,1,721,0,0,0,0,0,1,0,nan,nan,nan,nan,nan,nan,15.07509900048899
15840,1,5,5,0,0,0,1,721,0,0,0,0,0,1,0,nan,nan,nan,nan,nan,nan,nan
15841,1,5,5,0,0,0,1,721,0,0,0,0,1,0,0,nan,nan,nan,nan,32.85401469700628,nan,nan
15842,1,5,5,0,0,0,1,721,0,0,0,0,1,0,0,nan,nan,nan,nan,nan,nan,nan
15843,1,5,5,0,0,0,1,721,0,0,0,0,1,0,0,nan,nan,nan,nan,nan,nan,nan
15844,1,5,5,0,0,0,1,721,0,0,0,0,1,0,0,nan,nan,nan,nan,nan,nan,nan
15845,1,5,5,0,0,0,1,721,0,0,0,0,1,0,0,nan,nan,nan,nan,nan,nan,nan
15846,1,5,5,0,0,0,1,721,0,0,0,0,1,0,0,nan,nan,nan,nan,nan,nan,nan
15847,1,5,5,0,0,0,1,721,0,0,0,0,1,0,0,nan,nan,nan,nan,nan,nan,nan
15848,1,5,5,0,0,0,1,721,0,0,0,0,1,0,0,nan,nan,nan,nan,nan,nan,nan
15849,1,5,5,0,0,0,1,721,0,0,0,0,1,0,0,nan,nan,nan,nan,nan,nan,nan
15850,1,5,5,0,0,0,1,721,0,0,0,0,1,0,0,nan,nan,nan,nan,nan,nan,nan
15851,1,5,5,0,0,0,1,721,0,0,0,1,0,0,0,nan,nan,nan,26.399042068547715,nan,nan,nan
15852,1,5,5,0,0,0,1,721,0,0,0,1,0,0,0,nan,nan,nan,nan,nan,nan,nan
15853,1,5,5,0,0,0,1,721,0,0,0,1,0,0,0,nan,nan,nan,nan,nan,nan,nan
15854,1,5,5,0,0,0,1,722,0,0,0,1,0,1,0,nan,nan,nan,nan,nan,32.06942653985425,15.357760910872457
15855,1,5,5,0,0,0,1,722,0,0,0,1,0,1,0,nan,nan,nan,nan,nan,nan,nan
15856,1,5,4,0,0,0,1,722,0,0,0,0,0,1,0,nan,nan,17.82664547278364,nan,nan,nan,nan
15857,1,4,5,0,0,0,1,722,0,0,0,0,0,1,0,nan,37.438244711767766,nan,nan,nan,nan,nan
15858,1,4,5,0,0,0,1,722,0,0,0,0,0,1,0,nan,nan,nan,nan,nan,nan,nan
15859,1,4,5,0,0,0,1,722,0,0,0,0,0,1,0,nan,nan,nan,nan,nan,nan,nan
15860,1,4,5,0,0,0,1,722,0,0,0,0,0,1,0,nan,nan,nan,nan,nan,nan,nan
15861,1,4,5,0,0,0,1,722,0,0,0,0,0,1,0,nan,nan,nan,nan,nan,nan,nan
15862,1,4,5,0,0,0,1,722,0,0,0,0,0,1,0,nan,nan,nan,nan,nan,nan,nan
15863,1,4,5,0,0,0,1,722,0,0,0,0,1,0,0,nan,nan,nan,nan,21.803780064403327,nan,nan
15864,1,4,5,0,0,0,1,722,0,0,0,0,1,0,0,nan,nan,nan,nan,nan,nan,nan
15865,1,4,5,0,0,0,0,723,0,0,0,0,1,0,0,nan,nan,nan,nan,nan,nan,10.509125380955084
15866,1,4,5,0,0,0,0,723,0,0,0,0,1,0,0,nan,nan,nan,nan,nan,nan,nan
15867,1,4,5,0,0,0,0,723,0,0,0,0,1,0,0,nan,nan,nan,nan,nan,nan,nan
15868,1,4,5,0,0,0,0,723,0,0,0,1,0,0,0,nan,nan,nan,17.347546105220317,nan,nan,nan
15869,1,4,5,0,0,0,0,723,0,0,0,1,0,0,0,nan,nan,nan,nan,nan,nan,nan
15870,1,4,5,0,0,0,0,723,0,0,0,1,0,0,0,nan,nan,nan,nan,nan,nan,nan
15871,1,4,5,0,0,0,0,723,0,0,0,1,0,0,0,nan,nan,nan,nan,nan,nan,nan
15872,1,4,5,0,0,0,0,723,0,0,0,1,0,0,0,nan,nan,nan,nan,nan,nan,nan
15873,1,5,5,0,0,0,0,723,0,0,0,1,0,0,0,56.84187608672437,nan,nan,nan,nan,nan,nan
15874,1,5,5,0,0,0,0,723,0,0,0,1,0,0,0,nan,nan,nan,nan,nan,nan,nan
15875,1,5,5,0,0,0,0,723,0,0,0,1,0,0,0,nan,nan,nan,nan,nan,nan,nan
15876,1,5,5,0,0,0,0,723,0,0,0,1,0,0,0,nan,nan,nan,nan,nan,nan,nan
15877,1,5,5,0,0,0,0,723,0,0,0,1,0,0,0,nan,nan,nan,nan,nan,nan,nan
15878,1,5,5,0,0,0,0,723,0,2,0,1,0,0,0,nan,20.944244045818778,nan,nan,nan,nan,nan
15879,1,4,5,0,0,1,0,723,0,0,0,0,1,0,0,nan,nan,22.5415687546556,nan,16.380590094680883,nan,nan
15880,1,4,5,0,0,1,0,723,0,0,0,0,1,0,0,nan,nan,nan,nan,nan,nan,nan
15881,1,4,5,0,0,1,0,723,0,0,0,0,1,0,0,nan,nan,nan,nan,nan,nan,nan
15882,1,4,5,0,0,1,0,723,0,0,0,0,1,0,0,nan,nan,nan,nan,nan,nan,nan
15883,1,4,5,0,0,1,0,723,0,0,0,0,1,0,0,nan,nan,nan,nan,nan,nan,nan
15884,1,4,5,0,0,1,0,724,0,0,0,0,1,0,1,nan,nan,nan,nan,nan,nan,18.83943460235423
15885,1,4,5,0,0,1,0,724,0,0,0,0,1,0,1,nan,nan,nan,nan,nan,nan,nan
15886,1,4,5,0,0,1,0,724,0,0,0,0,1,0,1,nan,nan,nan,nan,nan,nan,nan
15887,1,4,5,0,0,0,0,724,0,0,0,0,1,0,0,nan,nan,nan,nan,nan,32.59356688655316,nan
15888,1,4,5,0,0,0,0,724,0,0,0,0,1,0,0,nan,nan,nan,nan,nan,nan,nan
15889,1,4,5,0,0,0,0,724,0,0,0,0,1,0,0,nan,nan,nan,nan,nan,nan,nan
15890,1,5,5,0,0,0,0,724,0,0,0,0,1,0,0,16.939993277377653,nan,nan,nan,nan,nan,nan
15891,1,5,5,0,0,0,0,724,0,0,0,0,1,0,0,nan,nan,nan,nan,nan,nan,nan
15892,1,5,5,0,0,0,0,724,0,0,0,1,0,0,0,nan,nan,nan,23.708933246038214,nan,nan,nan
15893,1,5,5,0,0,0,0,724,0,0,0,1,0,0,0,nan,nan,nan,nan,nan,nan,nan
15894,1,5,5,0,0,0,0,724,0,0,0,1,0,0,0,nan,nan,nan,nan,nan,nan,nan
15895,1,5,5,0,0,0,0,724,0,0,0,1,0,0,0,nan,nan,nan,nan,nan,nan,nan
15896,1,5,5,0,0,0,0,725,0,0,0,1,0,0,1,nan,nan,nan,nan,nan,nan,12.49517854480655
15897,1,5,5,0,0,0,0,725,0,0,0,1,0,0,1,nan,nan,nan,nan,nan,nan,nan
15898,1,5,5,0,0,0,0,725,0,0,0,1,0,0,1,nan,nan,nan,nan,nan,nan,nan
15899,1,5,5,0,0,0,0,725,0,0,0,1,0,0,1,nan,nan,nan,nan,nan,nan,nan
15900,1,5,5,0,0,0,0,725,0,0,0,1,0,0,1,nan,nan,nan,nan,nan,nan,nan
15901,1,5,5,0,0,0,0,725,2,0,0,1,0,0,1,11.817415888071992,nan,nan,nan,nan,nan,nan
15902,1,5,5,0,0,0,0,725,2,0,0,1,0,0,1,nan,nan,nan,nan,nan,nan,nan
15903,1,5,5,0,0,0,0,725,2,0,0,1,0,1,0,nan,nan,nan,nan,nan,15.948476709498209,nan
15904,1,5,5,0,0,0,0,725,2,0,0,1,0,1,0,nan,nan,nan,nan,nan,nan,nan
15905,1,5,4,0,0,0,0,725,2,0,0,0,0,1,0,nan,nan,26.141429322358817,nan,nan,nan,nan
15906,1,5,5,0,0,0,0,725,0,0,0,0,0,1,0,nan,28.443045950729356,nan,nan,nan,nan,nan
15907,1,5,5,0,0,0,0,725,0,0,0,0,0,1,0,nan,nan,nan,nan,nan,nan,nan
15908,1,5,5,0,0,0,0,725,0,0,0,0,0,1,0,nan,nan,nan,nan,nan,nan,nan
15909,1,5,5,0,0,0,0,725,0,0,0,0,0,1,0,nan,nan,nan,nan,nan,nan,nan
15910,1,5,5,0,0,0,0,725,0,0,0,0,0,1,0,nan,nan,nan,nan,nan,nan,nan
15911,1,5,5,0,0,0,0,725,0,0,0,0,0,1,0,nan,nan,nan,nan,nan,nan,nan
15912,1,5,5,0,0,0,0,725,0,0,0,0,0,1,0,nan,nan,nan,nan,nan,nan,nan
15913,1,5,5,0,0,0,0,725,0,0,0,0,0,1,0,nan,nan,nan,nan,nan,nan,nan
15914,1,5,5,0,0,0,0,725,0,0,0,0,1,0,0,nan,nan,nan,nan,34.216717688144854,nan,nan
15915,1,5,5,0,0,0,0,725,0,0,0,0,1,0,0,nan,nan,nan,nan,nan,nan,nan
15916,1,5,5,0,0,0,0,725,0,0,0,0,1,0,0,nan,nan,nan,nan,nan,nan,nan
15917,1,5,5,0,0,0,0,725,0,0,0,0,1,0,0,nan,nan,nan,nan,nan,nan,nan
15918,1,5,5,0,0,0,0,725,0,0,0,0,1,0,0,nan,nan,nan,nan,nan,nan,nan
15919,1,5,5,0,0,0,0,726,0,0,0,0,1,0,1,nan,nan,nan,nan,nan,nan,22.66510807362465
15920,1,5,4,1,0,0,0,726,0,0,0,0,1,0,1,nan,nan,15.258848489822412,nan,nan,nan,nan
15921,1,5,4,1,0,0,0,726,0,0,0,0,1,0,1,nan,nan,nan,nan,nan,nan,nan
15922,1,5,4,1,0,0,0,726,0,0,0,0,1,0,1,nan,nan,nan,nan,nan,nan,nan
15923,1,5,4,1,0,0,0,726,0,0,0,0,1,0,1,nan,nan,nan,nan,nan,nan,nan
15924,1,5,4,1,0,0,0,726,0,0,0,0,1,0,1,nan,nan,nan,nan,nan,nan,nan
15925,1,5,4,1,0,0,0,726,0,0,0,0,1,0,1,nan,nan,nan,nan,nan,nan,nan
15926,1,5,4,1,0,0,0,726,0,0,0,0,1,0,1,nan,nan,nan,nan,nan,nan,nan
15927,1,5,4,1,0,0,0,726,0,0,0,0,1,0,1,nan,nan,nan,nan,nan,nan,nan
15928,1,5,4,1,0,0,0,726,0,0,0,0,1,0,1,nan,nan,nan,nan,nan,nan,nan
15929,1,5,4,1,0,0,0,726,0,0,0,0,1,0,1,nan,nan,nan,nan,nan,nan,nan
15930,1,5,4,0,0,0,0,726,0,0,0,0,0,0,1,nan,nan,nan,37.80363151466554,nan,nan,nan
15931,1,5,4,0,0,0,0,726,0,0,0,0,0,0,1,nan,nan,nan,nan,nan,nan,nan
15932,1,5,4,0,0,0,0,726,2,0,0,0,0,0,1,30.049156904027768,nan,nan,nan,nan,nan,nan
15933,1,5,4,0,0,0,0,726,2,0,0,0,0,0,1,nan,nan,nan,nan,nan,nan,nan
15934,1,5,4,0,0,0,0,726,2,0,0,0,0,1,0,nan,nan,nan,nan,nan,31.720694976160303,nan
15935,1,5,4,0,0,0,0,726,2,0,0,0,0,1,0,nan,nan,nan,nan,nan,nan,nan
15936,1,5,4,0,0,0,0,726,2,0,0,0,0,1,0,nan,nan,nan,nan,nan,nan,nan
15937,1,5,4,0,0,0,0,726,2,0,0,0,0,1,0,nan,nan,nan,nan,nan,nan,nan
15938,1,5,4,0,0,0,0,726,2,0,0,0,0,1,0,nan,nan,nan,nan,nan,nan,nan
15939,1,5,4,0,0,0,0,726,2,0,0,0,0,1,0,nan,nan,nan,nan,nan,nan,nan
15940,1,5,5,0,0,0,0,726,0,0,0,0,0,1,0,nan,34.1463989946933,nan,nan,nan,nan,nan
15941,1,5,5,0,0,0,0,726,0,0,0,0,0,1,0,nan,nan,nan,nan,nan,nan,nan
15942,1,5,5,0,0,0,0,726,0,0,0,0,0,1,0,nan,nan,nan,nan,nan,nan,nan
15943,1,5,5,0,0,0,0,726,0,0,0,0,0,1,0,nan,nan,nan,nan,nan,nan,nan
15944,1,5,5,0,0,0,0,726,0,0,0,0,0,1,0,nan,nan,nan,nan,nan,nan,nan
15945,1,5,5,0,0,0,0,727,0,0,0,0,0,1,1,nan,nan,nan,nan,nan,nan,25.74261089866377
15946,1,5,5,0,0,0,0,727,0,0,0,0,0,1,1,nan,nan,nan,nan,nan,nan,nan
15947,1,5,5,0,0,0,0,727,0,0,0,1,0,0,1,nan,nan,nan,16.778135928618212,32.9902070711687,nan,nan
15948,1,5,5,0,0,0,0,727,0,0,0,1,0,0,1,nan,nan,nan,nan,nan,nan,nan
15949,1,5,5,0,0,0,0,727,0,0,0,1,0,0,1,nan,nan,nan,nan,nan,nan,nan
15950,1,5,5,0,0,0,0,727,0,0,0,1,0,0,1,nan,nan,nan,nan,nan,nan,nan
15951,1,5,5,0,0,0,0,727,0,0,0,1,0,0,1,nan,nan,nan,nan,nan,nan,nan
15952,1,5,5,0,0,0,0,727,0,0,0,1,0,0,1,nan,nan,nan,nan,nan,nan,nan
15953,1,5,5,0,0,0,0,727,0,0,0,1,0,0,1,nan,nan,nan,nan,nan,nan,nan
15954,1,5,4,0,0,0,0,727,0,0,0,0,0,0,1,nan,nan,34.220087792897175,nan,nan,nan,nan
15955,1,5,4,0,0,0,0,727,0,0,0,0,0,0,1,nan,nan,nan,nan,nan,nan,nan
15956,1,5,4,0,0,0,0,727,0,0,0,0,0,0,1,nan,nan,nan,nan,nan,nan,nan
15957,1,5,4,0,0,0,0,727,0,0,0,0,0,0,1,nan,nan,nan,nan,nan,nan,nan
15958,1,5,4,0,0,0,0,727,0,0,0,0,0,0,1,nan,nan,nan,nan,nan,nan,nan
15959,1,5,4,0,0,0,0,727,0,0,0,0,0,0,1,nan,nan,nan,nan,nan,nan,nan
15960,1,5,4,0,0,1,0,727,0,0,0,0,1,0,1,nan,nan,nan,nan,13.416452185814705,nan,nan
15961,1,5,4,0,0,1,0,727,0,0,0,0,1,0,1,nan,nan,nan,nan,nan,nan,nan
15962,1,5,4,0,0,1,0,727,0,0,0,0,1,0,1,nan,nan,nan,nan,nan,nan,nan
15963,1,5,4,0,0,1,0,727,0,0,0,0,1,0,1,nan,nan,nan,nan,nan,nan,nan
15964,1,5,4,0,0,0,0,727,2,0,0,0,1,0,0,32.81287336358946,nan,nan,nan,nan,30.166596009237765,nan
15965,1,5,4,0,0,0,0,727,2,0,0,0,1,0,0,nan,nan,nan,nan,nan,nan,nan
15966,1,5,4,0,0,0,0,727,2,0,0,0,1,0,0,nan,nan,nan,nan,nan,nan,nan
15967,1,5,5,0,0,0,0,727,0,0,0,0,1,0,0,nan,26.127092205400913,nan,nan,nan,nan,nan
15968,1,5,5,0,0,0,0,727,0,0,0,0,1,0,0,nan,nan,nan,nan,nan,nan,nan
15969,1,5,5,0,0,0,0,727,0,0,0,0,1,0,0,nan,nan,nan,nan,nan,nan,nan
15970,1,5,5,0,0,0,0,727,0,0,0,0,1,0,0,nan,nan,nan,nan,nan,nan,nan
15971,1,5,5,0,0,0,0,727,0,0,0,0,1,0,0,nan,nan,nan,nan,nan,nan,nan
15972,1,5,4,1,0,0,0,727,0,0,0,0,1,0,0,nan,nan,17.3167868365108,nan,nan,nan,nan
15973,1,5,4,1,0,0,0,727,0,0,0,0,1,0,0,nan,nan,nan,nan,nan,nan,nan
15974,1,5,4,1,0,0,0,727,0,0,0,0,1,0,0,nan,nan,nan,nan,nan,nan,nan
15975,1,5,4,1,0,0,0,727,0,0,0,0,1,0,0,nan,nan,nan,nan,nan,nan,nan
15976,1,5,4,1,0,0,0,727,0,0,0,0,1,0,0,nan,nan,nan,nan,nan,nan,nan
15977,1,5,4,1,0,0,0,727,0,0,0,0,1,0,0,nan,nan,nan,nan,nan,nan,nan
15978,1,5,4,0,0,0,0,727,0,0,0,0,0,0,0,nan,nan,nan,31.460338445389425,nan,nan,nan
15979,1,4,5,0,0,0,0,727,0,0,0,0,0,0,0,nan,12.766607019068033,nan,nan,nan,nan,nan
15980,1,5,5,0,0,0,0,727,0,0,0,0,0,0,0,15.963553584424517,nan,nan,nan,nan,nan,nan
15981,1,5,5,0,0,0,0,727,0,0,0,0,0,0,0,nan,nan,nan,nan,nan,nan,nan
15982,1,5,5,0,0,0,0,727,0,0,0,0,0,0,0,nan,nan,nan,nan,nan,nan,nan
15983,1,5,5,0,0,0,0,728,0,0,0,0,0,0,1,nan,nan,nan,nan,nan,nan,38.52304155003367
15984,1,5,5,0,0,0,0,728,0,0,0,0,0,0,1,nan,nan,nan,nan,nan,nan,nan
15985,1,5,5,0,0,0,0,728,0,0,0,0,0,1,0,nan,nan,nan,nan,nan,20.70169918587453,nan
15986,1,5,5,0,0,0,0,728,0,0,0,0,0,1,0,nan,nan,nan,nan,nan,nan,nan
15987,1,5,5,0,0,0,0,728,0,0,0,0,0,1,0,nan,nan,nan,nan,nan,nan,nan
15988,1,5,5,0,0,0,0,728,0,2,0,0,0,1,0,nan,8.815366137365345,nan,nan,nan,nan,nan
15989,1,5,5,0,0,0,0,728,0,2,0,0,0,1,0,nan,nan,nan,nan,nan,nan,nan
15990,1,5,5,0,0,0,0,728,0,2,0,0,0,1,0,nan,nan,nan,nan,nan,nan,nan
15991,1,5,5,0,0,0,0,728,0,2,0,0,1,0,0,nan,nan,nan,nan,31.214773036084807,nan,nan
15992,1,5,5,0,0,0,0,728,0,2,0,0,1,0,0,nan,nan,nan,nan,nan,nan,nan
15993,1,5,5,0,0,0,0,728,0,2,0,1,0,0,0,nan,nan,nan,14.921927783831052,nan,nan,nan
15994,1,5,5,0,0,0,0,728,0,2,0,1,0,0,0,nan,nan,nan,nan,nan,nan,nan
15995,1,5,5,0,0,0,0,729,0,2,0,1,0,0,1,nan,nan,nan,nan,nan,nan,11.53117794145328
15996,1,5,5,0,0,0,0,729,0,2,0,1,0,0,1,nan,nan,nan,nan,nan,nan,nan
15997,1,5,5,0,0,0,0,729,0,2,0,1,0,0,1,nan,nan,nan,nan,nan,nan,nan
15998,1,5,5,0,0,0,0,729,0,2,0,1,0,0,1,nan,nan,nan,nan,nan,nan,nan
15999,1,4,5,0,0,0,0,729,0,0,0,0,0,0,1,nan,nan,27.787290250087608,nan,nan,nan,nan
16000,1,4,5,0,0,0,0,729,0,0,0,0,0,0,1,nan,nan,nan,nan,nan,nan,nan
16001,1,4,5,0,0,0,0,729,0,0,0,0,0,0,1,nan,nan,nan,nan,nan,nan,nan
16002,1,4,5,0,0,0,0,729,0,0,0,0,0,0,1,nan,nan,nan,nan,nan,nan,nan
16003,1,4,5,0,0,0,0,729,0,0,0,0,0,0,1,nan,nan,nan,nan,nan,nan,nan
16004,1,5,5,0,0,0,0,729,0,0,0,0,0,1,0,23.58584859520306,nan,nan,nan,nan,18.676430847857773,nan
16005,1,5,5,0,0,0,0,729,0,0,0,0,0,1,0,nan,nan,nan,nan,nan,nan,nan
16006,1,5,5,0,0,0,0,729,0,0,0,0,0,1,0,nan,nan,nan,nan,nan,nan,nan
16007,1,5,5,0,0,0,0,729,0,0,0,0,0,1,0,nan,nan,nan,nan,nan,nan,nan
16008,1,5,5,0,0,0,0,729,0,0,0,0,0,1,0,nan,nan,nan,nan,nan,nan,nan
16009,1,5,5,0,0,0,0,729,0,0,0,0,0,1,0,nan,nan,nan,nan,nan,nan,nan
16010,1,5,5,0,0,0,0,729,0,0,0,0,1,0,0,nan,nan,nan,nan,18.355621061080456,nan,nan
16011,1,5,5,0,0,0,0,729,0,0,0,0,1,0,0,nan,nan,nan,nan,nan,nan,nan
16012,1,5,5,0,0,0,0,729,0,0,0,0,1,0,0,nan,nan,nan,nan,nan,nan,nan
16013,1,5,5,0,0,0,0,729,0,0,0,0,1,0,0,nan,nan,nan,nan,nan,nan,nan
16014,1,5,5,0,0,0,0,729,0,0,0,0,1,0,0,nan,nan,nan,nan,nan,nan,nan
16015,1,5,5,0,0,0,0,729,0,0,0,0,1,0,0,nan,nan,nan,nan,nan,nan,nan
16016,1,5,5,0,0,0,0,729,0,0,0,0,1,0,0,nan,nan,nan,nan,nan,nan,nan
16017,1,5,5,0,0,0,0,729,0,0,0,0,1,0,0,nan,nan,nan,nan,nan,nan,nan
16018,1,5,5,0,0,0,0,729,0,0,0,0,1,0,0,nan,nan,nan,nan,nan,nan,nan
16019,1,5,4,1,0,0,0,729,0,0,0,0,1,0,0,nan,nan,19.432414705970587,nan,nan,nan,nan
16020,1,5,4,1,0,0,0,729,0,0,0,0,1,0,0,nan,nan,nan,nan,nan,nan,nan
16021,1,5,4,1,0,0,0,729,0,0,0,0,1,0,0,nan,nan,nan,nan,nan,nan,nan
16022,1,4,5,1,0,0,0,729,0,0,0,0,1,0,0,nan,33.57274816618701,nan,nan,nan,nan,nan
16023,1,4,5,1,0,0,0,729,0,0,0,0,1,0,0,nan,nan,nan,nan,nan,nan,nan
16024,1,4,5,1,0,0,0,729,0,0,0,0,1,0,0,nan,nan,nan,nan,nan,nan,nan
16025,1,4,5,1,0,0,0,729,0,0,0,0,1,0,0,nan,nan,nan,nan,nan,nan,nan
16026,1,4,5,1,0,0,0,729,0,0,0,0,1,0,0,nan,nan,nan,nan,nan,nan,nan
16027,1,4,5,1,0,0,0,730,0,0,0,0,1,0,1,nan,nan,nan,nan,nan,nan,32.16085100921737
16028,1,4,5,1,0,0,0,730,0,0,0,0,1,0,1,nan,nan,nan,nan,nan,nan,nan
16029,1,4,5,0,0,0,0,730,0,0,0,0,0,0,1,nan,nan,nan,36.3955743174065,nan,nan,nan
16030,1,4,5,0,0,0,0,730,0,0,0,0,0,0,1,nan,nan,nan,nan,nan,nan,nan
16031,1,4,5,0,0,0,0,730,0,0,0,0,0,0,1,nan,nan,nan,nan,nan,nan,nan
16032,1,4,5,0,0,0,0,730,0,0,0,0,0,0,1,nan,nan,nan,nan,nan,nan,nan
16033,1,4,5,0,0,0,0,730,0,0,0,0,0,1,0,nan,nan,nan,nan,nan,29.265263134389897,nan
16034,1,5,5,0,0,0,0,730,0,0,0,0,0,1,0,30.083523776458605,nan,nan,nan,nan,nan,nan
16035,1,5,5,0,0,0,0,730,0,0,0,0,0,1,0,nan,nan,nan,nan,nan,nan,nan
16036,1,5,5,0,0,0,0,730,0,0,0,0,0,1,0,nan,nan,nan,nan,nan,nan,nan
16037,1,5,5,0,0,0,0,730,0,0,0,0,0,1,0,nan,nan,nan,nan,nan,nan,nan
16038,1,5,5,0,0,0,0,730,0,2,0,0,0,1,0,nan,16.11711963784728,nan,nan,nan,nan,nan
16039,1,4,5,1,0,0,0,730,0,0,0,0,0,1,0,nan,nan,19.80923546437407,nan,nan,nan,nan
16040,1,4,5,1,0,0,0,730,0,0,0,0,0,1,0,nan,nan,nan,nan,nan,nan,nan
16041,1,4,5,1,0,0,0,730,0,0,0,0,0,1,0,nan,nan,nan,nan,nan,nan,nan
16042,1,4,5,1,0,0,0,730,0,0,0,0,0,1,0,nan,nan,nan,nan,nan,nan,nan
16043,1,4,5,1,0,0,0,730,0,0,0,0,0,1,0,nan,nan,nan,nan,nan,nan,nan
16044,1,4,5,1,0,0,0,730,0,0,0,0,0,1,0,nan,nan,nan,nan,nan,nan,nan
16045,1,4,5,1,0,0,0,730,0,0,0,0,0,1,0,nan,nan,nan,nan,nan,nan,nan
16046,1,4,5,1,0,0,0,730,0,0,0,0,0,1,0,nan,nan,nan,nan,nan,nan,nan
16047,1,4,5,1,0,0,0,730,0,0,0,0,0,1,0,nan,nan,nan,nan,nan,nan,nan
16048,1,4,5,1,0,0,0,730,0,0,0,0,1,0,0,nan,nan,nan,nan,38.16086594449189,nan,nan
16049,1,4,5,0,0,0,0,730,0,0,0,0,0,0,0,nan,nan,nan,19.99235246074386,nan,nan,nan
16050,1,4,5,0,0,0,0,730,0,0,0,0,0,0,0,nan,nan,nan,nan,nan,nan,nan
16051,1,4,5,0,0,0,0,730,0,0,0,0,0,0,0,nan,nan,nan,nan,nan,nan,nan
16052,1,4,5,0,0,0,0,730,0,0,0,0,0,0,0,nan,nan,nan,nan,nan,nan,nan
16053,1,4,5,0,0,0,0,730,0,0,0,0,0,0,0,nan,nan,nan,nan,nan,nan,nan
16054,1,4,5,0,0,0,0,730,0,0,0,0,0,0,0,nan,nan,nan,nan,nan,nan,nan
16055,1,5,5,0,0,0,0,730,0,0,0,0,0,0,0,21.373428049748327,nan,nan,nan,nan,nan,nan
16056,1,5,5,0,0,0,0,730,0,0,0,0,0,0,0,nan,nan,nan,nan,nan,nan,nan
16057,1,5,5,0,0,0,0,730,0,0,0,0,0,0,0,nan,nan,nan,nan,nan,nan,nan
16058,1,5,5,0,0,0,0,731,0,0,0,0,0,0,1,nan,nan,nan,nan,nan,nan,31.049234777739912
16059,1,5,5,0,0,0,0,731,0,0,0,0,0,0,1,nan,nan,nan,nan,nan,nan,nan
16060,1,5,5,0,0,0,0,731,0,0,0,0,0,0,1,nan,nan,nan,nan,nan,nan,nan
16061,1,5,5,0,0,0,0,731,0,0,0,0,0,0,1,nan,nan,nan,nan,nan,nan,nan
16062,1,5,5,0,0,0,0,731,0,0,0,0,0,1,0,nan,nan,nan,nan,nan,28.80615215177204,nan
16063,1,5,5,0,0,0,0,731,0,0,0,0,0,1,0,nan,nan,nan,nan,nan,nan,nan
16064,1,5,5,0,0,0,0,731,0,0,0,0,0,1,0,nan,nan,nan,nan,nan,nan,nan
16065,1,5,5,0,0,0,0,731,0,2,0,0,0,1,0,nan,26.920869763522205,nan,nan,nan,nan,nan
16066,1,5,5,0,0,0,0,731,0,2,0,0,0,1,0,nan,nan,nan,nan,nan,nan,nan
16067,1,5,5,0,0,0,0,731,0,2,0,0,0,1,0,nan,nan,nan,nan,nan,nan,nan
16068,1,4,5,1,0,0,0,731,0,0,0,0,0,1,0,nan,nan,28.976369461950526,nan,nan,nan,nan
16069,1,4,5,1,0,0,0,731,0,0,0,0,0,1,0,nan,nan,nan,nan,nan,nan,nan
16070,1,4,5,1,0,0,0,731,0,0,0,0,0,1,0,nan,nan,nan,nan,nan,nan,nan
16071,1,4,5,1,0,0,0,731,0,0,0,0,0,1,0,nan,nan,nan,nan,nan,nan,nan
16072,1,4,5,0,1,0,0,731,0,0,0,0,0,1,0,nan,nan,nan,22.630085865972433,nan,nan,nan
16073,1,5,5,0,1,0,0,731,0,0,0,0,0,1,0,17.95712552407349,nan,nan,nan,nan,nan,nan
16074,1,5,5,0,1,0,0,731,0,0,0,0,0,1,0,nan,nan,nan,nan,nan,nan,nan
16075,1,5,5,0,0,0,0,731,0,0,0,0,0,0,0,nan,nan,nan,nan,27.298462713650224,nan,nan
16076,1,5,5,0,0,0,0,731,0,0,0,0,0,0,0,nan,nan,nan,nan,nan,nan,nan
16077,1,5,5,0,0,0,0,732,0,2,0,0,0,0,1,nan,11.989556809967326,nan,nan,nan,nan,18.68751242035796
16078,1,5,5,0,0,0,0,732,0,2,0,0,0,0,1,nan,nan,nan,nan,nan,nan,nan
16079,1,5,5,0,0,0,0,732,0,2,0,0,0,0,1,nan,nan,nan,nan,nan,nan,nan
16080,1,5,5,0,0,0,0,732,0,2,0,0,0,0,1,nan,nan,nan,nan,nan,nan,nan
16081,1,5,5,0,0,0,0,732,0,2,0,0,0,0,1,nan,nan,nan,nan,nan,nan,nan
16082,1,5,5,0,0,0,0,732,0,2,0,0,0,0,1,nan,nan,nan,nan,nan,nan,nan
16083,1,5,5,0,0,0,0,732,0,2,0,0,0,0,1,nan,nan,nan,nan,nan,nan,nan
16084,1,5,5,0,0,0,0,732,0,2,0,0,0,0,1,nan,nan,nan,nan,nan,nan,nan
16085,1,4,5,1,0,0,0,732,0,0,0,0,0,0,1,nan,nan,17.387439246424037,nan,nan,nan,nan
16086,1,4,5,1,0,0,0,732,0,0,0,0,0,1,0,nan,nan,nan,nan,nan,24.34133658168139,nan
16087,1,4,5,1,0,0,0,732,0,0,0,0,0,1,0,nan,nan,nan,nan,nan,nan,nan
16088,1,5,5,1,0,0,0,732,0,0,0,0,0,1,0,14.368196159337458,nan,nan,nan,nan,nan,nan
16089,1,5,5,0,1,0,0,732,0,0,0,0,0,1,0,nan,nan,nan,16.56393297160139,nan,nan,nan
16090,1,5,5,0,1,0,0,732,0,0,0,0,0,1,0,nan,nan,nan,nan,nan,nan,nan
16091,1,5,5,0,0,0,0,732,0,0,0,0,0,0,0,nan,nan,nan,nan,15.725937565202912,nan,nan
16092,1,5,5,0,0,0,0,732,0,0,0,0,0,0,0,nan,nan,nan,nan,nan,nan,nan
16093,1,5,5,0,0,0,0,732,0,0,0,0,0,0,0,nan,nan,nan,nan,nan,nan,nan
16094,1,5,5,0,0,0,0,732,0,0,0,0,0,0,0,nan,nan,nan,nan,nan,nan,nan
16095,1,5,5,0,0,0,0,732,0,0,0,0,0,0,0,nan,nan,nan,nan,nan,nan,nan
16096,1,5,5,0,0,0,0,732,0,0,0,0,0,0,0,nan,nan,nan,nan,nan,nan,nan
16097,1,5,5,0,0,0,0,733,0,0,0,0,0,0,1,nan,nan,nan,nan,nan,nan,20.749265936807205
16098,1,5,5,0,0,0,0,733,0,0,0,0,0,0,1,nan,nan,nan,nan,nan,nan,nan
16099,1,5,5,0,0,0,0,733,0,2,0,0,0,0,1,nan,22.61285191623756,nan,nan,nan,nan,nan
16100,1,5,5,0,0,0,0,733,0,2,0,0,0,0,1,nan,nan,nan,nan,nan,nan,nan
16101,1,5,5,0,0,0,0,733,0,2,0,0,0,0,1,nan,nan,nan,nan,nan,nan,nan
16102,1,5,5,0,0,1,0,733,2,2,0,0,1,0,1,14.040483172850145,nan,nan,nan,11.567235149161206,nan,nan
16103,1,5,5,0,0,1,0,733,2,2,0,0,1,0,1,nan,nan,nan,nan,nan,nan,nan
16104,1,5,5,0,0,1,0,733,2,2,0,0,1,0,1,nan,nan,nan,nan,nan,nan,nan
16105,1,5,5,0,0,1,0,733,2,2,0,0,1,0,1,nan,nan,nan,nan,nan,nan,nan
16106,1,5,5,0,0,1,0,733,2,2,0,0,1,0,1,nan,nan,nan,nan,nan,nan,nan
16107,1,5,5,1,0,1,0,733,0,0,0,0,1,0,1,nan,nan,21.59703668450129,nan,nan,nan,nan
16108,1,5,5,1,0,0,0,733,0,0,0,0,1,0,0,nan,nan,nan,nan,nan,21.43452423008057,nan
16109,1,5,5,1,0,0,0,733,0,0,0,0,1,0,0,nan,nan,nan,nan,nan,nan,nan
16110,1,5,5,1,0,0,0,733,0,0,0,0,1,0,0,nan,nan,nan,nan,nan,nan,nan
16111,1,5,5,1,0,0,0,733,0,0,0,0,1,0,0,nan,nan,nan,nan,nan,nan,nan
16112,1,5,5,1,0,0,0,733,0,0,0,0,1,0,0,nan,nan,nan,nan,nan,nan,nan
16113,1,5,5,1,0,0,0,733,0,0,0,0,1,0,0,nan,nan,nan,nan,nan,nan,nan
16114,1,5,5,1,0,0,0,733,0,0,0,0,1,0,0,nan,nan,nan,nan,nan,nan,nan
16115,1,5,5,1,0,0,0,733,0,0,0,0,1,0,0,nan,nan,nan,nan,nan,nan,nan
16116,1,5,5,1,0,0,0,733,0,0,0,0,1,0,0,nan,nan,nan,nan,nan,nan,nan
16117,1,5,5,1,0,0,0,733,0,0,0,0,1,0,0,nan,nan,nan,nan,nan,nan,nan
16118,1,5,5,1,0,0,0,733,0,0,0,0,1,0,0,nan,nan,nan,nan,nan,nan,nan
16119,1,5,5,0,0,0,0,734,0,0,0,0,0,1,0,nan,nan,nan,30.52493916714411,nan,10.922263394702895,21.983626399425702
16120,1,5,5,0,0,0,0,734,0,2,0,0,0,1,0,nan,20.60538284681388,nan,nan,nan,nan,nan
16121,1,5,5,0,0,0,0,734,0,2,0,0,0,1,0,nan,nan,nan,nan,nan,nan,nan
16122,1,4,5,1,0,0,0,734,0,0,0,0,0,1,0,nan,nan,15.060403118721297,nan,nan,nan,nan
16123,1,4,5,1,0,0,0,734,0,0,0,0,0,1,0,nan,nan,nan,nan,nan,nan,nan
16124,1,4,5,1,0,0,0,734,0,0,0,0,0,1,0,nan,nan,nan,nan,nan,nan,nan
16125,1,4,5,1,0,0,0,734,0,0,0,0,0,1,0,nan,nan,nan,nan,nan,nan,nan
16126,1,4,5,1,0,0,0,734,0,0,0,0,0,1,0,nan,nan,nan,nan,nan,nan,nan
16127,1,5,5,1,0,0,0,734,0,0,0,0,0,1,0,25.479957475845367,nan,nan,nan,nan,nan,nan
16128,1,5,5,1,0,0,0,734,0,0,0,0,0,1,0,nan,nan,nan,nan,nan,nan,nan
16129,1,5,5,1,0,0,0,734,0,0,0,0,0,1,0,nan,nan,nan,nan,nan,nan,nan
16130,1,5,5,1,0,0,0,734,0,0,0,0,0,1,0,nan,nan,nan,nan,nan,nan,nan
16131,1,5,5,1,0,0,0,734,0,0,0,0,0,1,0,nan,nan,nan,nan,nan,nan,nan
16132,1,5,5,1,0,0,0,734,0,0,0,0,0,1,0,nan,nan,nan,nan,nan,nan,nan
16133,1,5,5,1,0,0,0,734,0,0,0,0,0,1,0,nan,nan,nan,nan,nan,nan,nan
16134,1,5,5,1,0,0,0,734,0,0,0,0,0,1,0,nan,nan,nan,nan,nan,nan,nan
16135,1,5,4,2,0,0,0,734,0,0,0,0,0,1,0,nan,nan,12.90732975008541,nan,nan,nan,nan
16136,1,5,4,2,0,0,0,734,0,0,0,0,1,0,0,nan,nan,nan,nan,33.39006130010057,nan,nan
16137,1,5,4,2,0,0,0,734,0,0,0,0,1,0,0,nan,nan,nan,nan,nan,nan,nan
16138,1,5,4,2,0,0,0,735,0,0,0,0,1,0,1,nan,nan,nan,nan,nan,nan,18.92691709483188
16139,1,5,4,2,0,0,0,735,0,0,0,0,1,0,1,nan,nan,nan,nan,nan,nan,nan
16140,1,5,4,1,0,0,0,735,0,0,0,0,0,0,1,nan,nan,nan,21.32122185443768,nan,nan,nan
16141,1,5,4,1,0,0,0,735,0,0,0,0,0,0,1,nan,nan,nan,nan,nan,nan,nan
16142,1,5,4,1,0,0,0,735,0,0,0,0,0,0,1,nan,nan,nan,nan,nan,nan,nan
16143,1,5,4,1,0,0,0,735,0,0,0,0,0,0,1,nan,nan,nan,nan,nan,nan,nan
16144,1,5,4,1,0,0,0,735,0,0,0,0,0,0,1,nan,nan,nan,nan,nan,nan,nan
16145,1,5,4,1,0,0,0,735,0,0,0,0,0,0,1,nan,nan,nan,nan,nan,nan,nan
16146,1,5,4,1,0,0,0,735,0,0,0,0,0,0,1,nan,nan,nan,nan,nan,nan,nan
16147,1,5,4,1,0,0,0,735,0,0,0,0,0,0,1,nan,nan,nan,nan,nan,nan,nan
16148,1,5,4,1,0,0,0,735,2,0,0,0,0,0,1,21.254428916861798,nan,nan,nan,nan,nan,nan
16149,1,5,4,1,0,0,0,735,2,0,0,0,0,0,1,nan,nan,nan,nan,nan,nan,nan
16150,1,5,4,1,0,0,0,735,2,0,0,0,0,0,1,nan,nan,nan,nan,nan,nan,nan
16151,1,5,4,0,1,0,0,735,2,0,0,0,0,0,1,nan,nan,nan,10.530461742553598,nan,nan,nan
16152,1,5,4,0,0,1,0,735,2,0,0,0,0,0,1,nan,nan,nan,nan,15.843968814713662,nan,nan
16153,1,5,4,0,0,1,0,735,2,0,0,0,0,0,1,nan,nan,nan,nan,nan,nan,nan
16154,1,5,5,0,0,1,0,735,0,0,0,0,0,0,1,nan,33.556486548992325,nan,nan,nan,nan,nan
16155,1,5,5,0,0,1,0,735,0,0,0,0,0,0,1,nan,nan,nan,nan,nan,nan,nan
16156,1,5,5,0,0,1,0,735,0,0,0,0,0,0,1,nan,nan,nan,nan,nan,nan,nan
16157,1,5,5,0,0,1,0,735,0,0,0,0,0,0,1,nan,nan,nan,nan,nan,nan,nan
16158,1,5,5,0,0,1,0,735,0,0,0,0,0,0,1,nan,nan,nan,nan,nan,nan,nan
16159,1,5,5,0,0,1,0,735,0,0,0,0,0,0,1,nan,nan,nan,nan,nan,nan,nan
16160,1,5,5,0,0,1,0,735,0,0,0,0,0,0,1,nan,nan,nan,nan,nan,nan,nan
16161,1,5,5,0,0,1,0,735,0,0,0,0,0,0,1,nan,nan,nan,nan,nan,nan,nan
16162,1,5,5,0,0,2,0,735,0,0,0,1,0,0,1,nan,nan,nan,10.828891718325394,10.465408512631257,nan,nan
16163,1,5,5,0,0,1,0,735,0,0,0,1,0,0,0,nan,nan,nan,nan,nan,44.85702915602633,nan
16164,1,5,5,0,0,1,0,735,0,0,0,1,0,0,0,nan,nan,nan,nan,nan,nan,nan
16165,1,5,5,0,0,1,0,735,0,0,0,1,0,0,0,nan,nan,nan,nan,nan,nan,nan
16166,1,5,5,0,0,1,0,735,0,0,0,1,0,0,0,nan,nan,nan,nan,nan,nan,nan
16167,1,5,5,0,0,1,0,735,0,0,0,1,0,0,0,nan,nan,nan,nan,nan,nan,nan
16168,1,4,5,0,0,1,0,735,0,0,0,0,0,0,0,nan,14.83311394939119,33.609273535701504,nan,nan,nan,nan
16169,1,5,5,0,0,1,0,735,0,0,0,0,0,0,0,20.671133233834553,nan,nan,nan,nan,nan,nan
16170,1,5,5,0,0,1,0,735,0,0,0,0,0,0,0,nan,nan,nan,nan,nan,nan,nan
16171,1,5,5,0,0,1,0,735,0,0,0,0,0,0,0,nan,nan,nan,nan,nan,nan,nan
16172,1,5,5,0,0,1,0,735,0,0,0,0,0,0,0,nan,nan,nan,nan,nan,nan,nan
16173,1,5,5,0,0,1,0,735,0,0,0,0,0,0,0,nan,nan,nan,nan,nan,nan,nan
16174,1,5,5,0,0,1,0,735,0,0,0,0,0,0,0,nan,nan,nan,nan,nan,nan,nan
16175,1,5,5,0,0,1,0,735,0,0,0,0,0,0,0,nan,nan,nan,nan,nan,nan,nan
16176,1,5,5,0,0,1,0,735,0,0,0,0,0,0,0,nan,nan,nan,nan,nan,nan,nan
16177,1,5,5,0,0,0,1,735,0,0,0,0,0,0,0,nan,nan,nan,nan,nan,13.103642189122183,nan
16178,1,5,5,0,0,0,1,735,0,0,0,0,0,0,0,nan,nan,nan,nan,nan,nan,nan
16179,1,5,5,0,0,0,1,735,0,0,0,0,0,0,0,nan,nan,nan,nan,nan,nan,nan
16180,1,5,5,0,0,0,1,735,0,2,0,0,0,0,0,nan,11.875110053091703,nan,nan,nan,nan,nan
16181,1,4,5,1,0,0,1,735,0,0,0,0,0,0,0,nan,nan,12.607294328721764,nan,nan,nan,nan
16182,1,4,5,1,0,1,1,735,0,0,0,0,1,0,0,nan,nan,nan,nan,20.50600471490725,nan,nan
16183,1,4,5,1,0,1,1,735,0,0,0,0,1,0,0,nan,nan,nan,nan,nan,nan,nan
16184,1,4,5,1,0,1,1,735,0,0,0,0,1,0,0,nan,nan,nan,nan,nan,nan,nan
16185,1,5,5,1,0,1,1,735,0,0,0,0,1,0,0,16.19615126357894,nan,nan,nan,nan,nan,nan
16186,1,5,5,1,0,1,1,735,0,0,0,0,1,0,0,nan,nan,nan,nan,nan,nan,nan
16187,1,5,5,1,0,1,0,736,0,0,0,0,1,0,0,nan,nan,nan,nan,nan,nan,48.65439034924748
16188,1,5,5,0,0,1,0,736,0,0,0,0,0,0,0,nan,nan,nan,26.433385531330714,nan,nan,nan
16189,1,5,5,0,0,1,0,736,0,0,0,0,0,0,0,nan,nan,nan,nan,nan,nan,nan
16190,1,5,5,0,0,1,0,736,0,0,0,0,0,0,0,nan,nan,nan,nan,nan,nan,nan
16191,1,5,5,0,0,1,0,736,0,0,0,0,0,0,0,nan,nan,nan,nan,nan,nan,nan
16192,1,5,5,0,0,1,0,736,0,0,0,0,0,0,0,nan,nan,nan,nan,nan,nan,nan
16193,1,5,5,0,0,1,0,736,0,2,0,0,0,0,0,nan,12.466052872463479,nan,nan,nan,nan,nan
16194,1,5,5,0,0,1,0,736,0,2,0,0,0,0,0,nan,nan,nan,nan,nan,nan,nan
16195,1,5,5,0,0,0,1,736,0,2,0,0,0,0,0,nan,nan,nan,nan,nan,18.239533353653314,nan
16196,1,5,5,0,0,0,1,736,0,2,0,0,0,0,0,nan,nan,nan,nan,nan,nan,nan
16197,1,5,5,0,0,0,1,736,0,2,0,0,0,0,0,nan,nan,nan,nan,nan,nan,nan
16198,1,5,5,0,0,0,1,736,0,2,0,0,0,0,0,nan,nan,nan,nan,nan,nan,nan
16199,1,5,5,0,0,0,1,736,0,2,0,0,0,0,0,nan,nan,nan,nan,nan,nan,nan
16200,1,5,5,0,0,0,1,736,0,2,0,0,0,0,0,nan,nan,nan,nan,nan,nan,nan
16201,1,5,5,0,0,0,1,736,0,2,0,0,0,0,0,nan,nan,nan,nan,nan,nan,nan
16202,1,5,5,0,0,0,1,736,2,2,0,0,0,0,0,16.560557862330825,nan,nan,nan,nan,nan,nan
16203,1,5,5,0,0,0,0,737,2,2,0,0,0,0,0,nan,nan,nan,nan,nan,nan,16.372516321947842
16204,1,5,5,0,0,0,0,737,2,2,0,0,0,0,0,nan,nan,nan,nan,nan,nan,nan
16205,1,5,5,0,0,1,0,737,2,2,0,0,1,0,0,nan,nan,nan,nan,22.190115439674628,nan,nan
16206,1,5,5,0,0,1,0,737,2,2,0,1,0,0,0,nan,nan,nan,17.443876451527103,nan,nan,nan
16207,1,5,5,0,0,1,0,737,2,2,0,1,0,0,0,nan,nan,nan,nan,nan,nan,nan
16208,1,5,5,0,0,1,0,737,2,2,0,1,0,0,0,nan,nan,nan,nan,nan,nan,nan
16209,1,5,5,0,0,1,0,737,2,2,0,1,0,0,0,nan,nan,nan,nan,nan,nan,nan
16210,1,5,5,0,0,0,1,737,2,2,0,1,0,0,0,nan,nan,nan,nan,nan,15.473572287952265,nan
16211,1,5,5,0,0,0,1,737,2,2,0,1,0,0,0,nan,nan,nan,nan,nan,nan,nan
16212,1,5,5,0,0,0,1,737,2,2,0,1,0,0,0,nan,nan,nan,nan,nan,nan,nan
16213,1,5,5,0,0,0,1,737,2,2,0,1,0,0,0,nan,nan,nan,nan,nan,nan,nan
16214,1,5,5,0,0,0,1,737,2,2,0,1,0,0,0,nan,nan,nan,nan,nan,nan,nan
16215,1,5,5,0,0,0,1,737,0,0,0,0,0,0,0,nan,nan,34.453704855764954,nan,nan,nan,nan
16216,1,5,5,0,0,0,1,737,0,0,0,0,0,0,0,nan,nan,nan,nan,nan,nan,nan
16217,1,5,5,0,0,0,1,737,0,0,0,0,0,0,0,nan,nan,nan,nan,nan,nan,nan
16218,1,5,5,0,0,0,1,737,0,0,0,0,0,0,0,nan,nan,nan,nan,nan,nan,nan
16219,1,5,5,0,0,0,1,737,0,0,0,0,0,0,0,nan,nan,nan,nan,nan,nan,nan
16220,1,5,5,0,0,0,2,737,0,0,0,0,0,1,0,nan,nan,nan,nan,nan,9.886724993044481,nan
16221,1,5,5,0,0,0,2,737,0,0,0,0,0,1,0,nan,nan,nan,nan,nan,nan,nan
16222,1,5,5,0,0,0,2,737,0,0,0,0,0,1,0,nan,nan,nan,nan,nan,nan,nan
16223,1,5,5,0,0,0,1,738,0,0,0,0,1,0,0,nan,nan,nan,nan,18.525736904583027,nan,20.225522918175557
16224,1,5,5,0,0,0,1,738,0,0,0,0,1,0,0,nan,nan,nan,nan,nan,nan,nan
16225,1,5,5,0,0,0,1,738,0,0,0,0,1,0,0,nan,nan,nan,nan,nan,nan,nan
16226,1,5,5,0,0,0,1,738,0,0,0,0,1,0,0,nan,nan,nan,nan,nan,nan,nan
16227,1,5,5,0,0,0,1,738,0,0,0,1,0,0,0,nan,nan,nan,21.759972024907256,nan,nan,nan
16228,1,5,5,0,0,0,1,738,0,2,0,1,0,0,0,nan,35.52212442618111,nan,nan,nan,nan,nan
16229,1,5,5,0,0,0,1,738,2,2,0,1,0,0,0,26.82591492229585,nan,nan,nan,nan,nan,nan
16230,1,5,5,0,0,0,1,738,2,2,0,1,0,0,0,nan,nan,nan,nan,nan,nan,nan
16231,1,5,5,0,0,0,1,738,2,2,0,1,0,0,0,nan,nan,nan,nan,nan,nan,nan
16232,1,5,5,0,0,0,1,738,2,2,0,1,0,0,0,nan,nan,nan,nan,nan,nan,nan
16233,1,5,5,0,0,0,2,738,2,2,0,1,0,1,0,nan,nan,nan,nan,nan,13.14766613431857,nan
16234,1,5,5,0,0,0,2,738,2,2,0,1,0,1,0,nan,nan,nan,nan,nan,nan,nan
16235,1,5,5,0,0,0,1,739,2,2,0,1,0,1,0,nan,nan,nan,nan,nan,nan,11.204409522149945
16236,1,5,5,0,0,0,1,739,2,2,0,1,0,1,0,nan,nan,nan,nan,nan,nan,nan
16237,1,5,5,0,0,0,1,739,2,2,0,1,0,1,0,nan,nan,nan,nan,nan,nan,nan
16238,1,5,5,0,0,0,1,739,2,2,0,1,0,1,0,nan,nan,nan,nan,nan,nan,nan
16239,1,5,5,0,0,0,1,739,0,0,0,0,0,1,0,nan,nan,23.362548026849254,nan,nan,nan,nan
16240,1,5,5,0,0,0,1,739,0,0,0,0,0,1,0,nan,nan,nan,nan,nan,nan,nan
16241,1,5,5,0,0,0,1,739,0,0,0,0,0,1,0,nan,nan,nan,nan,nan,nan,nan
16242,1,5,5,0,0,0,1,739,0,0,0,0,0,1,0,nan,nan,nan,nan,nan,nan,nan
16243,1,5,5,0,0,0,1,739,0,0,0,0,0,1,0,nan,nan,nan,nan,nan,nan,nan
16244,1,5,5,0,0,0,1,739,0,0,0,0,0,1,0,nan,nan,nan,nan,nan,nan,nan
16245,1,5,5,0,0,0,1,739,0,0,0,0,0,1,0,nan,nan,nan,nan,nan,nan,nan
16246,1,5,5,0,0,0,1,739,0,0,0,0,1,0,0,nan,nan,nan,nan,22.96090679935878,nan,nan
16247,1,5,5,0,0,0,1,739,0,0,0,0,1,0,0,nan,nan,nan,nan,nan,nan,nan
16248,1,5,5,0,0,0,1,739,0,0,0,0,1,0,0,nan,nan,nan,nan,nan,nan,nan
16249,1,5,5,0,0,0,1,739,0,0,0,0,1,0,0,nan,nan,nan,nan,nan,nan,nan
16250,1,5,5,0,0,0,1,739,0,0,0,0,1,0,0,nan,nan,nan,nan,nan,nan,nan
16251,1,5,5,0,0,0,1,739,2,2,0,0,1,0,0,21.88950027546707,23.097576038719126,nan,nan,nan,nan,nan
16252,1,5,5,0,0,0,1,739,2,2,0,0,1,0,0,nan,nan,nan,nan,nan,nan,nan
16253,1,5,5,0,0,0,1,739,2,2,0,0,1,0,0,nan,nan,nan,nan,nan,nan,nan
16254,1,5,5,0,0,0,0,740,2,2,0,0,1,0,0,nan,nan,nan,nan,nan,nan,19.570686310875317
16255,1,5,5,0,0,0,0,740,2,2,0,0,1,0,0,nan,nan,nan,nan,nan,nan,nan
16256,1,5,5,0,0,0,0,740,2,2,0,0,1,0,0,nan,nan,nan,nan,nan,nan,nan
16257,1,5,5,0,0,0,0,740,2,2,0,0,1,0,0,nan,nan,nan,nan,nan,nan,nan
16258,1,5,5,0,0,0,0,740,2,2,0,0,1,0,0,nan,nan,nan,nan,nan,nan,nan
16259,1,5,5,0,0,0,0,740,2,2,0,0,1,0,0,nan,nan,nan,nan,nan,nan,nan
16260,1,5,5,0,0,0,0,740,0,0,0,0,0,0,0,nan,nan,21.512196285217215,33.04583171748163,nan,nan,nan
16261,1,5,5,0,0,0,0,740,0,0,0,0,0,0,0,nan,nan,nan,nan,nan,nan,nan
16262,1,5,5,0,0,0,0,740,0,0,0,0,0,0,0,nan,nan,nan,nan,nan,nan,nan
16263,1,5,5,0,0,0,0,740,0,0,0,0,0,0,0,nan,nan,nan,nan,nan,nan,nan
16264,1,5,5,0,0,0,0,740,0,0,0,0,0,0,0,nan,nan,nan,nan,nan,nan,nan
16265,1,5,5,0,0,0,0,740,0,0,0,0,0,0,0,nan,nan,nan,nan,nan,nan,nan
16266,1,5,5,0,0,0,0,741,0,0,0,0,0,0,1,nan,nan,nan,nan,nan,nan,11.85548207994907
16267,1,5,5,0,0,0,0,741,0,0,0,0,0,1,0,nan,nan,nan,nan,nan,33.16488247092093,nan
16268,1,5,5,0,0,0,0,741,0,0,0,0,0,1,0,nan,nan,nan,nan,nan,nan,nan
16269,1,5,5,0,0,0,0,741,0,0,0,0,0,1,0,nan,nan,nan,nan,nan,nan,nan
16270,1,5,5,0,0,0,0,741,0,0,0,0,0,1,0,nan,nan,nan,nan,nan,nan,nan
16271,1,5,5,0,0,0,0,741,0,0,0,0,0,1,0,nan,nan,nan,nan,nan,nan,nan
16272,1,5,5,0,0,0,0,741,0,0,0,0,0,1,0,nan,nan,nan,nan,nan,nan,nan
16273,1,5,5,0,0,0,0,741,0,0,0,0,0,1,0,nan,nan,nan,nan,nan,nan,nan
16274,1,5,5,0,0,0,0,741,2,0,0,0,0,1,0,22.98221376818765,nan,nan,nan,nan,nan,nan
16275,1,5,5,0,0,0,0,741,2,0,0,0,0,1,0,nan,nan,nan,nan,nan,nan,nan
16276,1,5,5,0,0,0,0,741,2,0,0,0,0,1,0,nan,nan,nan,nan,nan,nan,nan
16277,1,5,5,0,0,0,0,741,2,0,0,0,0,1,0,nan,nan,nan,nan,nan,nan,nan
16278,1,5,5,0,0,0,0,741,2,0,0,0,0,1,0,nan,nan,nan,nan,nan,nan,nan
16279,1,5,5,0,0,0,0,741,2,2,0,0,0,1,0,nan,27.858011876835008,nan,nan,nan,nan,nan
16280,1,5,5,0,0,0,0,741,2,2,0,0,0,1,0,nan,nan,nan,nan,nan,nan,nan
16281,1,5,5,0,0,0,0,741,2,2,0,0,0,1,0,nan,nan,nan,nan,nan,nan,nan
16282,1,5,5,0,0,0,0,741,2,2,0,0,0,1,0,nan,nan,nan,nan,nan,nan,nan
16283,1,5,5,0,0,0,0,741,2,2,0,0,1,0,0,nan,nan,nan,nan,36.93004419272438,nan,nan
16284,1,5,5,0,0,0,0,741,2,2,0,0,1,0,0,nan,nan,nan,nan,nan,nan,nan
16285,1,5,5,0,0,0,0,741,2,2,0,0,1,0,0,nan,nan,nan,nan,nan,nan,nan
16286,1,5,5,0,0,0,0,741,2,2,0,0,1,0,0,nan,nan,nan,nan,nan,nan,nan
16287,1,5,5,0,0,0,0,741,2,2,0,0,1,0,0,nan,nan,nan,nan,nan,nan,nan
16288,1,5,5,0,0,0,0,741,2,2,0,0,1,0,0,nan,nan,nan,nan,nan,nan,nan
16289,1,5,5,0,0,0,0,741,2,2,0,1,0,0,0,nan,nan,nan,28.601856120016237,nan,nan,nan
16290,1,5,5,0,0,0,0,741,2,2,0,1,0,0,0,nan,nan,nan,nan,nan,nan,nan
16291,1,5,5,0,0,0,0,741,2,2,0,1,0,0,0,nan,nan,nan,nan,nan,nan,nan
16292,1,5,5,0,0,0,0,741,2,2,0,1,0,0,0,nan,nan,nan,nan,nan,nan,nan
16293,1,5,5,0,0,0,0,741,2,2,0,1,0,0,0,nan,nan,nan,nan,nan,nan,nan
16294,1,5,5,0,0,0,0,741,2,2,0,1,0,0,0,nan,nan,nan,nan,nan,nan,nan
16295,1,5,5,0,0,0,0,741,2,2,0,1,0,0,0,nan,nan,nan,nan,nan,nan,nan
16296,1,5,5,0,0,0,0,741,2,2,0,1,0,0,0,nan,nan,nan,nan,nan,nan,nan
16297,1,5,5,0,0,0,0,741,2,2,0,1,0,0,0,nan,nan,nan,nan,nan,nan,nan
16298,1,5,5,0,0,0,0,741,2,2,0,1,0,0,0,nan,nan,nan,nan,nan,nan,nan
16299,1,5,5,0,0,0,0,741,2,2,0,1,0,0,0,nan,nan,nan,nan,nan,nan,nan
16300,1,5,5,0,0,0,0,742,2,2,0,1,0,0,1,nan,nan,nan,nan,nan,nan,34.04146552608836
16301,1,5,5,0,0,0,0,742,0,0,0,0,0,0,1,nan,nan,41.18361448828364,nan,nan,nan,nan
16302,1,5,5,0,0,0,0,742,0,0,0,0,0,0,1,nan,nan,nan,nan,nan,nan,nan
16303,1,5,5,0,0,0,0,742,0,0,0,0,0,0,1,nan,nan,nan,nan,nan,nan,nan
16304,1,5,5,0,0,0,0,742,0,0,0,0,0,1,0,nan,nan,nan,nan,nan,37.068732639259906,nan
16305,1,5,5,0,0,0,0,742,0,0,0,0,1,0,0,nan,nan,nan,nan,22.23994794772625,nan,nan
16306,1,5,5,0,0,0,0,742,0,0,0,0,1,0,0,nan,nan,nan,nan,nan,nan,nan
16307,1,5,5,0,0,0,0,742,0,0,0,0,1,0,0,nan,nan,nan,nan,nan,nan,nan
16308,1,5,5,0,0,0,0,742,0,0,0,0,1,0,0,nan,nan,nan,nan,nan,nan,nan
16309,1,5,5,0,0,0,0,742,0,0,0,0,1,0,0,nan,nan,nan,nan,nan,nan,nan
16310,1,5,5,0,0,0,0,742,0,0,0,0,1,0,0,nan,nan,nan,nan,nan,nan,nan
16311,1,5,5,0,0,0,0,742,0,0,0,0,1,0,0,nan,nan,nan,nan,nan,nan,nan
16312,1,5,5,0,0,0,0,742,0,2,0,0,1,0,0,nan,32.81870720421648,nan,nan,nan,nan,nan
16313,1,5,5,0,0,0,0,742,0,2,0,0,1,0,0,nan,nan,nan,nan,nan,nan,nan
16314,1,5,5,0,0,0,0,742,0,2,0,1,0,0,0,nan,nan,nan,25.411458083641264,nan,nan,nan
16315,1,5,5,0,0,0,0,742,0,2,0,1,0,0,0,nan,nan,nan,nan,nan,nan,nan
16316,1,5,5,0,0,0,1,742,0,2,0,1,0,1,0,nan,nan,nan,nan,nan,12.210838472821706,nan
16317,1,5,5,0,0,0,0,743,0,2,0,1,0,1,0,nan,nan,nan,nan,nan,nan,16.646466341047926
16318,1,5,5,0,0,0,0,743,0,2,0,1,0,1,0,nan,nan,nan,nan,nan,nan,nan
16319,1,4,5,0,0,0,0,743,0,0,0,0,0,1,0,nan,nan,17.47712099164164,nan,nan,nan,nan
16320,1,4,5,0,0,0,0,743,0,0,0,0,0,1,0,nan,nan,nan,nan,nan,nan,nan
16321,1,4,5,0,0,0,0,743,0,0,0,0,0,1,0,nan,nan,nan,nan,nan,nan,nan
16322,1,4,5,0,0,0,0,743,0,0,0,0,0,1,0,nan,nan,nan,nan,nan,nan,nan
16323,1,5,5,0,0,0,0,743,0,0,0,0,0,1,0,49.652631235434455,nan,nan,nan,nan,nan,nan
16324,1,5,5,0,0,0,0,743,0,0,0,0,0,1,0,nan,nan,nan,nan,nan,nan,nan
16325,1,5,5,0,0,0,0,743,0,0,0,0,0,1,0,nan,nan,nan,nan,nan,nan,nan
16326,1,5,5,0,0,0,0,743,0,0,0,0,0,1,0,nan,nan,nan,nan,nan,nan,nan
16327,1,5,5,0,0,0,0,744,0,0,0,0,0,1,1,nan,nan,nan,nan,nan,nan,10.206139922538568
16328,1,5,5,0,0,0,0,744,0,0,0,0,0,1,1,nan,nan,nan,nan,nan,nan,nan
16329,1,5,5,0,0,0,0,744,0,0,0,0,0,1,1,nan,nan,nan,nan,nan,nan,nan
16330,1,5,5,0,0,0,0,744,0,0,0,0,0,1,1,nan,nan,nan,nan,nan,nan,nan
16331,1,5,4,1,0,0,0,744,0,0,0,0,0,1,1,nan,nan,11.81034072537659,nan,nan,nan,nan
16332,1,5,4,1,0,0,0,744,0,0,0,0,0,1,1,nan,nan,nan,nan,nan,nan,nan
16333,1,5,4,1,0,0,0,744,0,0,0,0,0,1,1,nan,nan,nan,nan,nan,nan,nan
16334,1,5,4,1,0,0,0,744,0,0,0,0,0,1,1,nan,nan,nan,nan,nan,nan,nan
16335,1,5,4,1,0,0,0,744,0,0,0,0,0,1,1,nan,nan,nan,nan,nan,nan,nan
16336,1,5,4,1,0,0,0,744,0,0,0,0,1,0,1,nan,nan,nan,nan,30.814909178601738,nan,nan
16337,1,5,4,1,0,0,0,744,0,0,0,0,1,0,1,nan,nan,nan,nan,nan,nan,nan
16338,1,5,4,1,0,0,0,744,0,0,0,0,1,0,1,nan,nan,nan,nan,nan,nan,nan
16339,1,5,4,1,0,0,0,744,0,0,0,0,1,0,1,nan,nan,nan,nan,nan,nan,nan
16340,1,5,4,0,0,0,0,744,0,0,0,0,0,0,1,nan,nan,nan,25.467594696085143,nan,nan,nan
16341,1,5,4,0,0,0,0,744,0,0,0,0,0,0,1,nan,nan,nan,nan,nan,nan,nan
16342,1,5,5,0,0,0,0,744,0,0,0,0,0,0,1,18.51596069801417,29.646494545342648,nan,nan,nan,nan,nan
16343,1,5,5,0,0,0,0,744,0,0,0,0,0,0,1,nan,nan,nan,nan,nan,nan,nan
16344,1,5,5,0,0,0,0,744,0,0,0,0,0,0,1,nan,nan,nan,nan,nan,nan,nan
16345,1,5,5,0,0,0,0,744,0,0,0,0,0,0,1,nan,nan,nan,nan,nan,nan,nan
16346,1,5,5,0,0,0,0,744,0,0,0,0,0,1,0,nan,nan,nan,nan,nan,30.479623557939703,nan
16347,1,5,5,0,0,0,0,744,0,0,0,0,0,1,0,nan,nan,nan,nan,nan,nan,nan
16348,1,5,5,0,0,0,0,744,0,0,0,0,0,1,0,nan,nan,nan,nan,nan,nan,nan
16349,1,5,5,0,0,0,0,744,0,0,0,0,0,1,0,nan,nan,nan,nan,nan,nan,nan
16350,1,5,5,0,0,0,0,744,0,0,0,0,0,1,0,nan,nan,nan,nan,nan,nan,nan
16351,1,5,5,0,1,0,0,744,0,0,0,1,0,1,0,nan,nan,nan,10.899552730428695,nan,nan,nan
16352,1,5,5,0,1,0,0,744,0,0,0,1,0,1,0,nan,nan,nan,nan,nan,nan,nan
16353,1,5,5,0,1,0,0,744,0,0,0,1,0,1,0,nan,nan,nan,nan,nan,nan,nan
16354,1,5,5,0,1,0,0,744,0,0,0,1,0,1,0,nan,nan,nan,nan,nan,nan,nan
16355,1,5,5,0,1,0,0,744,2,0,0,1,0,1,0,13.181372910552454,nan,nan,nan,nan,nan,nan
16356,1,5,4,0,1,0,0,744,2,0,0,0,0,1,0,nan,nan,25.08722178133212,nan,nan,nan,nan
16357,1,5,4,0,1,0,0,744,2,0,0,0,0,1,0,nan,nan,nan,nan,nan,nan,nan
16358,1,5,4,0,1,0,0,744,2,0,0,0,0,1,0,nan,nan,nan,nan,nan,nan,nan
16359,1,5,4,0,0,0,0,745,2,0,0,0,0,0,1,nan,nan,nan,nan,22.7748580601492,nan,32.4212402453104
16360,1,5,4,0,0,0,0,745,2,0,0,0,0,0,1,nan,nan,nan,nan,nan,nan,nan
16361,1,5,5,0,0,0,0,745,0,0,0,0,0,0,1,nan,19.765694673475082,nan,nan,nan,nan,nan
16362,1,5,5,0,0,0,0,745,0,0,0,0,0,0,1,nan,nan,nan,nan,nan,nan,nan
16363,1,5,5,0,0,0,0,745,0,0,0,0,0,0,1,nan,nan,nan,nan,nan,nan,nan
16364,1,5,5,0,0,0,0,745,0,0,0,0,0,0,1,nan,nan,nan,nan,nan,nan,nan
16365,1,5,5,0,0,0,0,745,0,0,0,0,0,0,1,nan,nan,nan,nan,nan,nan,nan
16366,1,5,5,0,0,0,0,745,0,0,0,0,0,0,1,nan,nan,nan,nan,nan,nan,nan
16367,1,5,5,0,0,0,0,745,0,0,0,0,0,0,1,nan,nan,nan,nan,nan,nan,nan
16368,1,5,5,0,1,0,0,745,0,0,0,1,0,0,1,nan,nan,nan,17.4955285417509,nan,nan,nan
16369,1,5,5,0,1,0,0,745,0,0,0,1,0,0,1,nan,nan,nan,nan,nan,nan,nan
16370,1,5,5,0,1,0,0,745,0,0,0,1,0,0,1,nan,nan,nan,nan,nan,nan,nan
16371,1,5,5,0,1,0,0,745,0,0,0,1,0,0,1,nan,nan,nan,nan,nan,nan,nan
16372,1,5,5,0,1,0,0,745,0,0,0,1,0,0,1,nan,nan,nan,nan,nan,nan,nan
16373,1,5,5,0,0,1,0,745,0,2,0,1,0,0,1,nan,11.446062736788008,nan,nan,13.70614626963652,nan,nan
16374,1,5,5,0,0,1,0,745,0,2,0,1,0,0,1,nan,nan,nan,nan,nan,nan,nan
16375,1,5,5,0,0,1,0,745,0,2,0,1,0,0,1,nan,nan,nan,nan,nan,nan,nan
16376,1,5,5,0,0,1,0,745,2,2,0,1,0,0,1,21.52405952891786,nan,nan,nan,nan,nan,nan
16377,1,5,5,0,0,1,0,745,2,2,0,1,0,0,1,nan,nan,nan,nan,nan,nan,nan
16378,1,5,5,0,0,1,0,745,2,2,0,1,0,0,1,nan,nan,nan,nan,nan,nan,nan
16379,1,5,5,0,0,1,0,745,2,2,0,1,0,0,1,nan,nan,nan,nan,nan,nan,nan
16380,1,5,5,0,0,1,0,745,2,2,0,1,0,0,1,nan,nan,nan,nan,nan,nan,nan
16381,1,5,5,0,0,1,0,745,2,2,0,1,0,0,1,nan,nan,nan,nan,nan,nan,nan
16382,1,5,5,0,0,1,0,745,2,2,0,1,0,0,1,nan,nan,nan,nan,nan,nan,nan
16383,1,5,5,0,0,1,0,745,2,2,0,1,0,0,1,nan,nan,nan,nan,nan,nan,nan
16384,1,5,5,0,0,0,0,745,2,2,0,1,0,0,0,nan,nan,nan,nan,nan,38.08347602264621,nan
16385,1,5,5,0,0,0,0,745,2,2,0,1,0,0,0,nan,nan,nan,nan,nan,nan,nan
16386,1,5,5,0,0,0,0,745,0,0,0,0,0,0,0,nan,nan,30.526661940690246,nan,nan,nan,nan
16387,1,5,5,0,0,0,0,745,0,0,0,0,0,0,0,nan,nan,nan,nan,nan,nan,nan
16388,1,5,5,0,0,0,0,745,0,0,0,0,0,0,0,nan,nan,nan,nan,nan,nan,nan
16389,1,5,5,0,0,1,0,745,0,0,0,0,1,0,0,nan,nan,nan,nan,16.651360909216237,nan,nan
16390,1,5,5,0,0,1,0,745,0,0,0,0,1,0,0,nan,nan,nan,nan,nan,nan,nan
16391,1,5,5,0,0,1,0,745,0,0,0,0,1,0,0,nan,nan,nan,nan,nan,nan,nan
16392,1,5,5,0,0,1,0,745,0,0,0,0,1,0,0,nan,nan,nan,nan,nan,nan,nan
16393,1,5,5,0,0,1,0,745,0,0,0,0,1,0,0,nan,nan,nan,nan,nan,nan,nan
16394,1,5,5,0,0,1,0,745,0,0,0,0,1,0,0,nan,nan,nan,nan,nan,nan,nan
16395,1,5,5,0,0,1,0,745,0,0,0,0,1,0,0,nan,nan,nan,nan,nan,nan,nan
16396,1,5,5,0,0,1,0,745,0,0,0,0,1,0,0,nan,nan,nan,nan,nan,nan,nan
16397,1,5,5,0,0,1,0,745,0,0,0,0,1,0,0,nan,nan,nan,nan,nan,nan,nan
16398,1,5,5,0,0,0,0,746,0,0,0,0,1,0,0,nan,nan,nan,nan,nan,13.744571620141869,38.60264362089583
16399,1,5,5,0,0,0,0,746,2,2,0,0,1,0,0,22.34984030864507,26.00859866179053,nan,nan,nan,nan,nan
16400,1,5,5,0,0,0,0,746,2,2,0,0,1,0,0,nan,nan,nan,nan,nan,nan,nan
16401,1,5,5,0,0,0,0,746,2,2,0,0,1,0,0,nan,nan,nan,nan,nan,nan,nan
16402,1,5,5,0,0,0,0,746,2,2,0,0,1,0,0,nan,nan,nan,nan,nan,nan,nan
16403,1,5,5,0,0,0,0,746,2,2,0,0,1,0,0,nan,nan,nan,nan,nan,nan,nan
16404,1,5,5,0,0,0,0,746,2,2,0,0,1,0,0,nan,nan,nan,nan,nan,nan,nan
16405,1,5,5,0,0,0,0,746,2,2,0,0,1,0,0,nan,nan,nan,nan,nan,nan,nan
16406,1,5,5,0,0,0,0,746,2,2,0,1,0,0,0,nan,nan,nan,38.14218308650925,nan,nan,nan
16407,1,5,5,0,0,0,0,746,2,2,0,1,0,0,0,nan,nan,nan,nan,nan,nan,nan
16408,1,5,5,0,0,0,0,746,2,2,0,1,0,0,0,nan,nan,nan,nan,nan,nan,nan
16409,1,5,5,0,0,0,0,746,2,2,0,1,0,0,0,nan,nan,nan,nan,nan,nan,nan
16410,1,5,5,0,0,0,0,746,2,2,0,1,0,0,0,nan,nan,nan,nan,nan,nan,nan
16411,1,5,5,0,0,0,0,746,0,0,0,0,0,0,0,nan,nan,24.39370129051531,nan,nan,nan,nan
16412,1,5,5,0,0,0,0,746,0,0,0,0,0,0,0,nan,nan,nan,nan,nan,nan,nan
16413,1,5,5,0,0,0,0,746,0,0,0,0,0,0,0,nan,nan,nan,nan,nan,nan,nan
16414,1,5,5,0,0,0,0,746,0,0,0,0,0,0,0,nan,nan,nan,nan,nan,nan,nan
16415,1,5,5,0,0,0,0,746,0,0,0,0,0,0,0,nan,nan,nan,nan,nan,nan,nan
16416,1,5,5,0,0,0,1,746,0,0,0,0,0,1,0,nan,nan,nan,nan,nan,17.67346275780801,nan
16417,1,5,5,0,0,0,1,746,0,0,0,0,0,1,0,nan,nan,nan,nan,nan,nan,nan
16418,1,5,5,0,0,0,1,746,0,0,0,0,0,1,0,nan,nan,nan,nan,nan,nan,nan
16419,1,5,5,0,0,0,1,746,0,0,0,0,0,1,0,nan,nan,nan,nan,nan,nan,nan
16420,1,5,5,0,0,0,1,746,0,0,0,0,1,0,0,nan,nan,nan,nan,30.558090592647204,nan,nan
16421,1,5,5,0,0,0,1,746,0,0,0,0,1,0,0,nan,nan,nan,nan,nan,nan,nan
16422,1,5,5,0,0,0,0,747,0,0,0,0,1,0,0,nan,nan,nan,nan,nan,nan,23.72165376005796
16423,1,5,5,0,0,0,0,747,0,0,0,0,1,0,0,nan,nan,nan,nan,nan,nan,nan
16424,1,5,5,0,0,0,0,747,0,0,0,0,1,0,0,nan,nan,nan,nan,nan,nan,nan
16425,1,5,5,0,0,0,0,747,0,0,0,0,1,0,0,nan,nan,nan,nan,nan,nan,nan
16426,1,5,5,0,0,0,0,747,2,2,0,0,1,0,0,27.67940245337377,27.02637441317711,nan,nan,nan,nan,nan
16427,1,5,5,0,0,0,0,747,2,2,0,0,1,0,0,nan,nan,nan,nan,nan,nan,nan
16428,1,5,5,0,0,0,0,747,2,2,0,1,0,0,0,nan,nan,nan,21.10210861122323,nan,nan,nan
16429,1,5,5,0,0,0,0,747,2,2,0,1,0,0,0,nan,nan,nan,nan,nan,nan,nan
16430,1,5,5,0,0,0,0,747,2,2,0,1,0,0,0,nan,nan,nan,nan,nan,nan,nan
16431,1,5,5,0,0,0,0,747,2,2,0,1,0,0,0,nan,nan,nan,nan,nan,nan,nan
16432,1,5,5,0,0,0,1,747,2,2,0,1,0,1,0,nan,nan,nan,nan,nan,16.51276013772076,nan
16433,1,5,5,0,0,0,1,747,2,2,0,1,0,1,0,nan,nan,nan,nan,nan,nan,nan
16434,1,5,5,0,0,0,1,747,2,2,0,1,0,1,0,nan,nan,nan,nan,nan,nan,nan
16435,1,5,5,0,0,0,1,747,2,2,0,1,0,1,0,nan,nan,nan,nan,nan,nan,nan
16436,1,5,5,0,0,0,1,747,2,2,0,1,0,1,0,nan,nan,nan,nan,nan,nan,nan
16437,1,5,5,0,0,0,1,747,2,2,0,1,0,1,0,nan,nan,nan,nan,nan,nan,nan
16438,1,5,5,0,0,0,1,747,0,0,0,0,0,1,0,nan,nan,27.74614439501238,nan,nan,nan,nan
16439,1,5,5,0,0,0,1,747,0,0,0,0,0,1,0,nan,nan,nan,nan,nan,nan,nan
16440,1,5,5,0,0,0,0,748,0,0,0,0,0,1,0,nan,nan,nan,nan,nan,nan,18.742691319566802
16441,1,5,5,0,0,0,0,748,0,0,0,0,0,1,0,nan,nan,nan,nan,nan,nan,nan
16442,1,5,5,0,0,0,0,748,0,0,0,0,0,1,0,nan,nan,nan,nan,nan,nan,nan
16443,1,5,5,0,0,0,0,748,0,0,0,0,0,1,0,nan,nan,nan,nan,nan,nan,nan
16444,1,5,5,0,0,0,0,748,0,0,0,0,0,1,0,nan,nan,nan,nan,nan,nan,nan
16445,1,5,5,0,0,0,0,748,0,0,0,0,0,1,0,nan,nan,nan,nan,nan,nan,nan
16446,1,5,5,0,0,0,0,748,0,0,0,0,0,1,0,nan,nan,nan,nan,nan,nan,nan
16447,1,5,5,0,0,0,0,748,0,0,0,0,0,1,0,nan,nan,nan,nan,nan,nan,nan
16448,1,5,5,0,0,0,0,748,0,0,0,0,0,1,0,nan,nan,nan,nan,nan,nan,nan
16449,1,5,5,0,0,0,0,748,0,0,0,0,0,1,0,nan,nan,nan,nan,nan,nan,nan
16450,1,5,5,0,0,0,0,748,2,0,0,0,0,1,0,23.30636764835799,nan,nan,nan,nan,nan,nan
16451,1,5,5,0,0,0,0,748,2,0,0,0,0,1,0,nan,nan,nan,nan,nan,nan,nan
16452,1,5,5,0,0,0,0,748,2,0,0,0,0,1,0,nan,nan,nan,nan,nan,nan,nan
16453,1,5,5,0,0,0,0,748,2,0,0,0,0,1,0,nan,nan,nan,nan,nan,nan,nan
16454,1,5,5,0,0,0,0,748,2,2,0,0,0,1,0,nan,28.17583047395965,nan,nan,nan,nan,nan
16455,1,5,5,0,0,0,0,748,2,2,0,0,0,1,0,nan,nan,nan,nan,nan,nan,nan
16456,1,5,5,0,0,0,0,748,2,2,0,0,0,1,0,nan,nan,nan,nan,nan,nan,nan
16457,1,5,5,0,0,0,0,748,2,2,0,0,1,0,0,nan,nan,nan,nan,37.034664012633584,nan,nan
16458,1,5,5,0,0,0,0,748,2,2,0,0,1,0,0,nan,nan,nan,nan,nan,nan,nan
16459,1,5,5,0,0,0,0,748,2,2,0,1,0,0,0,nan,nan,nan,31.511145492815558,nan,nan,nan
16460,1,5,5,0,0,0,0,748,2,2,0,1,0,0,0,nan,nan,nan,nan,nan,nan,nan
16461,1,5,5,0,0,0,0,749,2,2,0,1,0,0,1,nan,nan,nan,nan,nan,nan,20.57835073184833
16462,1,5,5,0,0,0,0,749,2,2,0,1,0,0,1,nan,nan,nan,nan,nan,nan,nan
16463,1,5,5,0,0,0,0,749,2,2,0,1,0,0,1,nan,nan,nan,nan,nan,nan,nan
16464,1,5,5,0,0,0,0,749,2,2,0,1,0,0,1,nan,nan,nan,nan,nan,nan,nan
16465,1,5,5,0,0,0,0,749,2,2,0,1,0,0,1,nan,nan,nan,nan,nan,nan,nan
16466,1,5,5,0,0,0,0,749,0,0,0,0,0,0,1,nan,nan,27.24146652971467,nan,nan,nan,nan
16467,1,5,5,0,0,0,0,749,0,0,0,0,0,0,1,nan,nan,nan,nan,nan,nan,nan
16468,1,5,5,0,0,0,0,749,0,0,0,0,0,0,1,nan,nan,nan,nan,nan,nan,nan
16469,1,5,5,0,0,0,0,749,0,0,0,0,0,0,1,nan,nan,nan,nan,nan,nan,nan
16470,1,5,5,0,0,0,0,749,0,0,0,0,0,0,1,nan,nan,nan,nan,nan,nan,nan
16471,1,5,5,0,0,0,0,749,0,0,0,0,0,0,1,nan,nan,nan,nan,nan,nan,nan
16472,1,5,5,0,0,0,0,749,0,0,0,0,0,0,1,nan,nan,nan,nan,nan,nan,nan
16473,1,5,5,0,0,0,0,749,0,0,0,0,0,0,1,nan,nan,nan,nan,nan,nan,nan
16474,1,5,5,0,0,0,0,749,0,0,0,0,0,0,1,nan,nan,nan,nan,nan,nan,nan
16475,1,5,5,0,0,0,0,749,0,0,0,0,0,0,1,nan,nan,nan,nan,nan,nan,nan
16476,1,5,5,0,0,0,0,749,0,0,0,0,0,0,1,nan,nan,nan,nan,nan,nan,nan
16477,1,5,5,0,0,0,0,749,0,0,0,0,0,1,0,nan,nan,nan,nan,nan,44.537011053966125,nan
16478,1,5,5,0,0,0,0,749,0,0,0,0,0,1,0,nan,nan,nan,nan,nan,nan,nan
16479,1,5,5,0,0,0,0,749,0,0,0,0,0,1,0,nan,nan,nan,nan,nan,nan,nan
16480,1,5,5,0,0,0,0,749,0,0,0,0,0,1,0,nan,nan,nan,nan,nan,nan,nan
16481,1,5,5,0,0,0,0,749,0,0,0,0,1,0,0,nan,nan,nan,nan,23.71342386001197,nan,nan
16482,1,5,5,0,0,0,0,749,0,0,0,0,1,0,0,nan,nan,nan,nan,nan,nan,nan
16483,1,5,5,0,0,0,0,749,0,0,0,1,0,0,0,nan,nan,nan,23.7582798885378,nan,nan,nan
16484,1,5,5,0,0,0,0,749,0,0,0,1,0,0,0,nan,nan,nan,nan,nan,nan,nan
16485,1,5,5,0,0,0,0,749,0,0,0,1,0,0,0,nan,nan,nan,nan,nan,nan,nan
16486,1,5,5,0,0,0,0,749,0,0,0,1,0,0,0,nan,nan,nan,nan,nan,nan,nan
16487,1,5,5,0,0,0,0,749,0,0,0,1,0,0,0,nan,nan,nan,nan,nan,nan,nan
16488,1,5,5,0,0,0,0,749,0,2,0,1,0,0,0,nan,34.05146732017238,nan,nan,nan,nan,nan
16489,1,5,5,0,0,0,0,749,0,2,0,1,0,0,0,nan,nan,nan,nan,nan,nan,nan
16490,1,5,5,0,0,0,0,749,0,2,0,1,0,0,0,nan,nan,nan,nan,nan,nan,nan
16491,1,5,5,0,0,0,0,749,0,2,0,1,0,0,0,nan,nan,nan,nan,nan,nan,nan
16492,1,5,5,0,0,0,1,749,2,2,0,1,0,1,0,42.45127231009246,nan,nan,nan,nan,14.750836869163322,nan
16493,1,5,5,0,0,0,1,749,2,2,0,1,0,1,0,nan,nan,nan,nan,nan,nan,nan
16494,1,5,5,0,0,0,1,749,2,2,0,1,0,1,0,nan,nan,nan,nan,nan,nan,nan
16495,1,5,5,0,0,0,0,750,0,0,0,0,0,1,0,nan,nan,29.65578802697928,nan,nan,nan,33.62706111943044
16496,1,5,5,0,0,0,0,750,0,0,0,0,0,1,0,nan,nan,nan,nan,nan,nan,nan
16497,1,5,5,0,0,0,0,750,0,0,0,0,0,1,0,nan,nan,nan,nan,nan,nan,nan
16498,1,5,5,0,0,0,0,750,0,0,0,0,0,1,0,nan,nan,nan,nan,nan,nan,nan
16499,1,5,5,0,0,0,0,750,0,0,0,0,1,0,0,nan,nan,nan,nan,18.022939798374864,nan,nan
16500,1,5,5,0,0,0,0,750,0,0,0,0,1,0,0,nan,nan,nan,nan,nan,nan,nan
16501,1,5,5,0,0,0,0,750,0,0,0,0,1,0,0,nan,nan,nan,nan,nan,nan,nan
16502,1,5,5,0,0,0,0,750,0,0,0,0,1,0,0,nan,nan,nan,nan,nan,nan,nan
16503,1,5,5,0,0,0,0,750,0,0,0,0,1,0,0,nan,nan,nan,nan,nan,nan,nan
16504,1,5,5,0,0,0,0,750,0,0,0,0,1,0,0,nan,nan,nan,nan,nan,nan,nan
16505,1,5,5,0,0,0,0,750,0,0,0,0,1,0,0,nan,nan,nan,nan,nan,nan,nan
16506,1,5,5,0,0,0,0,750,0,0,0,0,1,0,0,nan,nan,nan,nan,nan,nan,nan
16507,1,5,5,0,0,0,0,750,0,0,0,0,1,0,0,nan,nan,nan,nan,nan,nan,nan
16508,1,5,5,0,0,0,0,751,0,2,0,0,1,0,1,nan,19.717881376891455,nan,nan,nan,nan,13.770167964201391
16509,1,5,5,0,0,0,0,751,0,2,0,0,1,0,1,nan,nan,nan,nan,nan,nan,nan
16510,1,4,5,1,0,0,0,751,0,0,0,0,1,0,1,nan,nan,14.821914782965905,nan,nan,nan,nan
16511,1,4,5,1,0,0,0,751,0,0,0,0,1,0,1,nan,nan,nan,nan,nan,nan,nan
16512,1,4,5,1,0,0,0,751,0,0,0,0,1,0,1,nan,nan,nan,nan,nan,nan,nan
16513,1,4,5,1,0,0,0,751,0,0,0,0,1,0,1,nan,nan,nan,nan,nan,nan,nan
16514,1,4,5,1,0,0,0,751,0,0,0,0,1,0,1,nan,nan,nan,nan,nan,nan,nan
16515,1,5,5,0,0,0,0,751,0,0,0,0,0,0,1,22.95294162764185,nan,nan,31.947382934344205,nan,nan,nan
16516,1,5,5,0,0,0,0,751,0,0,0,0,0,0,1,nan,nan,nan,nan,nan,nan,nan
16517,1,5,5,0,0,0,0,751,0,0,0,0,0,0,1,nan,nan,nan,nan,nan,nan,nan
16518,1,5,5,0,0,0,0,751,0,0,0,0,0,0,1,nan,nan,nan,nan,nan,nan,nan
16519,1,5,5,0,0,0,0,751,0,0,0,0,0,0,1,nan,nan,nan,nan,nan,nan,nan
16520,1,5,5,0,0,0,0,751,0,0,0,0,0,0,1,nan,nan,nan,nan,nan,nan,nan
16521,1,5,5,0,0,0,0,751,0,0,0,0,0,0,1,nan,nan,nan,nan,nan,nan,nan
16522,1,5,5,0,0,0,0,751,0,0,0,0,0,1,0,nan,nan,nan,nan,nan,30.456507061488082,nan
16523,1,5,5,0,0,0,0,751,0,0,0,0,0,1,0,nan,nan,nan,nan,nan,nan,nan
16524,1,5,5,0,0,0,0,751,0,0,0,0,0,1,0,nan,nan,nan,nan,nan,nan,nan
16525,1,5,5,0,0,0,0,751,0,0,0,0,0,1,0,nan,nan,nan,nan,nan,nan,nan
16526,1,5,5,0,0,0,0,751,0,0,0,0,0,1,0,nan,nan,nan,nan,nan,nan,nan
16527,1,5,4,1,0,0,0,751,0,0,0,0,1,0,0,nan,nan,16.736759885468928,nan,28.364684690935974,nan,nan
16528,1,5,4,1,0,0,0,751,0,0,0,0,1,0,0,nan,nan,nan,nan,nan,nan,nan
16529,1,5,4,1,0,0,0,751,0,0,0,0,1,0,0,nan,nan,nan,nan,nan,nan,nan
16530,1,5,4,1,0,0,0,751,0,0,0,0,1,0,0,nan,nan,nan,nan,nan,nan,nan
16531,1,5,4,0,0,0,0,751,0,0,0,0,0,0,0,nan,nan,nan,16.54473302657425,nan,nan,nan
16532,1,5,4,0,0,0,0,751,0,0,0,0,0,0,0,nan,nan,nan,nan,nan,nan,nan
16533,1,5,4,0,0,0,0,751,0,0,0,0,0,0,0,nan,nan,nan,nan,nan,nan,nan
16534,1,5,4,0,0,0,0,751,0,0,0,0,0,0,0,nan,nan,nan,nan,nan,nan,nan
16535,1,5,4,0,0,0,0,751,0,0,0,0,0,0,0,nan,nan,nan,nan,nan,nan,nan
16536,1,5,4,0,0,0,0,751,2,0,0,0,0,0,0,21.27981455466579,nan,nan,nan,nan,nan,nan
16537,1,5,4,0,0,0,0,751,2,0,0,0,0,0,0,nan,nan,nan,nan,nan,nan,nan
16538,1,5,4,0,0,0,0,751,2,0,0,0,0,0,0,nan,nan,nan,nan,nan,nan,nan
16539,1,5,5,0,0,0,0,751,0,0,0,0,0,0,0,nan,31.102132674168388,nan,nan,nan,nan,nan
16540,1,5,5,0,0,0,0,751,0,0,0,0,0,0,0,nan,nan,nan,nan,nan,nan,nan
16541,1,5,5,0,0,0,0,751,0,0,0,0,0,0,0,nan,nan,nan,nan,nan,nan,nan
16542,1,5,5,0,0,0,0,751,0,0,0,0,0,0,0,nan,nan,nan,nan,nan,nan,nan
16543,1,5,4,1,0,0,0,751,0,0,0,0,0,0,0,nan,nan,16.217786753542896,nan,nan,nan,nan
16544,1,5,4,1,0,0,0,751,0,0,0,0,0,0,0,nan,nan,nan,nan,nan,nan,nan
16545,1,5,4,1,0,0,0,751,0,0,0,0,0,0,0,nan,nan,nan,nan,nan,nan,nan
16546,1,5,4,1,0,0,0,751,0,0,0,0,0,0,0,nan,nan,nan,nan,nan,nan,nan
16547,1,5,4,1,0,0,0,752,2,0,0,0,0,0,1,10.359859261796373,nan,nan,nan,nan,nan,38.43129744640464
16548,1,5,4,1,0,0,0,752,2,0,0,0,0,0,1,nan,nan,nan,nan,nan,nan,nan
16549,1,5,4,1,0,0,0,752,2,0,0,0,0,0,1,nan,nan,nan,nan,nan,nan,nan
16550,1,5,4,1,0,0,0,752,2,0,0,0,0,0,1,nan,nan,nan,nan,nan,nan,nan
16551,1,5,4,1,0,1,0,752,2,0,0,0,1,0,1,nan,nan,nan,nan,24.11125066112436,nan,nan
16552,1,5,4,1,0,1,0,752,2,0,0,0,1,0,1,nan,nan,nan,nan,nan,nan,nan
16553,1,5,4,1,0,1,0,752,2,0,0,0,1,0,1,nan,nan,nan,nan,nan,nan,nan
16554,1,5,4,1,0,0,0,752,2,0,0,0,1,0,0,nan,nan,nan,nan,nan,32.303866649504926,nan
16555,1,5,4,1,0,0,0,752,2,0,0,0,1,0,0,nan,nan,nan,nan,nan,nan,nan
16556,1,5,4,1,0,0,0,752,2,0,0,0,1,0,0,nan,nan,nan,nan,nan,nan,nan
16557,1,5,4,1,0,0,0,752,2,0,0,0,1,0,0,nan,nan,nan,nan,nan,nan,nan
16558,1,5,3,1,0,0,0,752,2,0,0,0,0,0,0,nan,nan,14.656459123762033,26.240980068101635,nan,nan,nan
16559,1,5,3,1,0,0,0,752,2,0,0,0,0,0,0,nan,nan,nan,nan,nan,nan,nan
16560,1,5,3,1,0,0,0,752,2,0,0,0,0,0,0,nan,nan,nan,nan,nan,nan,nan
16561,1,5,3,1,0,0,0,752,2,0,0,0,0,0,0,nan,nan,nan,nan,nan,nan,nan
16562,1,5,3,1,0,0,0,752,2,0,0,0,0,0,0,nan,nan,nan,nan,nan,nan,nan
16563,1,5,4,1,0,0,0,752,0,0,0,0,0,0,0,nan,23.68579831128227,nan,nan,nan,nan,nan
16564,1,5,4,1,0,0,0,752,0,0,0,0,0,0,0,nan,nan,nan,nan,nan,nan,nan
16565,1,5,4,1,0,0,0,752,0,0,0,0,0,0,0,nan,nan,nan,nan,nan,nan,nan
16566,1,5,4,1,0,0,0,752,0,0,0,0,0,0,0,nan,nan,nan,nan,nan,nan,nan
16567,1,5,4,1,0,0,1,752,0,0,0,0,0,1,0,nan,nan,nan,nan,nan,13.14671427407302,nan
16568,1,5,4,1,0,0,1,752,0,0,0,0,0,1,0,nan,nan,nan,nan,nan,nan,nan
16569,1,5,4,1,0,0,0,753,0,0,0,0,0,1,0,nan,nan,nan,nan,nan,nan,21.921223814155383
16570,1,5,4,1,0,0,0,753,0,0,0,0,0,1,0,nan,nan,nan,nan,nan,nan,nan
16571,1,5,4,1,0,0,0,753,0,0,0,0,0,1,0,nan,nan,nan,nan,nan,nan,nan
16572,1,5,4,1,0,0,0,753,2,0,0,0,0,1,0,25.459606163130957,nan,nan,nan,nan,nan,nan
16573,1,5,4,1,0,0,0,753,2,0,0,0,0,1,0,nan,nan,nan,nan,nan,nan,nan
16574,1,5,4,1,0,0,0,753,2,0,0,0,0,1,0,nan,nan,nan,nan,nan,nan,nan
16575,1,5,5,1,0,0,0,753,0,0,0,0,0,1,0,nan,12.46218391720322,nan,nan,nan,nan,nan
16576,1,5,5,1,0,0,0,753,0,0,0,0,1,0,0,nan,nan,nan,nan,24.749262415454723,nan,nan
16577,1,5,5,1,0,0,0,753,0,0,0,0,1,0,0,nan,nan,nan,nan,nan,nan,nan
16578,1,5,5,1,0,0,0,753,0,0,0,0,1,0,0,nan,nan,nan,nan,nan,nan,nan
16579,1,5,5,1,0,0,0,753,0,0,0,0,1,0,0,nan,nan,nan,nan,nan,nan,nan
16580,1,5,4,2,0,0,0,753,0,0,0,0,1,0,0,nan,nan,22.2464386546053,nan,nan,nan,nan
16581,1,5,4,2,0,0,0,753,0,0,0,0,1,0,0,nan,nan,nan,nan,nan,nan,nan
16582,1,5,4,1,0,0,0,753,0,0,0,0,0,0,0,nan,nan,nan,24.367734245050087,nan,nan,nan
16583,1,5,4,1,0,0,0,754,0,0,0,0,0,0,1,nan,nan,nan,nan,nan,nan,13.75394905651774
16584,1,5,4,1,0,0,0,754,0,0,0,0,0,0,1,nan,nan,nan,nan,nan,nan,nan
16585,1,4,5,1,0,0,0,754,0,0,0,0,0,0,1,nan,10.22250485141194,nan,nan,nan,nan,nan
16586,1,4,5,1,0,0,0,754,0,0,0,0,0,0,1,nan,nan,nan,nan,nan,nan,nan
16587,1,4,5,1,0,0,0,754,0,0,0,0,0,0,1,nan,nan,nan,nan,nan,nan,nan
16588,1,4,5,1,0,0,0,754,0,0,0,0,0,0,1,nan,nan,nan,nan,nan,nan,nan
16589,1,4,5,1,0,0,0,754,0,0,0,0,0,0,1,nan,nan,nan,nan,nan,nan,nan
16590,1,4,5,1,0,0,0,754,0,0,0,0,0,0,1,nan,nan,nan,nan,nan,nan,nan
16591,1,4,5,1,0,0,0,754,0,0,0,0,0,0,1,nan,nan,nan,nan,nan,nan,nan
16592,1,4,5,1,0,0,0,754,0,0,0,0,0,0,1,nan,nan,nan,nan,nan,nan,nan
16593,1,4,5,1,0,0,0,754,0,0,0,0,0,0,1,nan,nan,nan,nan,nan,nan,nan
16594,1,4,5,1,0,0,0,754,0,0,0,0,0,0,1,nan,nan,nan,nan,nan,nan,nan
16595,1,4,5,1,0,0,0,754,0,0,0,0,0,0,1,nan,nan,nan,nan,nan,nan,nan
16596,1,4,4,2,0,0,0,754,0,0,0,0,0,0,1,nan,nan,15.780263416065281,nan,nan,nan,nan
16597,1,4,4,2,0,0,0,754,0,0,0,0,0,0,1,nan,nan,nan,nan,nan,nan,nan
16598,1,4,4,2,0,0,0,754,0,0,0,0,0,0,1,nan,nan,nan,nan,nan,nan,nan
16599,1,4,4,2,0,0,0,754,0,0,0,0,0,1,0,nan,nan,nan,nan,nan,31.837643308466795,nan
16600,1,4,4,2,0,0,0,754,0,0,0,0,0,1,0,nan,nan,nan,nan,nan,nan,nan
16601,1,4,4,2,0,0,0,754,0,0,0,0,0,1,0,nan,nan,nan,nan,nan,nan,nan
16602,1,4,4,2,0,0,0,754,0,0,0,0,0,1,0,nan,nan,nan,nan,nan,nan,nan
16603,1,4,4,2,0,0,0,754,0,0,0,0,0,1,0,nan,nan,nan,nan,nan,nan,nan
16604,1,4,4,1,1,0,0,754,0,0,0,0,0,1,0,nan,nan,nan,21.614808996528154,nan,nan,nan
16605,1,4,4,1,1,0,0,754,0,0,0,0,0,1,0,nan,nan,nan,nan,nan,nan,nan
16606,1,3,5,1,1,0,0,754,0,0,0,0,0,1,0,nan,20.644487024943373,nan,nan,nan,nan,nan
16607,1,4,5,1,1,0,0,754,0,0,0,0,0,1,0,34.24899191791701,nan,nan,nan,nan,nan,nan
16608,1,4,5,1,1,0,0,754,0,0,0,0,0,1,0,nan,nan,nan,nan,nan,nan,nan
16609,1,4,5,1,1,0,0,754,0,0,0,0,0,1,0,nan,nan,nan,nan,nan,nan,nan
16610,1,4,4,2,1,0,0,754,0,0,0,0,0,1,0,nan,nan,14.798504008482269,nan,nan,nan,nan
16611,1,4,4,2,0,0,0,754,0,0,0,0,0,0,0,nan,nan,nan,nan,35.013746282736975,nan,nan
16612,1,4,4,2,0,0,0,754,0,0,0,0,0,0,0,nan,nan,nan,nan,nan,nan,nan
16613,1,4,4,2,0,0,0,755,0,0,0,0,0,0,1,nan,nan,nan,nan,nan,nan,30.405757859844016
16614,1,4,4,2,0,0,0,755,0,0,0,0,0,0,1,nan,nan,nan,nan,nan,nan,nan
16615,1,4,4,2,0,0,0,755,0,0,0,0,0,0,1,nan,nan,nan,nan,nan,nan,nan
16616,1,4,4,2,0,0,0,755,0,0,0,0,0,0,1,nan,nan,nan,nan,nan,nan,nan
16617,1,4,4,2,0,0,0,755,0,0,0,0,0,0,1,nan,nan,nan,nan,nan,nan,nan
16618,1,4,4,2,0,0,0,755,0,0,0,0,0,0,1,nan,nan,nan,nan,nan,nan,nan
16619,1,4,4,2,0,0,0,755,0,0,0,0,0,0,1,nan,nan,nan,nan,nan,nan,nan
16620,1,4,4,2,0,0,0,755,0,0,0,0,0,0,1,nan,nan,nan,nan,nan,nan,nan
16621,1,4,4,2,0,0,0,755,0,0,0,0,0,0,1,nan,nan,nan,nan,nan,nan,nan
16622,1,4,4,1,1,0,0,755,0,0,0,0,0,0,1,nan,nan,nan,18.044851245686004,nan,nan,nan
16623,1,3,5,1,1,0,0,755,0,0,0,0,0,0,1,nan,17.054098157736007,nan,nan,nan,nan,nan
16624,1,3,5,1,0,0,0,755,0,0,0,0,0,0,0,nan,nan,nan,nan,13.148729092255962,25.132410689955577,nan
16625,1,3,5,1,0,0,0,755,0,0,0,0,0,0,0,nan,nan,nan,nan,nan,nan,nan
16626,1,4,5,1,0,0,0,755,0,0,0,0,0,0,0,19.64018257621501,nan,nan,nan,nan,nan,nan
16627,1,4,5,1,0,0,0,755,0,0,0,0,0,0,0,nan,nan,nan,nan,nan,nan,nan
16628,1,4,5,1,0,0,0,755,0,0,0,0,0,0,0,nan,nan,nan,nan,nan,nan,nan
16629,1,4,5,1,0,0,0,755,0,0,0,0,0,0,0,nan,nan,nan,nan,nan,nan,nan
16630,1,4,5,1,0,0,0,755,0,0,0,0,0,0,0,nan,nan,nan,nan,nan,nan,nan
16631,1,4,5,1,0,0,0,755,0,0,0,0,0,0,0,nan,nan,nan,nan,nan,nan,nan
16632,1,4,5,0,1,0,0,755,0,0,0,0,0,0,0,nan,nan,nan,9.976714543648995,nan,nan,nan
16633,1,4,4,1,1,0,0,755,0,0,0,0,0,0,0,nan,nan,22.248614980220736,nan,nan,nan,nan
16634,1,4,4,1,1,0,0,755,0,0,0,0,0,0,0,nan,nan,nan,nan,nan,nan,nan
16635,1,4,4,1,1,0,0,755,0,0,0,0,0,0,0,nan,nan,nan,nan,nan,nan,nan
16636,1,4,4,1,1,0,0,755,0,0,0,0,0,0,0,nan,nan,nan,nan,nan,nan,nan
16637,1,3,5,1,1,0,0,755,0,0,0,0,0,0,0,nan,13.841706206352683,nan,nan,nan,nan,nan
16638,1,3,5,1,1,0,0,756,0,0,0,0,0,0,1,nan,nan,nan,nan,nan,nan,24.75678181399053
16639,1,3,5,1,1,0,0,756,0,0,0,0,0,0,1,nan,nan,nan,nan,nan,nan,nan
16640,1,3,5,1,0,1,0,756,0,0,0,0,0,0,1,nan,nan,nan,nan,15.85085004188295,nan,nan
16641,1,3,5,1,0,1,0,756,0,0,0,0,0,0,1,nan,nan,nan,nan,nan,nan,nan
16642,1,3,5,0,1,1,0,756,0,0,0,0,0,0,1,nan,nan,nan,9.975535413628677,nan,nan,nan
16643,1,3,5,0,1,1,0,756,0,0,0,0,0,0,1,nan,nan,nan,nan,nan,nan,nan
16644,1,3,5,0,1,1,0,756,0,0,0,0,0,0,1,nan,nan,nan,nan,nan,nan,nan
16645,1,3,5,0,1,1,0,756,0,0,0,0,0,0,1,nan,nan,nan,nan,nan,nan,nan
16646,1,4,5,0,1,0,0,756,0,0,0,0,0,0,0,19.694993018845707,nan,nan,nan,nan,21.167318797797634,nan
16647,1,4,5,0,1,0,0,756,0,0,0,0,0,0,0,nan,nan,nan,nan,nan,nan,nan
16648,1,4,5,0,1,0,0,756,0,0,0,0,0,0,0,nan,nan,nan,nan,nan,nan,nan
16649,1,4,5,0,1,0,0,756,0,0,0,0,0,0,0,nan,nan,nan,nan,nan,nan,nan
16650,1,4,4,1,1,0,0,756,0,0,0,0,0,0,0,nan,nan,17.387944730315212,nan,nan,nan,nan
16651,1,4,4,1,0,1,0,756,0,0,0,0,0,0,0,nan,nan,nan,nan,10.90645850279543,nan,nan
16652,1,4,4,1,0,1,0,756,0,0,0,0,0,0,0,nan,nan,nan,nan,nan,nan,nan
16653,1,4,4,1,0,1,0,756,0,0,0,0,0,0,0,nan,nan,nan,nan,nan,nan,nan
16654,1,4,4,1,0,1,0,756,0,0,0,0,0,0,0,nan,nan,nan,nan,nan,nan,nan
16655,1,4,4,1,0,1,0,756,0,0,0,0,0,0,0,nan,nan,nan,nan,nan,nan,nan
16656,1,4,4,1,0,1,0,756,0,0,0,0,0,0,0,nan,nan,nan,nan,nan,nan,nan
16657,1,3,5,1,0,1,0,756,0,0,0,0,0,0,0,nan,20.621504275448387,nan,nan,nan,nan,nan
16658,1,3,5,1,0,1,0,757,0,0,0,0,0,0,1,nan,nan,nan,nan,nan,nan,20.04480024427903
16659,1,3,5,1,0,0,0,757,0,0,0,0,0,0,0,nan,nan,nan,nan,nan,13.456717802153435,nan
16660,1,3,5,1,0,0,0,757,0,0,0,0,0,0,0,nan,nan,nan,nan,nan,nan,nan
16661,1,3,5,1,0,0,0,757,0,0,0,0,0,0,0,nan,nan,nan,nan,nan,nan,nan
16662,1,3,5,1,0,0,0,757,0,0,0,0,0,0,0,nan,nan,nan,nan,nan,nan,nan
16663,1,3,5,1,0,0,0,757,0,0,0,0,0,0,0,nan,nan,nan,nan,nan,nan,nan
16664,1,3,5,1,0,0,0,757,0,0,0,0,0,0,0,nan,nan,nan,nan,nan,nan,nan
16665,1,3,5,0,1,0,0,757,0,0,0,0,0,0,0,nan,nan,nan,23.0859371775623,nan,nan,nan
16666,1,3,5,0,1,0,0,757,0,0,0,0,0,0,0,nan,nan,nan,nan,nan,nan,nan
16667,1,4,4,1,0,1,0,757,0,0,0,0,0,0,0,20.869916115832893,nan,16.493633661291824,nan,15.895602466618584,nan,nan
16668,1,4,4,1,0,1,0,757,0,0,0,0,0,0,0,nan,nan,nan,nan,nan,nan,nan
16669,1,4,4,1,0,1,0,757,0,0,0,0,0,0,0,nan,nan,nan,nan,nan,nan,nan
16670,1,4,4,1,0,1,0,757,0,0,0,0,0,0,0,nan,nan,nan,nan,nan,nan,nan
16671,1,4,4,1,0,1,0,757,0,0,0,0,0,0,0,nan,nan,nan,nan,nan,nan,nan
16672,1,4,4,1,0,1,0,757,0,0,0,0,0,0,0,nan,nan,nan,nan,nan,nan,nan
16673,1,4,4,1,0,1,0,757,0,0,0,0,0,0,0,nan,nan,nan,nan,nan,nan,nan
16674,1,4,4,1,0,1,0,757,0,0,0,0,0,0,0,nan,nan,nan,nan,nan,nan,nan
16675,1,4,4,1,0,1,0,757,0,0,0,0,0,0,0,nan,nan,nan,nan,nan,nan,nan
16676,1,4,4,1,0,1,0,757,0,0,0,0,0,0,0,nan,nan,nan,nan,nan,nan,nan
16677,1,4,4,1,0,1,0,757,0,0,0,0,0,0,0,nan,nan,nan,nan,nan,nan,nan
16678,1,4,4,1,0,1,0,757,0,0,0,0,0,0,0,nan,nan,nan,nan,nan,nan,nan
16679,1,3,5,1,0,2,0,757,0,0,0,0,1,0,0,nan,21.63866374835925,nan,nan,11.98030227059644,nan,nan
16680,1,3,5,1,0,1,1,757,0,0,0,0,1,0,0,nan,nan,nan,nan,nan,21.06421285749093,nan
16681,1,3,5,1,0,1,0,758,0,0,0,0,1,0,0,nan,nan,nan,nan,nan,nan,23.57867330834415
16682,1,3,5,1,0,1,0,758,0,0,0,0,1,0,0,nan,nan,nan,nan,nan,nan,nan
16683,1,3,5,1,0,1,0,758,0,0,0,0,1,0,0,nan,nan,nan,nan,nan,nan,nan
16684,1,3,4,2,0,1,0,758,0,0,0,0,1,0,0,nan,nan,17.786792828115722,nan,nan,nan,nan
16685,1,3,4,2,0,1,0,758,0,0,0,0,1,0,0,nan,nan,nan,nan,nan,nan,nan
16686,1,4,4,2,0,1,0,758,0,0,0,0,1,0,0,19.076821227223263,nan,nan,nan,nan,nan,nan
16687,1,4,4,1,0,1,0,758,0,0,0,0,0,0,0,nan,nan,nan,22.19439116870126,nan,nan,nan
16688,1,4,4,1,0,1,0,758,0,0,0,0,0,0,0,nan,nan,nan,nan,nan,nan,nan
16689,1,4,4,1,0,1,0,758,0,0,0,0,0,0,0,nan,nan,nan,nan,nan,nan,nan
16690,1,4,4,1,0,1,0,758,0,0,0,0,0,0,0,nan,nan,nan,nan,nan,nan,nan
16691,1,4,4,1,0,1,0,758,0,0,0,0,0,0,0,nan,nan,nan,nan,nan,nan,nan
16692,1,4,4,1,0,0,1,758,0,0,0,0,0,0,0,nan,nan,nan,nan,nan,12.12504040522981,nan
16693,1,4,4,1,0,0,1,758,0,0,0,0,0,0,0,nan,nan,nan,nan,nan,nan,nan
16694,1,3,5,1,0,0,1,758,0,0,0,0,0,0,0,nan,14.608905538410909,nan,nan,nan,nan,nan
16695,1,3,5,1,0,0,1,758,0,0,0,0,0,0,0,nan,nan,nan,nan,nan,nan,nan
16696,1,3,5,1,0,0,1,758,0,0,0,0,0,0,0,nan,nan,nan,nan,nan,nan,nan
16697,1,3,5,1,0,0,1,758,0,0,0,0,0,0,0,nan,nan,nan,nan,nan,nan,nan
16698,1,3,5,1,0,0,1,758,0,0,0,0,0,0,0,nan,nan,nan,nan,nan,nan,nan
16699,1,3,5,0,1,0,1,758,0,0,0,0,0,0,0,nan,nan,nan,11.94947197208603,nan,nan,nan
16700,1,3,5,0,1,0,1,758,0,0,0,0,0,0,0,nan,nan,nan,nan,nan,nan,nan
16701,1,3,5,0,1,0,1,758,0,0,0,0,0,0,0,nan,nan,nan,nan,nan,nan,nan
16702,1,3,5,0,0,1,0,759,0,0,0,0,0,0,0,nan,nan,nan,nan,23.332165303767397,nan,20.432598572591814
16703,1,3,5,0,0,1,0,759,0,0,0,0,0,0,0,nan,nan,nan,nan,nan,nan,nan
16704,1,3,5,0,0,1,0,759,0,0,0,0,0,0,0,nan,nan,nan,nan,nan,nan,nan
16705,1,3,5,0,0,1,0,759,0,0,0,0,0,0,0,nan,nan,nan,nan,nan,nan,nan
16706,1,3,4,1,0,1,0,759,0,0,0,0,0,0,0,nan,nan,21.135554333824984,nan,nan,nan,nan
16707,1,3,4,1,0,1,0,759,0,0,0,0,0,0,0,nan,nan,nan,nan,nan,nan,nan
16708,1,3,4,1,0,0,1,759,0,0,0,0,0,0,0,nan,nan,nan,nan,nan,15.513693661196157,nan
16709,1,3,4,1,0,0,1,759,0,0,0,0,0,0,0,nan,nan,nan,nan,nan,nan,nan
16710,1,3,4,1,0,0,1,759,0,0,0,0,0,0,0,nan,nan,nan,nan,nan,nan,nan
16711,1,2,5,1,0,0,1,759,0,0,0,0,0,0,0,nan,17.016122089440614,nan,nan,nan,nan,nan
16712,1,2,5,1,0,0,1,759,0,0,0,0,0,0,0,nan,nan,nan,nan,nan,nan,nan
16713,1,2,5,1,0,0,1,759,0,0,0,0,0,0,0,nan,nan,nan,nan,nan,nan,nan
16714,1,2,5,1,0,0,1,759,0,0,0,0,0,0,0,nan,nan,nan,nan,nan,nan,nan
16715,1,2,5,1,0,0,1,759,0,0,0,0,0,0,0,nan,nan,nan,nan,nan,nan,nan
16716,1,3,5,1,0,0,1,759,0,0,0,0,0,0,0,29.871578171576402,nan,nan,nan,nan,nan,nan
16717,1,3,5,1,0,0,0,760,0,0,0,0,0,0,0,nan,nan,nan,nan,nan,nan,15.521456480080815
16718,1,3,5,1,0,0,0,760,0,0,0,0,0,0,0,nan,nan,nan,nan,nan,nan,nan
16719,1,3,5,1,0,0,0,760,0,0,0,0,0,0,0,nan,nan,nan,nan,nan,nan,nan
16720,1,3,5,1,0,0,0,760,0,0,0,0,0,0,0,nan,nan,nan,nan,nan,nan,nan
16721,1,3,5,1,0,0,0,760,0,0,0,0,0,0,0,nan,nan,nan,nan,nan,nan,nan
16722,1,3,5,0,1,0,0,760,0,0,0,0,0,0,0,nan,nan,nan,23.386604347448156,nan,nan,nan
16723,1,3,5,0,1,0,0,760,0,0,0,0,0,0,0,nan,nan,nan,nan,nan,nan,nan
16724,1,3,5,0,1,0,0,760,0,0,0,0,0,0,0,nan,nan,nan,nan,nan,nan,nan
16725,1,3,5,0,1,0,1,760,0,0,0,0,0,1,0,nan,nan,nan,nan,nan,16.735105200048565,nan
16726,1,4,5,0,0,0,1,760,0,0,0,0,0,0,0,10.056734289857559,nan,nan,nan,24.21748806305186,nan,nan
16727,1,4,4,1,0,0,1,760,0,0,0,0,0,0,0,nan,nan,21.29124530372792,nan,nan,nan,nan
16728,1,4,4,1,0,0,1,760,0,0,0,0,0,0,0,nan,nan,nan,nan,nan,nan,nan
16729,1,4,4,1,0,0,1,760,0,0,0,0,0,0,0,nan,nan,nan,nan,nan,nan,nan
16730,1,3,5,1,0,0,1,760,0,0,0,0,0,0,0,nan,19.387338571810687,nan,nan,nan,nan,nan
16731,1,3,5,1,0,0,1,760,0,0,0,0,0,0,0,nan,nan,nan,nan,nan,nan,nan
16732,1,3,5,1,0,0,1,760,0,0,0,0,0,0,0,nan,nan,nan,nan,nan,nan,nan
16733,1,3,5,1,0,0,1,760,0,0,0,0,0,0,0,nan,nan,nan,nan,nan,nan,nan
16734,1,3,5,1,0,0,1,760,0,0,0,0,0,0,0,nan,nan,nan,nan,nan,nan,nan
16735,1,3,5,1,0,0,0,761,0,0,0,0,0,0,0,nan,nan,nan,nan,nan,nan,17.69841101926795
16736,1,3,5,1,0,0,0,761,0,0,0,0,0,0,0,nan,nan,nan,nan,nan,nan,nan
16737,1,3,5,1,0,0,0,761,0,0,0,0,0,0,0,nan,nan,nan,nan,nan,nan,nan
16738,1,3,5,1,0,0,0,761,0,0,0,0,0,0,0,nan,nan,nan,nan,nan,nan,nan
16739,1,3,5,1,0,0,0,761,0,0,0,0,0,0,0,nan,nan,nan,nan,nan,nan,nan
16740,1,3,5,1,0,0,0,761,0,0,0,0,0,0,0,nan,nan,nan,nan,nan,nan,nan
16741,1,3,5,1,0,1,0,761,0,2,0,0,1,0,0,nan,11.012125065040891,nan,nan,14.47052410440665,nan,nan
16742,1,3,5,0,0,1,0,761,0,2,0,0,0,0,0,nan,nan,nan,19.600120569113642,nan,nan,nan
16743,1,3,5,0,0,1,0,761,0,2,0,0,0,0,0,nan,nan,nan,nan,nan,nan,nan
16744,1,3,5,0,0,1,0,761,0,2,0,0,0,0,0,nan,nan,nan,nan,nan,nan,nan
16745,1,3,5,0,0,1,0,761,0,2,0,0,0,0,0,nan,nan,nan,nan,nan,nan,nan
16746,1,3,5,0,0,1,0,761,0,2,0,0,0,0,0,nan,nan,nan,nan,nan,nan,nan
16747,1,3,5,0,0,0,1,761,0,2,0,0,0,0,0,nan,nan,nan,nan,nan,22.819495687996096,nan
16748,1,3,5,0,0,0,1,761,0,2,0,0,0,0,0,nan,nan,nan,nan,nan,nan,nan
16749,1,2,5,1,0,0,1,761,0,0,0,0,0,0,0,nan,nan,21.82628990027297,nan,nan,nan,nan
16750,1,2,5,1,0,0,1,761,0,0,0,0,0,0,0,nan,nan,nan,nan,nan,nan,nan
16751,1,3,5,1,0,0,1,761,0,0,0,0,0,0,0,25.206093984455947,nan,nan,nan,nan,nan,nan
16752,1,3,5,1,0,0,1,761,0,0,0,0,0,0,0,nan,nan,nan,nan,nan,nan,nan
16753,1,3,5,1,0,0,1,761,0,0,0,0,0,0,0,nan,nan,nan,nan,nan,nan,nan
16754,1,3,5,1,0,0,1,761,0,0,0,0,0,0,0,nan,nan,nan,nan,nan,nan,nan
16755,1,3,5,1,0,0,1,761,0,0,0,0,0,0,0,nan,nan,nan,nan,nan,nan,nan
16756,1,3,5,1,0,0,1,761,0,0,0,0,0,0,0,nan,nan,nan,nan,nan,nan,nan
16757,1,3,5,1,0,0,1,761,0,0,0,0,0,0,0,nan,nan,nan,nan,nan,nan,nan
16758,1,3,5,1,0,0,1,761,0,0,0,0,0,0,0,nan,nan,nan,nan,nan,nan,nan
16759,1,3,5,1,0,0,1,761,0,0,0,0,0,0,0,nan,nan,nan,nan,nan,nan,nan
16760,1,3,5,1,0,0,1,761,0,0,0,0,0,0,0,nan,nan,nan,nan,nan,nan,nan
16761,1,3,5,1,0,0,0,762,0,0,0,0,0,0,0,nan,nan,nan,nan,nan,nan,26.539987241310882
16762,1,3,5,1,0,0,1,762,0,0,0,0,0,1,0,nan,nan,nan,nan,nan,14.214096887797496,nan
16763,1,3,5,0,1,0,1,762,0,0,0,0,0,1,0,nan,nan,nan,21.55121542228153,nan,nan,nan
16764,1,3,5,0,1,0,1,762,0,2,0,0,0,1,0,nan,23.264142052124953,nan,nan,nan,nan,nan
16765,1,3,5,0,1,0,1,762,0,2,0,0,0,1,0,nan,nan,nan,nan,nan,nan,nan
16766,1,3,5,0,1,0,1,762,0,2,0,0,0,1,0,nan,nan,nan,nan,nan,nan,nan
16767,1,3,5,0,1,0,1,762,0,2,0,0,0,1,0,nan,nan,nan,nan,nan,nan,nan
16768,1,3,5,0,0,0,1,762,0,2,0,0,0,0,0,nan,nan,nan,nan,27.67721739375338,nan,nan
16769,1,3,5,0,0,0,1,762,0,2,0,0,0,0,0,nan,nan,nan,nan,nan,nan,nan
16770,1,3,5,0,0,0,1,762,0,2,0,0,0,0,0,nan,nan,nan,nan,nan,nan,nan
16771,1,3,5,0,0,0,1,762,0,2,0,0,0,0,0,nan,nan,nan,nan,nan,nan,nan
16772,1,3,5,0,0,0,1,762,0,2,0,0,0,0,0,nan,nan,nan,nan,nan,nan,nan
16773,1,2,5,1,0,0,1,762,0,0,0,0,0,0,0,nan,nan,24.65320079585581,nan,nan,nan,nan
16774,1,2,5,1,0,0,1,762,0,0,0,0,0,0,0,nan,nan,nan,nan,nan,nan,nan
16775,1,2,5,1,0,0,0,763,0,0,0,0,0,0,0,nan,nan,nan,nan,nan,nan,13.11230348360914
16776,1,2,5,1,0,0,0,763,0,0,0,0,0,0,0,nan,nan,nan,nan,nan,nan,nan
16777,1,3,5,1,0,0,0,763,0,0,0,0,0,0,0,25.84939976741225,nan,nan,nan,nan,nan,nan
16778,1,3,5,0,1,0,0,763,0,0,0,0,0,0,0,nan,nan,nan,14.944814731701626,nan,nan,nan
16779,1,3,5,0,1,0,0,763,0,0,0,0,0,0,0,nan,nan,nan,nan,nan,nan,nan
16780,1,3,5,0,1,0,0,763,0,0,0,0,0,0,0,nan,nan,nan,nan,nan,nan,nan
16781,1,3,5,0,1,0,1,763,0,0,0,0,0,1,0,nan,nan,nan,nan,nan,19.712529091604665,nan
16782,1,3,5,0,1,0,1,763,0,0,0,0,0,1,0,nan,nan,nan,nan,nan,nan,nan
16783,1,3,5,0,0,0,1,763,0,0,0,0,0,0,0,nan,nan,nan,nan,15.149414120824076,nan,nan
16784,1,3,5,0,0,0,1,763,0,0,0,0,0,0,0,nan,nan,nan,nan,nan,nan,nan
16785,1,3,4,1,0,0,1,763,0,0,0,0,0,0,0,nan,nan,11.317979484170792,nan,nan,nan,nan
16786,1,2,5,1,0,0,1,763,0,0,0,0,0,0,0,nan,21.28027151507922,nan,nan,nan,nan,nan
16787,1,2,5,1,0,0,1,763,0,0,0,0,0,0,0,nan,nan,nan,nan,nan,nan,nan
16788,1,2,5,1,0,0,1,763,0,0,0,0,0,0,0,nan,nan,nan,nan,nan,nan,nan
16789,1,2,5,1,0,0,1,763,0,0,0,0,0,0,0,nan,nan,nan,nan,nan,nan,nan
16790,1,2,5,1,0,0,1,763,0,0,0,0,0,0,0,nan,nan,nan,nan,nan,nan,nan
16791,1,2,5,1,0,0,1,763,0,0,0,0,0,0,0,nan,nan,nan,nan,nan,nan,nan
16792,1,2,5,0,1,0,1,763,0,0,0,0,0,0,0,nan,nan,nan,13.950436868093675,nan,nan,nan
16793,1,2,5,0,1,0,1,763,0,0,0,0,0,0,0,nan,nan,nan,nan,nan,nan,nan
16794,1,2,5,0,1,0,1,763,0,0,0,0,0,0,0,nan,nan,nan,nan,nan,nan,nan
16795,1,2,5,0,1,0,2,763,0,0,0,0,0,1,0,nan,nan,nan,nan,nan,13.426428352464427,nan
16796,1,2,5,0,1,0,2,763,0,2,0,0,0,1,0,nan,10.33148544814685,nan,nan,nan,nan,nan
16797,1,2,5,0,1,0,2,763,0,2,0,0,0,1,0,nan,nan,nan,nan,nan,nan,nan
16798,1,2,5,0,1,0,1,764,0,2,0,0,0,1,0,nan,nan,nan,nan,nan,nan,23.794827500179963
16799,1,2,5,0,1,0,1,764,0,2,0,0,0,1,0,nan,nan,nan,nan,nan,nan,nan
16800,1,2,5,0,1,0,1,764,0,2,0,0,0,1,0,nan,nan,nan,nan,nan,nan,nan
16801,1,1,5,1,1,0,1,764,0,0,0,0,0,1,0,nan,nan,16.6686394687531,nan,nan,nan,nan
16802,1,1,5,1,1,0,1,764,0,0,0,0,0,1,0,nan,nan,nan,nan,nan,nan,nan
16803,1,2,5,1,1,0,1,764,0,0,0,0,0,1,0,26.154527907237934,nan,nan,nan,nan,nan,nan
16804,1,2,5,1,1,0,1,764,0,0,0,0,0,1,0,nan,nan,nan,nan,nan,nan,nan
16805,1,2,5,1,1,0,1,764,0,0,0,0,0,1,0,nan,nan,nan,nan,nan,nan,nan
16806,1,2,5,1,1,0,1,764,0,0,0,0,0,1,0,nan,nan,nan,nan,nan,nan,nan
16807,1,2,5,1,1,0,1,764,0,0,0,0,0,1,0,nan,nan,nan,nan,nan,nan,nan
16808,1,2,5,0,2,0,1,764,0,0,0,0,0,1,0,nan,nan,nan,15.65288592095385,nan,nan,nan
16809,1,2,5,0,1,0,1,764,0,0,0,0,0,0,0,nan,nan,nan,nan,25.06766262814199,nan,nan
16810,1,2,5,0,1,0,1,764,0,0,0,0,0,0,0,nan,nan,nan,nan,nan,nan,nan
16811,1,2,5,0,1,0,1,764,0,0,0,0,0,0,0,nan,nan,nan,nan,nan,nan,nan
16812,1,2,5,0,1,0,1,764,0,0,0,0,0,0,0,nan,nan,nan,nan,nan,nan,nan
16813,1,2,5,0,1,0,1,764,0,0,0,0,0,0,0,nan,nan,nan,nan,nan,nan,nan
16814,1,2,5,0,1,0,0,765,0,0,0,0,0,0,0,nan,nan,nan,nan,nan,nan,15.799602380564465
16815,1,2,5,0,1,0,0,765,0,0,0,0,0,0,0,nan,nan,nan,nan,nan,nan,nan
16816,1,2,5,0,1,0,0,765,0,0,0,0,0,0,0,nan,nan,nan,nan,nan,nan,nan
16817,1,2,5,0,1,0,0,765,0,0,0,0,0,0,0,nan,nan,nan,nan,nan,nan,nan
16818,1,2,5,0,1,0,0,765,0,0,0,0,0,0,0,nan,nan,nan,nan,nan,nan,nan
16819,1,3,5,0,1,0,0,765,0,0,0,0,0,0,0,15.691192520556797,nan,nan,nan,nan,nan,nan
16820,1,3,5,0,1,0,0,765,0,0,0,0,0,0,0,nan,nan,nan,nan,nan,nan,nan
16821,1,3,5,0,1,0,0,765,0,0,0,0,0,0,0,nan,nan,nan,nan,nan,nan,nan
16822,1,3,5,0,1,0,0,765,0,0,0,0,0,0,0,nan,nan,nan,nan,nan,nan,nan
16823,1,3,5,0,1,0,0,765,0,0,0,0,0,0,0,nan,nan,nan,nan,nan,nan,nan
16824,1,3,5,0,0,1,0,765,0,0,0,0,0,0,0,nan,nan,nan,nan,15.551404887104582,nan,nan
16825,1,3,5,0,0,1,0,765,0,0,0,0,0,0,0,nan,nan,nan,nan,nan,nan,nan
16826,1,3,5,0,0,1,0,765,0,0,0,0,0,0,0,nan,nan,nan,nan,nan,nan,nan
16827,1,3,5,0,0,1,0,765,0,2,0,0,0,0,0,nan,30.576789764141722,nan,nan,nan,nan,nan
16828,1,3,5,0,0,1,0,765,0,2,0,0,0,0,0,nan,nan,nan,nan,nan,nan,nan
16829,1,3,5,0,0,1,0,765,0,2,0,0,0,0,0,nan,nan,nan,nan,nan,nan,nan
16830,1,3,5,0,0,1,0,765,0,2,0,0,0,0,0,nan,nan,nan,nan,nan,nan,nan
16831,1,3,5,0,1,1,0,765,0,2,0,1,0,0,0,nan,nan,nan,23.011798739858932,nan,nan,nan
16832,1,3,5,0,1,1,0,765,0,2,0,1,0,0,0,nan,nan,nan,nan,nan,nan,nan
16833,1,3,5,0,1,0,1,765,0,2,0,1,0,0,0,nan,nan,nan,nan,nan,37.875567222636164,nan
16834,1,3,5,0,1,0,0,766,0,2,0,1,0,0,0,nan,nan,nan,nan,nan,nan,19.81378550667432
16835,1,3,5,0,1,0,0,766,0,2,0,1,0,0,0,nan,nan,nan,nan,nan,nan,nan
16836,1,3,5,0,1,0,0,766,0,2,0,1,0,0,0,nan,nan,nan,nan,nan,nan,nan
16837,1,4,5,0,1,0,0,766,0,2,0,1,0,0,0,18.61292496576789,nan,nan,nan,nan,nan,nan
16838,1,4,5,0,1,0,0,766,0,2,0,1,0,0,0,nan,nan,nan,nan,nan,nan,nan
16839,1,4,5,0,1,0,0,766,0,2,0,1,0,0,0,nan,nan,nan,nan,nan,nan,nan
16840,1,4,5,0,1,0,0,766,0,2,0,1,0,0,0,nan,nan,nan,nan,nan,nan,nan
16841,1,4,5,0,1,0,0,766,0,2,0,1,0,0,0,nan,nan,nan,nan,nan,nan,nan
16842,1,3,5,0,1,0,0,766,0,0,0,0,0,0,0,nan,nan,40.68265367482309,nan,nan,nan,nan
16843,1,3,5,0,1,0,0,766,0,0,0,0,0,0,0,nan,nan,nan,nan,nan,nan,nan
16844,1,3,5,0,1,0,0,766,0,0,0,0,0,0,0,nan,nan,nan,nan,nan,nan,nan
16845,1,3,5,0,1,0,1,766,0,0,0,0,0,1,0,nan,nan,nan,nan,nan,12.745025875246938,nan
16846,1,3,5,0,1,0,1,766,0,0,0,0,0,1,0,nan,nan,nan,nan,nan,nan,nan
16847,1,3,5,0,1,0,1,766,0,0,0,0,0,1,0,nan,nan,nan,nan,nan,nan,nan
16848,1,3,5,0,1,0,1,766,0,0,0,0,0,1,0,nan,nan,nan,nan,nan,nan,nan
16849,1,3,5,0,1,0,1,766,0,0,0,0,0,1,0,nan,nan,nan,nan,nan,nan,nan
16850,1,3,5,0,1,0,1,766,0,0,0,0,0,1,0,nan,nan,nan,nan,nan,nan,nan
16851,1,3,5,0,0,0,1,766,0,0,0,0,0,0,0,nan,nan,nan,nan,26.62590704530885,nan,nan
16852,1,4,5,0,0,0,1,766,0,0,0,0,0,0,0,14.332825352008513,nan,nan,nan,nan,nan,nan
16853,1,4,5,0,0,0,1,766,0,0,0,0,0,0,0,nan,nan,nan,nan,nan,nan,nan
16854,1,4,5,0,0,0,1,766,0,2,0,0,0,0,0,nan,26.956593008813797,nan,nan,nan,nan,nan
16855,1,4,5,0,0,0,1,766,0,2,0,0,0,0,0,nan,nan,nan,nan,nan,nan,nan
16856,1,4,5,0,0,0,1,766,0,2,0,0,0,0,0,nan,nan,nan,nan,nan,nan,nan
16857,1,4,5,0,0,0,1,766,0,2,0,0,0,0,0,nan,nan,nan,nan,nan,nan,nan
16858,1,4,5,0,0,0,1,766,0,2,0,0,0,0,0,nan,nan,nan,nan,nan,nan,nan
16859,1,4,5,0,0,0,1,766,0,2,0,0,0,0,0,nan,nan,nan,nan,nan,nan,nan
16860,1,4,5,0,0,0,1,766,0,2,0,0,0,0,0,nan,nan,nan,nan,nan,nan,nan
16861,1,3,5,1,0,0,1,766,0,0,0,0,0,0,0,nan,nan,18.93846408438185,nan,nan,nan,nan
16862,1,3,5,1,0,0,1,766,0,0,0,0,0,0,0,nan,nan,nan,nan,nan,nan,nan
16863,1,4,5,1,0,0,0,767,0,0,0,0,0,0,0,11.589486984332325,nan,nan,nan,nan,nan,29.01103147799222
16864,1,4,5,1,0,0,1,767,0,0,0,0,0,1,0,nan,nan,nan,nan,nan,18.5812368492916,nan
16865,1,4,5,1,0,0,1,767,0,0,0,0,0,1,0,nan,nan,nan,nan,nan,nan,nan
16866,1,4,5,1,0,0,1,767,0,0,0,0,0,1,0,nan,nan,nan,nan,nan,nan,nan
16867,1,4,5,1,0,0,1,767,0,0,0,0,0,1,0,nan,nan,nan,nan,nan,nan,nan
16868,1,4,5,1,0,0,1,767,0,0,0,0,0,1,0,nan,nan,nan,nan,nan,nan,nan
16869,1,4,5,1,0,0,1,767,0,0,0,0,0,1,0,nan,nan,nan,nan,nan,nan,nan
16870,1,4,5,1,0,0,1,767,0,0,0,0,1,0,0,nan,nan,nan,nan,19.726356059069076,nan,nan
16871,1,4,5,1,0,0,1,767,0,0,0,0,1,0,0,nan,nan,nan,nan,nan,nan,nan
16872,1,4,5,1,0,0,1,767,0,0,0,0,1,0,0,nan,nan,nan,nan,nan,nan,nan
16873,1,4,5,1,0,0,1,767,0,0,0,0,1,0,0,nan,nan,nan,nan,nan,nan,nan
16874,1,4,5,1,0,0,1,767,0,0,0,0,1,0,0,nan,nan,nan,nan,nan,nan,nan
16875,1,4,5,0,0,0,1,767,0,0,0,0,0,0,0,nan,nan,nan,44.5770905498066,nan,nan,nan
16876,1,4,5,0,0,0,1,767,0,0,0,0,0,0,0,nan,nan,nan,nan,nan,nan,nan
16877,1,4,5,0,0,0,1,767,0,0,0,0,0,0,0,nan,nan,nan,nan,nan,nan,nan
16878,1,4,5,0,0,0,1,767,0,0,0,0,0,0,0,nan,nan,nan,nan,nan,nan,nan
16879,1,4,5,0,0,0,1,767,0,0,0,0,0,0,0,nan,nan,nan,nan,nan,nan,nan
16880,1,4,5,0,0,0,1,767,0,0,0,0,0,0,0,nan,nan,nan,nan,nan,nan,nan
16881,1,4,5,0,0,0,1,767,0,0,0,0,0,0,0,nan,nan,nan,nan,nan,nan,nan
16882,1,4,5,0,0,0,1,767,0,0,0,0,0,0,0,nan,nan,nan,nan,nan,nan,nan
16883,1,4,5,0,0,0,0,768,0,0,0,0,0,0,0,nan,nan,nan,nan,nan,nan,19.90459408424067
16884,1,4,5,0,0,0,0,768,0,0,0,0,0,0,0,nan,nan,nan,nan,nan,nan,nan
16885,1,4,5,0,0,0,0,768,0,0,0,0,0,0,0,nan,nan,nan,nan,nan,nan,nan
16886,1,4,5,0,0,0,0,768,0,0,0,0,0,0,0,nan,nan,nan,nan,nan,nan,nan
16887,1,5,5,0,0,0,0,768,0,0,0,0,0,0,0,23.883742566435103,nan,nan,nan,nan,nan,nan
16888,1,5,5,0,0,0,0,768,0,0,0,0,0,0,0,nan,nan,nan,nan,nan,nan,nan
16889,1,5,5,0,0,0,0,768,0,0,0,0,0,0,0,nan,nan,nan,nan,nan,nan,nan
16890,1,5,5,0,0,0,0,768,0,0,0,0,0,0,0,nan,nan,nan,nan,nan,nan,nan
16891,1,5,5,0,0,0,1,768,0,0,0,0,0,1,0,nan,nan,nan,nan,nan,26.649401167116594,nan
16892,1,5,5,0,0,0,1,768,0,0,0,0,0,1,0,nan,nan,nan,nan,nan,nan,nan
16893,1,5,4,1,0,0,1,768,0,0,0,0,0,1,0,nan,nan,31.69822075358752,nan,nan,nan,nan
16894,1,5,4,1,0,0,1,768,0,0,0,0,0,1,0,nan,nan,nan,nan,nan,nan,nan
16895,1,5,4,1,0,0,1,768,0,0,0,0,0,1,0,nan,nan,nan,nan,nan,nan,nan
16896,1,5,4,1,0,0,1,768,0,0,0,0,0,1,0,nan,nan,nan,nan,nan,nan,nan
16897,1,5,4,1,0,0,0,769,0,0,0,0,0,1,0,nan,nan,nan,nan,nan,nan,13.954619666987128
16898,1,5,4,1,0,0,0,769,0,0,0,0,0,1,0,nan,nan,nan,nan,nan,nan,nan
16899,1,4,5,1,0,0,0,769,0,0,0,0,0,1,0,nan,45.83889353364793,nan,nan,nan,nan,nan
16900,1,4,5,1,0,0,0,769,0,0,0,0,0,1,0,nan,nan,nan,nan,nan,nan,nan
16901,1,4,5,0,1,0,0,769,0,0,0,0,0,1,0,nan,nan,nan,25.95021365946741,nan,nan,nan
16902,1,4,5,0,1,0,0,769,0,0,0,0,0,1,0,nan,nan,nan,nan,nan,nan,nan
16903,1,4,5,0,1,0,0,769,0,0,0,0,0,1,0,nan,nan,nan,nan,nan,nan,nan
16904,1,4,5,0,1,0,0,769,0,0,0,0,0,1,0,nan,nan,nan,nan,nan,nan,nan
16905,1,4,5,0,1,0,0,769,0,0,0,0,0,1,0,nan,nan,nan,nan,nan,nan,nan
16906,1,4,5,0,0,0,0,769,0,0,0,0,0,0,0,nan,nan,nan,nan,35.06578838211499,nan,nan
16907,1,4,5,0,0,0,0,769,0,0,0,0,0,0,0,nan,nan,nan,nan,nan,nan,nan
16908,1,4,5,0,0,0,0,769,0,0,0,0,0,0,0,nan,nan,nan,nan,nan,nan,nan
16909,1,4,5,0,0,0,0,769,0,0,0,0,0,0,0,nan,nan,nan,nan,nan,nan,nan
16910,1,4,5,0,0,0,0,769,0,0,0,0,0,0,0,nan,nan,nan,nan,nan,nan,nan
16911,1,5,5,0,0,0,0,769,0,0,0,0,0,0,0,24.02672810911463,nan,nan,nan,nan,nan,nan
16912,1,5,4,1,0,0,0,769,0,0,0,0,0,0,0,nan,nan,19.885335953593312,nan,nan,nan,nan
16913,1,5,4,1,0,0,0,769,0,0,0,0,0,0,0,nan,nan,nan,nan,nan,nan,nan
16914,1,5,4,1,0,0,0,769,0,0,0,0,0,0,0,nan,nan,nan,nan,nan,nan,nan
16915,1,5,4,1,0,0,0,769,0,0,0,0,0,0,0,nan,nan,nan,nan,nan,nan,nan
16916,1,5,4,1,0,0,0,769,0,0,0,0,0,0,0,nan,nan,nan,nan,nan,nan,nan
16917,1,5,4,1,0,1,0,769,0,0,0,0,1,0,0,nan,nan,nan,nan,10.983463329201186,nan,nan
16918,1,5,4,1,0,1,0,769,0,0,0,0,1,0,0,nan,nan,nan,nan,nan,nan,nan
16919,1,5,4,1,0,0,1,769,0,0,0,0,1,0,0,nan,nan,nan,nan,nan,28.050233801448485,nan
16920,1,4,5,1,0,0,1,769,0,0,0,0,1,0,0,nan,20.441380265368934,nan,nan,nan,nan,nan
16921,1,4,5,1,0,0,1,769,0,0,0,0,1,0,0,nan,nan,nan,nan,nan,nan,nan
16922,1,4,5,1,0,0,1,769,0,0,0,0,1,0,0,nan,nan,nan,nan,nan,nan,nan
16923,1,4,5,1,0,0,1,769,0,0,0,0,1,0,0,nan,nan,nan,nan,nan,nan,nan
16924,1,4,5,1,0,0,0,770,0,0,0,0,1,0,0,nan,nan,nan,nan,nan,nan,26.636987314417638
16925,1,4,5,1,0,0,0,770,0,0,0,0,1,0,0,nan,nan,nan,nan,nan,nan,nan
16926,1,4,5,1,0,0,0,770,0,0,0,0,1,0,0,nan,nan,nan,nan,nan,nan,nan
16927,1,4,5,1,0,0,0,770,0,0,0,0,1,0,0,nan,nan,nan,nan,nan,nan,nan
16928,1,4,5,1,0,0,0,770,0,0,0,0,1,0,0,nan,nan,nan,nan,nan,nan,nan
16929,1,5,5,0,0,0,0,770,0,0,0,0,0,0,0,18.21107875278176,nan,nan,27.787329746024625,nan,nan,nan
16930,1,5,5,0,0,0,1,770,0,0,0,0,0,1,0,nan,nan,nan,nan,nan,11.65167406506589,nan
16931,1,5,5,0,0,0,1,770,0,0,0,0,0,1,0,nan,nan,nan,nan,nan,nan,nan
16932,1,5,5,0,0,0,1,770,0,0,0,0,0,1,0,nan,nan,nan,nan,nan,nan,nan
16933,1,5,5,0,0,0,1,770,0,0,0,0,0,1,0,nan,nan,nan,nan,nan,nan,nan
16934,1,5,5,0,0,0,1,770,0,0,0,0,0,1,0,nan,nan,nan,nan,nan,nan,nan
16935,1,5,5,0,0,0,1,770,0,2,0,0,0,1,0,nan,15.139899226796842,nan,nan,nan,nan,nan
16936,1,5,5,0,0,0,0,771,0,2,0,0,0,1,0,nan,nan,nan,nan,nan,nan,12.930165148798551
16937,1,5,5,0,0,0,0,771,0,2,0,0,0,1,0,nan,nan,nan,nan,nan,nan,nan
16938,1,5,5,0,0,0,0,771,0,2,0,0,0,1,0,nan,nan,nan,nan,nan,nan,nan
16939,1,5,5,0,0,0,0,771,0,2,0,0,0,1,0,nan,nan,nan,nan,nan,nan,nan
16940,1,5,5,0,0,0,0,771,0,2,0,0,0,1,0,nan,nan,nan,nan,nan,nan,nan
16941,1,5,5,0,0,0,0,771,0,2,0,0,0,1,0,nan,nan,nan,nan,nan,nan,nan
16942,1,5,5,0,0,0,0,771,0,2,0,0,0,1,0,nan,nan,nan,nan,nan,nan,nan
16943,1,5,5,0,0,0,0,771,0,2,0,0,0,1,0,nan,nan,nan,nan,nan,nan,nan
16944,1,5,5,0,0,0,0,771,0,2,0,0,0,1,0,nan,nan,nan,nan,nan,nan,nan
16945,1,5,5,0,1,0,0,771,2,2,0,1,0,1,0,15.864204674828216,nan,nan,15.735160848573287,nan,nan,nan
16946,1,5,5,0,1,0,0,771,2,2,0,1,0,1,0,nan,nan,nan,nan,nan,nan,nan
16947,1,5,5,0,1,0,0,771,2,2,0,1,0,1,0,nan,nan,nan,nan,nan,nan,nan
16948,1,5,5,0,0,0,0,771,0,0,0,0,0,0,0,nan,nan,35.30831446476441,nan,31.29791824576023,nan,nan
16949,1,5,5,0,0,0,0,771,0,0,0,0,0,0,0,nan,nan,nan,nan,nan,nan,nan
16950,1,5,5,0,0,0,0,771,0,0,0,0,0,0,0,nan,nan,nan,nan,nan,nan,nan
16951,1,5,5,0,0,0,0,771,0,0,0,0,0,0,0,nan,nan,nan,nan,nan,nan,nan
16952,1,5,5,0,0,0,0,771,0,0,0,0,0,0,0,nan,nan,nan,nan,nan,nan,nan
16953,1,5,5,0,0,0,0,772,0,0,0,0,0,0,1,nan,nan,nan,nan,nan,nan,16.871347563152085
16954,1,5,5,0,0,0,0,772,0,0,0,0,0,0,1,nan,nan,nan,nan,nan,nan,nan
16955,1,5,5,0,0,0,0,772,0,0,0,0,0,0,1,nan,nan,nan,nan,nan,nan,nan
16956,1,5,5,0,0,0,0,772,2,0,0,0,0,0,1,10.983969795302983,nan,nan,nan,nan,nan,nan
16957,1,5,5,0,0,0,0,772,2,0,0,0,0,0,1,nan,nan,nan,nan,nan,nan,nan
16958,1,5,5,0,0,0,0,772,2,0,0,0,0,0,1,nan,nan,nan,nan,nan,nan,nan
16959,1,5,5,0,1,0,0,772,2,2,0,1,0,0,1,nan,24.002337865025765,nan,13.647638551246928,nan,nan,nan
16960,1,5,5,0,1,0,0,772,2,2,0,1,0,0,1,nan,nan,nan,nan,nan,nan,nan
16961,1,5,5,0,1,0,0,772,2,2,0,1,0,0,1,nan,nan,nan,nan,nan,nan,nan
16962,1,5,5,0,1,0,0,772,2,2,0,1,0,0,1,nan,nan,nan,nan,nan,nan,nan
16963,1,5,5,0,1,0,0,772,2,2,0,1,0,0,1,nan,nan,nan,nan,nan,nan,nan
16964,1,5,5,0,1,0,0,772,2,2,0,1,0,0,1,nan,nan,nan,nan,nan,nan,nan
16965,1,5,5,0,1,0,0,772,2,2,0,1,0,0,1,nan,nan,nan,nan,nan,nan,nan
16966,1,5,5,0,1,0,0,772,0,0,0,0,0,0,1,nan,nan,17.894403988182603,nan,nan,nan,nan
16967,1,5,5,0,1,0,0,772,0,0,0,0,0,0,1,nan,nan,nan,nan,nan,nan,nan
16968,1,5,5,0,1,0,0,772,0,0,0,0,0,1,0,nan,nan,nan,nan,nan,37.482405629194545,nan
16969,1,5,5,0,1,0,0,772,0,0,0,0,0,1,0,nan,nan,nan,nan,nan,nan,nan
16970,1,5,5,0,1,0,0,772,0,0,0,0,0,1,0,nan,nan,nan,nan,nan,nan,nan
16971,1,5,5,0,1,0,0,772,0,0,0,0,0,1,0,nan,nan,nan,nan,nan,nan,nan
16972,1,5,5,0,1,0,0,772,0,0,0,0,0,1,0,nan,nan,nan,nan,nan,nan,nan
16973,1,5,5,0,0,0,0,772,0,0,0,0,0,0,0,nan,nan,nan,nan,25.28795909693872,nan,nan
16974,1,5,5,0,0,0,0,772,0,0,0,0,0,0,0,nan,nan,nan,nan,nan,nan,nan
16975,1,5,5,0,0,0,0,772,0,0,0,0,0,0,0,nan,nan,nan,nan,nan,nan,nan
16976,1,5,5,0,0,0,0,772,0,0,0,0,0,0,0,nan,nan,nan,nan,nan,nan,nan
16977,1,5,5,0,0,0,0,772,0,0,0,0,0,0,0,nan,nan,nan,nan,nan,nan,nan
16978,1,5,5,0,0,0,0,772,0,0,0,0,0,0,0,nan,nan,nan,nan,nan,nan,nan
16979,1,5,5,0,0,0,0,772,0,0,0,0,0,0,0,nan,nan,nan,nan,nan,nan,nan
16980,1,5,5,0,0,0,0,772,0,0,0,0,0,0,0,nan,nan,nan,nan,nan,nan,nan
16981,1,5,5,0,0,0,0,772,0,0,0,0,0,0,0,nan,nan,nan,nan,nan,nan,nan
16982,1,4,5,1,0,0,0,772,0,0,0,0,0,0,0,nan,22.830830939168663,16.107217549419147,nan,nan,nan,nan
16983,1,4,5,1,0,0,0,772,0,0,0,0,0,0,0,nan,nan,nan,nan,nan,nan,nan
16984,1,4,5,1,0,0,0,773,0,0,0,0,0,0,1,nan,nan,nan,nan,nan,nan,30.232978572028514
16985,1,4,5,1,0,0,0,773,0,0,0,0,0,0,1,nan,nan,nan,nan,nan,nan,nan
16986,1,4,5,1,0,0,0,773,0,0,0,0,0,0,1,nan,nan,nan,nan,nan,nan,nan
16987,1,4,5,0,1,0,0,773,0,0,0,0,0,0,1,nan,nan,nan,28.485553866878035,nan,nan,nan
16988,1,4,5,0,1,0,0,773,0,0,0,0,0,0,1,nan,nan,nan,nan,nan,nan,nan
16989,1,4,5,0,1,0,0,773,0,0,0,0,0,0,1,nan,nan,nan,nan,nan,nan,nan
16990,1,5,5,0,1,0,0,773,0,0,0,0,0,0,1,34.11995269016188,nan,nan,nan,nan,nan,nan
16991,1,5,5,0,0,1,0,773,0,0,0,0,0,0,1,nan,nan,nan,nan,17.540155388316634,nan,nan
16992,1,5,5,0,0,1,0,773,0,0,0,0,0,0,1,nan,nan,nan,nan,nan,nan,nan
16993,1,5,5,0,0,1,0,773,0,0,0,0,0,0,1,nan,nan,nan,nan,nan,nan,nan
16994,1,5,5,0,0,1,0,773,0,0,0,0,0,0,1,nan,nan,nan,nan,nan,nan,nan
16995,1,5,5,0,0,1,0,773,0,0,0,0,0,0,1,nan,nan,nan,nan,nan,nan,nan
16996,1,5,5,0,0,1,0,773,0,0,0,0,0,0,1,nan,nan,nan,nan,nan,nan,nan
16997,1,5,5,0,0,1,0,773,0,0,0,0,0,0,1,nan,nan,nan,nan,nan,nan,nan
16998,1,5,5,0,0,1,0,773,0,0,0,0,0,0,1,nan,nan,nan,nan,nan,nan,nan
16999,1,5,5,0,0,0,0,773,0,0,0,0,0,0,0,nan,nan,nan,nan,nan,31.503769020957407,nan
17000,1,5,5,0,0,0,0,773,0,0,0,0,0,0,0,nan,nan,nan,nan,nan,nan,nan
17001,1,5,4,1,0,0,0,773,0,0,0,0,0,0,0,nan,nan,19.26667206053753,nan,nan,nan,nan
17002,1,5,4,1,0,0,0,773,0,0,0,0,0,0,0,nan,nan,nan,nan,nan,nan,nan
17003,1,5,4,1,0,0,0,773,0,0,0,0,0,0,0,nan,nan,nan,nan,nan,nan,nan
17004,1,5,4,1,0,0,0,773,2,0,0,0,0,0,0,13.999586376346997,nan,nan,nan,nan,nan,nan
17005,1,5,4,0,1,0,0,773,2,0,0,0,0,0,0,nan,nan,nan,17.663410986871895,nan,nan,nan
17006,1,5,5,0,1,0,0,773,0,0,0,0,0,0,0,nan,23.865983927487832,nan,nan,nan,nan,nan
17007,1,5,5,0,1,0,0,773,0,0,0,0,0,0,0,nan,nan,nan,nan,nan,nan,nan
17008,1,5,5,0,1,0,0,773,0,0,0,0,0,0,0,nan,nan,nan,nan,nan,nan,nan
17009,1,5,5,0,1,0,0,773,0,0,0,0,0,0,0,nan,nan,nan,nan,nan,nan,nan
17010,1,5,5,0,1,0,0,773,0,0,0,0,0,0,0,nan,nan,nan,nan,nan,nan,nan
17011,1,5,5,0,1,0,0,773,0,0,0,0,0,0,0,nan,nan,nan,nan,nan,nan,nan
17012,1,5,5,0,1,0,0,773,0,0,0,0,0,0,0,nan,nan,nan,nan,nan,nan,nan
17013,1,5,5,0,1,0,0,774,0,0,0,0,0,0,1,nan,nan,nan,nan,nan,nan,29.106496317490382
17014,1,5,5,0,1,0,0,774,0,0,0,0,0,0,1,nan,nan,nan,nan,nan,nan,nan
17015,1,5,5,0,0,1,0,774,0,0,0,0,0,0,1,nan,nan,nan,nan,23.92642847546813,nan,nan
17016,1,5,4,1,0,1,0,774,0,0,0,0,0,0,1,nan,nan,14.905787873154623,nan,nan,nan,nan
17017,1,5,4,1,0,0,0,774,0,0,0,0,0,0,0,nan,nan,nan,nan,nan,17.912065449163492,nan
17018,1,4,5,1,0,0,0,774,0,0,0,0,0,0,0,nan,11.875788039687905,nan,nan,nan,nan,nan
17019,1,4,5,1,0,0,0,774,0,0,0,0,0,0,0,nan,nan,nan,nan,nan,nan,nan
17020,1,4,5,1,0,0,0,774,0,0,0,0,0,0,0,nan,nan,nan,nan,nan,nan,nan
17021,1,4,5,1,0,0,0,774,0,0,0,0,0,0,0,nan,nan,nan,nan,nan,nan,nan
17022,1,4,5,1,0,0,0,774,0,0,0,0,0,0,0,nan,nan,nan,nan,nan,nan,nan
17023,1,4,5,1,0,0,0,774,0,0,0,0,0,0,0,nan,nan,nan,nan,nan,nan,nan
17024,1,4,5,0,1,0,0,774,0,0,0,0,0,0,0,nan,nan,nan,18.86211182720581,nan,nan,nan
17025,1,5,5,0,1,0,0,774,0,0,0,0,0,0,0,20.75688194081522,nan,nan,nan,nan,nan,nan
17026,1,5,5,0,1,0,0,775,0,0,0,0,0,0,1,nan,nan,nan,nan,nan,nan,13.511000183676515
17027,1,5,5,0,0,1,0,775,0,0,0,0,0,0,1,nan,nan,nan,nan,12.819276086069294,nan,nan
17028,1,5,5,0,0,0,0,775,0,0,0,0,0,0,0,nan,nan,nan,nan,nan,10.977446200122358,nan
17029,1,5,4,1,0,0,0,775,0,0,0,0,0,0,0,nan,nan,12.539684679279162,nan,nan,nan,nan
17030,1,5,4,1,0,0,0,775,0,0,0,0,0,0,0,nan,nan,nan,nan,nan,nan,nan
17031,1,5,4,1,0,0,0,775,0,0,0,0,0,0,0,nan,nan,nan,nan,nan,nan,nan
17032,1,5,4,1,0,0,0,775,0,0,0,0,0,0,0,nan,nan,nan,nan,nan,nan,nan
17033,1,5,4,1,0,0,0,775,0,0,0,0,0,0,0,nan,nan,nan,nan,nan,nan,nan
17034,1,4,5,1,0,0,0,775,0,0,0,0,0,0,0,nan,16.4857199882681,nan,nan,nan,nan,nan
17035,1,4,5,1,0,0,0,775,0,0,0,0,0,0,0,nan,nan,nan,nan,nan,nan,nan
17036,1,4,5,1,0,0,0,775,0,0,0,0,0,0,0,nan,nan,nan,nan,nan,nan,nan
17037,1,4,5,1,0,0,0,775,0,0,0,0,0,0,0,nan,nan,nan,nan,nan,nan,nan
17038,1,4,5,1,0,0,0,775,0,0,0,0,0,0,0,nan,nan,nan,nan,nan,nan,nan
17039,1,4,5,1,0,0,0,775,0,0,0,0,0,0,0,nan,nan,nan,nan,nan,nan,nan
17040,1,4,5,1,0,0,0,775,0,0,0,0,0,0,0,nan,nan,nan,nan,nan,nan,nan
17041,1,4,5,1,0,0,0,775,0,0,0,0,0,0,0,nan,nan,nan,nan,nan,nan,nan
17042,1,5,5,1,0,0,0,775,0,0,0,0,0,0,0,17.45965965302821,nan,nan,nan,nan,nan,nan
17043,1,5,5,1,0,0,0,775,0,0,0,0,0,0,0,nan,nan,nan,nan,nan,nan,nan
17044,1,5,5,1,0,0,0,775,0,0,0,0,0,0,0,nan,nan,nan,nan,nan,nan,nan
17045,1,5,5,1,0,0,0,775,0,0,0,0,0,0,0,nan,nan,nan,nan,nan,nan,nan
17046,1,5,5,1,0,0,0,776,0,0,0,0,0,0,1,nan,nan,nan,nan,nan,nan,19.561461238692573
17047,1,5,5,0,1,0,0,776,0,0,0,0,0,0,1,nan,nan,nan,23.203000147383136,nan,nan,nan
17048,1,5,5,0,1,0,0,776,0,0,0,0,0,0,1,nan,nan,nan,nan,nan,nan,nan
17049,1,5,5,0,1,0,0,776,0,2,0,0,0,0,1,nan,14.551864986951841,nan,nan,nan,nan,nan
17050,1,5,5,0,0,1,0,776,0,2,0,0,0,0,1,nan,nan,nan,nan,22.180303938414,nan,nan
17051,1,5,5,0,0,1,0,776,0,2,0,0,0,0,1,nan,nan,nan,nan,nan,nan,nan
17052,1,4,5,1,0,0,0,776,0,0,0,0,0,0,0,nan,nan,23.028933727197,nan,nan,24.202071531479305,nan
17053,1,4,5,1,0,0,0,776,0,0,0,0,0,0,0,nan,nan,nan,nan,nan,nan,nan
17054,1,4,5,1,0,0,0,776,0,0,0,0,0,0,0,nan,nan,nan,nan,nan,nan,nan
17055,1,4,5,1,0,0,0,776,0,0,0,0,0,0,0,nan,nan,nan,nan,nan,nan,nan
17056,1,4,5,1,0,0,0,776,0,0,0,0,0,0,0,nan,nan,nan,nan,nan,nan,nan
17057,1,4,5,1,0,0,0,776,0,0,0,0,0,0,0,nan,nan,nan,nan,nan,nan,nan
17058,1,4,5,1,0,0,0,776,0,0,0,0,0,0,0,nan,nan,nan,nan,nan,nan,nan
17059,1,4,5,1,0,0,0,776,0,0,0,0,0,0,0,nan,nan,nan,nan,nan,nan,nan
17060,1,4,5,1,0,0,0,776,0,0,0,0,0,0,0,nan,nan,nan,nan,nan,nan,nan
17061,1,4,5,1,0,0,0,776,0,2,0,0,0,0,0,nan,12.750689869226335,nan,nan,nan,nan,nan
17062,1,5,5,1,0,0,0,776,0,2,0,0,0,0,0,19.689735312720586,nan,nan,nan,nan,nan,nan
17063,1,5,5,1,0,0,0,776,0,2,0,0,0,0,0,nan,nan,nan,nan,nan,nan,nan
17064,1,5,5,1,0,0,0,776,0,2,0,0,0,0,0,nan,nan,nan,nan,nan,nan,nan
17065,1,4,5,2,0,0,0,777,0,0,0,0,0,0,1,nan,nan,13.554628307847452,nan,nan,nan,19.66065870370585
17066,1,4,5,1,1,0,0,777,0,0,0,0,0,0,1,nan,nan,nan,19.177161945168336,nan,nan,nan
17067,1,4,5,1,1,0,0,777,0,0,0,0,0,0,1,nan,nan,nan,nan,nan,nan,nan
17068,1,4,5,1,1,0,0,777,0,0,0,0,0,0,1,nan,nan,nan,nan,nan,nan,nan
17069,1,4,5,1,1,0,0,777,0,0,0,0,0,0,1,nan,nan,nan,nan,nan,nan,nan
17070,1,4,5,1,1,0,0,777,0,0,0,0,0,0,1,nan,nan,nan,nan,nan,nan,nan
17071,1,4,5,1,1,0,0,777,0,0,0,0,0,0,1,nan,nan,nan,nan,nan,nan,nan
17072,1,4,5,1,1,0,0,777,0,0,0,0,0,0,1,nan,nan,nan,nan,nan,nan,nan
17073,1,4,5,1,0,1,0,777,0,0,0,0,0,0,1,nan,nan,nan,nan,23.7364509333529,nan,nan
17074,1,4,5,1,0,1,0,777,0,0,0,0,0,0,1,nan,nan,nan,nan,nan,nan,nan
17075,1,4,5,1,0,1,0,777,0,0,0,0,0,0,1,nan,nan,nan,nan,nan,nan,nan
17076,1,4,5,1,0,1,0,777,0,0,0,0,0,0,1,nan,nan,nan,nan,nan,nan,nan
17077,1,4,5,1,0,1,0,777,0,0,0,0,0,0,1,nan,nan,nan,nan,nan,nan,nan
17078,1,4,5,0,1,0,0,777,0,0,0,0,0,0,0,nan,nan,nan,12.517785186886613,nan,25.714865928617655,nan
17079,1,5,5,0,1,0,0,777,0,0,0,0,0,0,0,17.10904499762546,nan,nan,nan,nan,nan,nan
17080,1,5,5,0,1,0,0,777,0,0,0,0,0,0,0,nan,nan,nan,nan,nan,nan,nan
17081,1,5,5,0,1,0,0,777,0,0,0,0,0,0,0,nan,nan,nan,nan,nan,nan,nan
17082,1,5,5,0,1,0,0,777,0,0,0,0,0,0,0,nan,nan,nan,nan,nan,nan,nan
17083,1,5,5,0,1,0,0,777,0,0,0,0,0,0,0,nan,nan,nan,nan,nan,nan,nan
17084,1,5,5,0,1,0,0,777,0,0,0,0,0,0,0,nan,nan,nan,nan,nan,nan,nan
17085,1,5,5,0,1,0,0,777,0,0,0,0,0,0,0,nan,nan,nan,nan,nan,nan,nan
17086,1,5,5,0,1,0,0,777,0,0,0,0,0,0,0,nan,nan,nan,nan,nan,nan,nan
17087,1,5,5,0,1,0,0,777,0,0,0,0,0,0,0,nan,nan,nan,nan,nan,nan,nan
17088,1,5,5,0,1,0,1,777,0,0,0,0,0,1,0,nan,nan,nan,nan,nan,10.400332551434985,nan
17089,1,5,4,1,1,0,1,777,0,0,0,0,0,1,0,nan,nan,23.700056649093312,nan,nan,nan,nan
17090,1,4,5,1,1,0,1,777,0,0,0,0,0,1,0,nan,28.30305661771854,nan,nan,nan,nan,nan
17091,1,4,5,1,0,0,1,777,0,0,0,0,0,0,0,nan,nan,nan,nan,17.971937146234268,nan,nan
17092,1,4,5,1,0,0,1,777,0,0,0,0,0,0,0,nan,nan,nan,nan,nan,nan,nan
17093,1,4,5,1,0,0,1,777,0,0,0,0,0,0,0,nan,nan,nan,nan,nan,nan,nan
17094,1,4,5,1,0,0,0,778,0,0,0,0,0,0,0,nan,nan,nan,nan,nan,nan,28.735101210932044
17095,1,4,5,1,0,0,0,778,0,0,0,0,0,0,0,nan,nan,nan,nan,nan,nan,nan
17096,1,4,5,1,0,0,0,778,0,0,0,0,0,0,0,nan,nan,nan,nan,nan,nan,nan
17097,1,5,5,1,0,0,0,778,0,0,0,0,0,0,0,17.981054777897953,nan,nan,nan,nan,nan,nan
17098,1,5,5,1,0,0,0,778,0,0,0,0,0,0,0,nan,nan,nan,nan,nan,nan,nan
17099,1,5,5,1,0,0,0,778,0,0,0,0,0,0,0,nan,nan,nan,nan,nan,nan,nan
17100,1,5,5,1,0,0,0,778,0,0,0,0,0,0,0,nan,nan,nan,nan,nan,nan,nan
17101,1,5,5,1,0,0,0,778,0,0,0,0,0,0,0,nan,nan,nan,nan,nan,nan,nan
17102,1,5,4,1,1,0,0,778,0,0,0,0,0,0,0,nan,nan,13.052272754463047,23.744842831827555,nan,nan,nan
17103,1,5,4,1,1,0,0,779,0,0,0,0,0,0,1,nan,nan,nan,nan,nan,nan,9.270641082406655
17104,1,5,4,1,1,0,0,779,0,0,0,0,0,0,1,nan,nan,nan,nan,nan,nan,nan
17105,1,5,4,1,1,0,0,779,0,0,0,0,0,0,1,nan,nan,nan,nan,nan,nan,nan
17106,1,5,4,1,1,0,0,779,0,0,0,0,0,0,1,nan,nan,nan,nan,nan,nan,nan
17107,1,5,4,1,1,0,0,779,0,0,0,0,0,0,1,nan,nan,nan,nan,nan,nan,nan
17108,1,5,4,1,1,0,0,779,0,0,0,0,0,0,1,nan,nan,nan,nan,nan,nan,nan
17109,1,5,4,1,1,0,0,779,0,0,0,0,0,0,1,nan,nan,nan,nan,nan,nan,nan
17110,1,4,5,1,1,0,0,779,0,0,0,0,0,0,1,nan,20.470063915305218,nan,nan,nan,nan,nan
17111,1,4,5,1,1,0,0,779,0,0,0,0,0,0,1,nan,nan,nan,nan,nan,nan,nan
17112,1,4,5,1,1,0,0,779,0,0,0,0,0,0,1,nan,nan,nan,nan,nan,nan,nan
17113,1,4,5,1,1,0,0,779,0,0,0,0,0,0,1,nan,nan,nan,nan,nan,nan,nan
17114,1,4,5,0,2,0,0,779,0,0,0,0,0,0,1,nan,nan,nan,12.208363425877906,nan,nan,nan
17115,1,5,5,0,2,0,0,779,0,0,0,0,0,0,1,18.174831337761134,nan,nan,nan,nan,nan,nan
17116,1,5,5,0,2,0,0,779,0,0,0,0,0,1,0,nan,nan,nan,nan,nan,27.64759816343576,nan
17117,1,5,5,0,2,0,0,779,0,0,0,0,0,1,0,nan,nan,nan,nan,nan,nan,nan
17118,1,5,5,0,1,0,0,779,0,0,0,0,0,0,0,nan,nan,nan,nan,26.580711690552562,nan,nan
17119,1,5,5,0,1,0,0,779,0,0,0,0,0,0,0,nan,nan,nan,nan,nan,nan,nan
17120,1,5,5,0,1,0,0,779,0,0,0,0,0,0,0,nan,nan,nan,nan,nan,nan,nan
17121,1,5,5,0,1,0,0,779,0,0,0,0,0,0,0,nan,nan,nan,nan,nan,nan,nan
17122,1,5,5,0,1,0,0,779,0,0,0,0,0,0,0,nan,nan,nan,nan,nan,nan,nan
17123,1,5,5,0,1,0,0,779,0,0,0,0,0,0,0,nan,nan,nan,nan,nan,nan,nan
17124,1,5,5,0,1,0,0,779,0,0,0,0,0,0,0,nan,nan,nan,nan,nan,nan,nan
17125,1,5,5,0,1,0,0,779,0,0,0,0,0,0,0,nan,nan,nan,nan,nan,nan,nan
17126,1,5,5,0,2,0,0,779,0,0,0,1,0,0,0,nan,nan,nan,11.401153928120038,nan,nan,nan
17127,1,5,4,0,2,0,0,779,0,0,0,0,0,0,0,nan,nan,24.73552199241385,nan,nan,nan,nan
17128,1,5,4,0,2,0,0,779,0,0,0,0,0,0,0,nan,nan,nan,nan,nan,nan,nan
17129,1,5,4,0,2,0,0,779,0,0,0,0,0,0,0,nan,nan,nan,nan,nan,nan,nan
17130,1,5,4,0,2,0,0,779,0,0,0,0,0,0,0,nan,nan,nan,nan,nan,nan,nan
17131,1,5,4,0,2,0,0,779,0,0,0,0,0,0,0,nan,nan,nan,nan,nan,nan,nan
17132,1,5,5,0,2,0,0,779,0,0,0,0,0,0,0,16.437838820660545,21.49969589252214,nan,nan,nan,nan,nan
17133,1,5,5,0,2,0,0,779,0,0,0,0,0,0,0,nan,nan,nan,nan,nan,nan,nan
17134,1,5,5,0,1,1,0,779,0,0,0,0,0,0,0,nan,nan,nan,nan,16.499442970995005,nan,nan
17135,1,5,5,0,1,1,0,779,0,0,0,0,0,0,0,nan,nan,nan,nan,nan,nan,nan
17136,1,5,5,0,1,1,0,779,0,0,0,0,0,0,0,nan,nan,nan,nan,nan,nan,nan
17137,1,5,5,0,1,1,0,779,0,0,0,0,0,0,0,nan,nan,nan,nan,nan,nan,nan
17138,1,5,5,0,1,1,0,779,0,0,0,0,0,0,0,nan,nan,nan,nan,nan,nan,nan
17139,1,5,5,0,1,1,0,779,0,0,0,0,0,0,0,nan,nan,nan,nan,nan,nan,nan
17140,1,5,5,0,1,0,1,779,0,0,0,0,0,0,0,nan,nan,nan,nan,nan,23.919540175647853,nan
17141,1,5,5,0,1,0,1,779,0,0,0,0,0,0,0,nan,nan,nan,nan,nan,nan,nan
17142,1,5,5,0,1,0,1,779,0,0,0,0,0,0,0,nan,nan,nan,nan,nan,nan,nan
17143,1,5,5,0,1,0,1,779,0,0,0,0,0,0,0,nan,nan,nan,nan,nan,nan,nan
17144,1,5,5,0,1,0,1,779,0,0,0,0,0,0,0,nan,nan,nan,nan,nan,nan,nan
17145,1,5,4,1,1,0,1,779,0,0,0,0,0,0,0,nan,nan,18.753542814458342,nan,nan,nan,nan
17146,1,5,4,1,1,0,1,779,0,0,0,0,0,0,0,nan,nan,nan,nan,nan,nan,nan
17147,1,4,5,0,2,0,1,779,0,0,0,0,0,0,0,nan,15.295082543721946,nan,21.075232950166537,nan,nan,nan
17148,1,5,5,0,2,0,1,779,0,0,0,0,0,0,0,15.874184743086516,nan,nan,nan,nan,nan,nan
17149,1,5,5,0,2,0,1,779,0,0,0,0,0,0,0,nan,nan,nan,nan,nan,nan,nan
17150,1,5,5,0,2,0,0,780,0,0,0,0,0,0,0,nan,nan,nan,nan,nan,nan,46.82416569689303
17151,1,5,5,0,2,0,0,780,0,0,0,0,0,0,0,nan,nan,nan,nan,nan,nan,nan
17152,1,5,5,0,2,0,0,780,0,0,0,0,0,0,0,nan,nan,nan,nan,nan,nan,nan
17153,1,5,5,0,1,1,0,780,0,0,0,0,0,0,0,nan,nan,nan,nan,18.710543703175063,nan,nan
17154,1,5,5,0,1,1,0,780,0,0,0,0,0,0,0,nan,nan,nan,nan,nan,nan,nan
17155,1,5,5,0,1,1,0,780,0,0,0,0,0,0,0,nan,nan,nan,nan,nan,nan,nan
17156,1,5,5,0,1,1,0,780,0,0,0,0,0,0,0,nan,nan,nan,nan,nan,nan,nan
17157,1,5,5,0,1,0,1,780,0,0,0,0,0,0,0,nan,nan,nan,nan,nan,16.822799967492756,nan
17158,1,5,5,0,1,0,1,780,0,0,0,0,0,0,0,nan,nan,nan,nan,nan,nan,nan
17159,1,5,5,0,1,0,1,780,0,0,0,0,0,0,0,nan,nan,nan,nan,nan,nan,nan
17160,1,5,5,0,1,0,1,780,0,2,0,0,0,0,0,nan,13.611639453247335,nan,nan,nan,nan,nan
17161,1,5,5,0,1,0,1,780,0,2,0,0,0,0,0,nan,nan,nan,nan,nan,nan,nan
17162,1,5,5,0,1,0,1,780,0,2,0,0,0,0,0,nan,nan,nan,nan,nan,nan,nan
17163,1,5,5,0,1,0,0,781,0,2,0,0,0,0,0,nan,nan,nan,nan,nan,nan,12.7096507132228
17164,1,5,5,0,1,0,0,781,0,2,0,0,0,0,0,nan,nan,nan,nan,nan,nan,nan
17165,1,5,5,0,1,0,0,781,2,2,0,0,0,0,0,17.153572010571224,nan,nan,nan,nan,nan,nan
17166,1,5,5,0,1,0,0,781,2,2,0,0,0,0,0,nan,nan,nan,nan,nan,nan,nan
17167,1,5,5,0,1,0,0,781,2,2,0,0,0,0,0,nan,nan,nan,nan,nan,nan,nan
17168,1,5,5,0,0,1,0,781,2,2,0,0,0,0,0,nan,nan,nan,nan,15.299780008761445,nan,nan
17169,1,5,5,0,0,1,0,781,2,2,0,0,0,0,0,nan,nan,nan,nan,nan,nan,nan
17170,1,5,5,0,0,1,0,781,2,2,0,0,0,0,0,nan,nan,nan,nan,nan,nan,nan
17171,1,5,5,0,0,1,0,781,2,2,0,0,0,0,0,nan,nan,nan,nan,nan,nan,nan
17172,1,5,5,0,0,1,0,781,2,2,0,0,0,0,0,nan,nan,nan,nan,nan,nan,nan
17173,1,5,5,0,0,0,1,781,2,2,0,0,0,0,0,nan,nan,nan,nan,nan,16.54445130440945,nan
17174,1,5,5,0,0,0,1,781,2,2,0,0,0,0,0,nan,nan,nan,nan,nan,nan,nan
17175,1,5,5,0,0,0,1,781,2,2,0,0,0,0,0,nan,nan,nan,nan,nan,nan,nan
17176,1,5,5,0,0,0,1,781,2,2,0,0,0,0,0,nan,nan,nan,nan,nan,nan,nan
17177,1,5,5,0,0,0,0,782,2,2,0,0,0,0,0,nan,nan,nan,nan,nan,nan,13.57567300608207
17178,1,5,5,0,0,0,0,782,2,2,0,0,0,0,0,nan,nan,nan,nan,nan,nan,nan
17179,1,5,5,0,0,0,0,782,2,2,0,0,0,0,0,nan,nan,nan,nan,nan,nan,nan
17180,1,5,5,0,0,0,0,782,2,2,0,0,0,0,0,nan,nan,nan,nan,nan,nan,nan
17181,1,5,5,0,0,0,0,782,2,2,0,0,0,0,0,nan,nan,nan,nan,nan,nan,nan
17182,1,5,5,0,0,0,0,782,2,2,0,0,0,0,0,nan,nan,nan,nan,nan,nan,nan
17183,1,5,5,1,0,0,0,782,0,0,0,0,0,0,0,nan,nan,37.446835635986645,nan,nan,nan,nan
17184,1,5,5,1,0,0,0,782,0,0,0,0,0,0,0,nan,nan,nan,nan,nan,nan,nan
17185,1,5,5,1,0,0,0,782,0,0,0,0,0,0,0,nan,nan,nan,nan,nan,nan,nan
17186,1,5,5,1,0,0,0,782,0,0,0,0,0,0,0,nan,nan,nan,nan,nan,nan,nan
17187,1,5,5,1,0,0,0,782,0,0,0,0,0,0,0,nan,nan,nan,nan,nan,nan,nan
17188,1,5,5,0,1,0,0,782,0,0,0,0,0,0,0,nan,nan,nan,40.844857515319745,nan,nan,nan
17189,1,5,5,0,1,0,0,782,0,0,0,0,0,0,0,nan,nan,nan,nan,nan,nan,nan
17190,1,5,5,0,1,0,0,782,0,0,0,0,0,0,0,nan,nan,nan,nan,nan,nan,nan
17191,1,5,5,0,1,0,0,782,0,0,0,0,0,0,0,nan,nan,nan,nan,nan,nan,nan
17192,1,5,5,0,1,0,0,782,0,0,0,0,0,0,0,nan,nan,nan,nan,nan,nan,nan
17193,1,5,5,0,1,0,0,783,0,0,0,0,0,1,0,nan,nan,nan,nan,nan,19.388228782623628,16.902299524223054
17194,1,5,5,0,1,0,0,783,0,0,0,0,0,1,0,nan,nan,nan,nan,nan,nan,nan
17195,1,5,5,0,1,0,0,783,0,0,0,0,0,1,0,nan,nan,nan,nan,nan,nan,nan
17196,1,5,5,0,1,0,0,783,2,0,0,0,0,1,0,31.3899309142289,nan,nan,nan,nan,nan,nan
17197,1,5,5,0,0,0,0,783,2,0,0,0,0,0,0,nan,nan,nan,nan,28.707329966640827,nan,nan
17198,1,5,5,0,0,0,0,783,2,0,0,0,0,0,0,nan,nan,nan,nan,nan,nan,nan
17199,1,5,5,0,0,0,0,783,2,0,0,0,0,0,0,nan,nan,nan,nan,nan,nan,nan
17200,1,5,5,0,0,0,0,783,2,0,0,0,0,0,0,nan,nan,nan,nan,nan,nan,nan
17201,1,5,5,0,0,0,0,783,2,0,0,0,0,0,0,nan,nan,nan,nan,nan,nan,nan
17202,1,5,5,0,0,0,0,783,2,0,0,0,0,0,0,nan,nan,nan,nan,nan,nan,nan
17203,1,5,5,0,0,0,0,783,2,0,0,0,0,0,0,nan,nan,nan,nan,nan,nan,nan
17204,1,5,5,0,0,0,0,783,2,0,0,0,0,0,0,nan,nan,nan,nan,nan,nan,nan
17205,1,5,5,0,0,0,0,783,2,0,0,0,0,0,0,nan,nan,nan,nan,nan,nan,nan
17206,1,5,5,0,0,0,0,783,2,0,0,0,0,0,0,nan,nan,nan,nan,nan,nan,nan
17207,1,5,5,0,0,1,0,783,2,0,0,1,0,0,0,nan,nan,nan,19.589482311010215,10.19371919443438,nan,nan
17208,1,5,4,0,0,1,0,783,2,0,0,0,0,0,0,nan,nan,25.4625620456427,nan,nan,nan,nan
17209,1,5,4,0,0,1,0,783,2,0,0,0,0,0,0,nan,nan,nan,nan,nan,nan,nan
17210,1,5,4,0,0,1,0,783,2,0,0,0,0,0,0,nan,nan,nan,nan,nan,nan,nan
17211,1,5,4,0,0,1,0,783,2,0,0,0,0,0,0,nan,nan,nan,nan,nan,nan,nan
17212,1,5,4,0,0,1,0,783,2,0,0,0,0,0,0,nan,nan,nan,nan,nan,nan,nan
17213,1,5,4,0,0,1,0,783,2,0,0,0,0,0,0,nan,nan,nan,nan,nan,nan,nan
17214,1,5,4,0,0,0,1,783,2,0,0,0,0,0,0,nan,nan,nan,nan,nan,21.323181874387956,nan
17215,1,5,4,0,0,0,1,783,2,0,0,0,0,0,0,nan,nan,nan,nan,nan,nan,nan
17216,1,5,5,0,0,0,1,783,0,0,0,0,0,0,0,nan,55.29908815735325,nan,nan,nan,nan,nan
17217,1,5,5,0,0,0,1,783,0,0,0,0,0,0,0,nan,nan,nan,nan,nan,nan,nan
17218,1,5,5,0,0,0,1,783,0,0,0,0,0,0,0,nan,nan,nan,nan,nan,nan,nan
17219,1,5,5,0,0,0,1,783,0,0,0,0,0,0,0,nan,nan,nan,nan,nan,nan,nan
17220,1,5,5,0,0,0,0,784,0,0,0,0,0,0,0,nan,nan,nan,nan,nan,nan,26.39205904226401
17221,1,5,5,0,0,0,0,784,0,0,0,0,0,0,0,nan,nan,nan,nan,nan,nan,nan
17222,1,5,5,0,0,0,0,784,0,0,0,0,0,0,0,nan,nan,nan,nan,nan,nan,nan
17223,1,5,5,0,0,0,0,784,0,0,0,0,0,0,0,nan,nan,nan,nan,nan,nan,nan
17224,1,5,5,0,0,1,0,784,0,0,0,0,1,0,0,nan,nan,nan,nan,16.437815370929457,nan,nan
17225,1,5,5,0,0,1,0,784,0,0,0,0,1,0,0,nan,nan,nan,nan,nan,nan,nan
17226,1,5,4,1,0,1,0,784,0,0,0,0,1,0,0,nan,nan,17.29174300363593,nan,nan,nan,nan
17227,1,5,4,1,0,1,0,784,0,0,0,0,1,0,0,nan,nan,nan,nan,nan,nan,nan
17228,1,5,4,1,0,1,0,784,0,0,0,0,1,0,0,nan,nan,nan,nan,nan,nan,nan
17229,1,5,4,1,0,1,0,784,0,0,0,0,1,0,0,nan,nan,nan,nan,nan,nan,nan
17230,1,5,4,1,0,1,0,784,0,0,0,0,1,0,0,nan,nan,nan,nan,nan,nan,nan
17231,1,5,4,0,0,1,0,784,0,0,0,0,0,0,0,nan,nan,nan,23.711805716466188,nan,nan,nan
17232,1,5,4,0,0,0,1,784,0,0,0,0,0,0,0,nan,nan,nan,nan,nan,17.588755099499394,nan
17233,1,5,4,0,0,0,1,784,0,0,0,0,0,0,0,nan,nan,nan,nan,nan,nan,nan
17234,1,5,4,0,0,0,1,784,0,0,0,0,0,0,0,nan,nan,nan,nan,nan,nan,nan
17235,1,5,4,0,0,0,1,784,0,0,0,0,0,0,0,nan,nan,nan,nan,nan,nan,nan
17236,1,5,4,0,0,0,1,784,0,0,0,0,0,0,0,nan,nan,nan,nan,nan,nan,nan
17237,1,4,5,0,0,0,1,784,0,0,0,0,0,0,0,nan,21.2926238081709,nan,nan,nan,nan,nan
17238,1,5,5,0,0,0,1,784,0,0,0,0,0,0,0,41.30856296525235,nan,nan,nan,nan,nan,nan
17239,1,5,5,0,0,0,1,784,0,0,0,0,0,0,0,nan,nan,nan,nan,nan,nan,nan
17240,1,5,5,0,0,0,0,785,0,0,0,0,0,0,0,nan,nan,nan,nan,nan,nan,20.580116728040593
17241,1,5,5,0,0,0,0,785,0,0,0,0,0,0,0,nan,nan,nan,nan,nan,nan,nan
17242,1,5,5,0,0,1,0,785,0,0,0,0,1,0,0,nan,nan,nan,nan,18.00850843734952,nan,nan
17243,1,5,5,0,0,1,0,785,0,0,0,1,0,0,0,nan,nan,nan,11.927863489458105,nan,nan,nan
17244,1,5,4,0,0,0,1,785,0,0,0,0,0,0,0,nan,nan,18.45153182508875,nan,nan,12.102485075338336,nan
17245,1,5,4,0,0,0,1,785,0,0,0,0,0,0,0,nan,nan,nan,nan,nan,nan,nan
17246,1,5,4,0,0,0,1,785,0,0,0,0,0,0,0,nan,nan,nan,nan,nan,nan,nan
17247,1,5,4,0,0,0,1,785,0,0,0,0,0,0,0,nan,nan,nan,nan,nan,nan,nan
17248,1,5,4,0,0,0,1,785,0,0,0,0,0,0,0,nan,nan,nan,nan,nan,nan,nan
17249,1,5,4,0,0,0,1,785,0,0,0,0,0,0,0,nan,nan,nan,nan,nan,nan,nan
17250,1,5,4,0,0,0,1,785,2,0,0,0,0,0,0,12.4795019262383,nan,nan,nan,nan,nan,nan
17251,1,5,4,0,0,0,1,785,2,0,0,0,0,0,0,nan,nan,nan,nan,nan,nan,nan
17252,1,5,4,0,0,0,1,785,2,0,0,0,0,0,0,nan,nan,nan,nan,nan,nan,nan
17253,1,5,4,0,0,0,1,785,2,0,0,0,0,0,0,nan,nan,nan,nan,nan,nan,nan
17254,1,5,4,0,0,0,1,785,2,0,0,0,0,0,0,nan,nan,nan,nan,nan,nan,nan
17255,1,5,4,0,0,0,1,785,2,0,0,0,0,0,0,nan,nan,nan,nan,nan,nan,nan
17256,1,5,4,0,0,0,1,785,2,0,0,0,0,0,0,nan,nan,nan,nan,nan,nan,nan
17257,1,5,4,0,0,1,1,785,0,0,0,0,0,0,0,nan,19.44559769258194,12.895978722404834,13.823640249949676,15.196474863852927,nan,nan
17258,1,5,4,0,0,1,1,785,0,0,0,0,0,0,0,nan,nan,nan,nan,nan,nan,nan
17259,1,5,4,0,0,1,1,785,0,0,0,0,0,0,0,nan,nan,nan,nan,nan,nan,nan
17260,1,5,4,0,0,1,1,785,0,0,0,0,0,0,0,nan,nan,nan,nan,nan,nan,nan
17261,1,5,4,0,0,1,1,785,0,0,0,0,0,0,0,nan,nan,nan,nan,nan,nan,nan
17262,1,5,4,0,0,0,1,786,0,0,0,0,0,0,0,nan,nan,nan,nan,nan,18.511452777936938,21.951557774624234
17263,1,5,4,0,0,0,1,786,0,0,0,0,0,0,0,nan,nan,nan,nan,nan,nan,nan
17264,1,5,4,0,0,0,1,786,0,0,0,0,0,0,0,nan,nan,nan,nan,nan,nan,nan
17265,1,5,4,0,0,0,1,786,0,0,0,0,0,0,0,nan,nan,nan,nan,nan,nan,nan
17266,1,5,4,0,0,0,1,786,0,0,0,0,0,0,0,nan,nan,nan,nan,nan,nan,nan
17267,1,5,4,0,0,0,1,786,0,0,0,0,0,0,0,nan,nan,nan,nan,nan,nan,nan
17268,1,5,4,0,0,1,1,786,0,0,0,0,1,0,0,nan,nan,nan,nan,10.701774650373409,nan,nan
17269,1,5,4,0,0,1,1,786,0,0,0,0,1,0,0,nan,nan,nan,nan,nan,nan,nan
17270,1,4,5,0,0,1,1,786,0,0,0,0,1,0,0,nan,13.877249290533655,nan,nan,nan,nan,nan
17271,1,4,5,0,0,1,1,786,0,0,0,0,1,0,0,nan,nan,nan,nan,nan,nan,nan
17272,1,5,5,0,0,1,1,786,0,0,0,0,1,0,0,21.88719092237079,nan,nan,nan,nan,nan,nan
17273,1,5,5,0,0,0,2,786,0,0,0,0,1,0,0,nan,nan,nan,nan,nan,10.892131906864961,nan
17274,1,5,5,0,0,0,2,786,0,0,0,0,1,0,0,nan,nan,nan,nan,nan,nan,nan
17275,1,5,5,0,0,0,2,786,0,0,0,0,1,0,0,nan,nan,nan,nan,nan,nan,nan
17276,1,5,5,0,0,0,2,786,0,0,0,0,1,0,0,nan,nan,nan,nan,nan,nan,nan
17277,1,5,5,0,0,0,2,786,0,0,0,0,1,0,0,nan,nan,nan,nan,nan,nan,nan
17278,1,5,5,0,0,0,1,787,0,0,0,0,1,0,0,nan,nan,nan,nan,nan,nan,16.163195936751436
17279,1,5,5,0,0,0,1,787,0,0,0,0,1,0,0,nan,nan,nan,nan,nan,nan,nan
17280,1,5,5,0,0,0,1,787,0,0,0,0,1,0,0,nan,nan,nan,nan,nan,nan,nan
17281,1,5,4,1,0,0,1,787,2,0,0,0,1,0,0,9.18726866966972,nan,23.661234661230992,nan,nan,nan,nan
17282,1,5,5,0,0,0,1,787,0,0,0,0,0,0,0,nan,11.16596249144277,nan,25.676449048536597,nan,nan,nan
17283,1,5,5,0,0,0,1,787,0,0,0,0,0,0,0,nan,nan,nan,nan,nan,nan,nan
17284,1,5,5,0,0,0,1,787,0,0,0,0,0,0,0,nan,nan,nan,nan,nan,nan,nan
17285,1,5,5,0,0,0,1,787,0,0,0,0,0,0,0,nan,nan,nan,nan,nan,nan,nan
17286,1,5,5,0,0,0,1,787,0,0,0,0,0,0,0,nan,nan,nan,nan,nan,nan,nan
17287,1,5,5,0,0,0,1,787,0,0,0,0,0,0,0,nan,nan,nan,nan,nan,nan,nan
17288,1,5,5,0,0,0,0,788,0,0,0,0,0,0,0,nan,nan,nan,nan,nan,nan,9.696055611009797
17289,1,5,5,0,0,0,0,788,0,0,0,0,0,0,0,nan,nan,nan,nan,nan,nan,nan
17290,1,5,5,0,0,0,0,788,0,0,0,0,0,0,0,nan,nan,nan,nan,nan,nan,nan
17291,1,5,5,0,0,0,0,788,0,0,0,0,0,0,0,nan,nan,nan,nan,nan,nan,nan
17292,1,5,5,0,0,0,0,788,0,0,0,0,0,0,0,nan,nan,nan,nan,nan,nan,nan
17293,1,5,5,0,0,0,0,788,0,0,0,0,0,0,0,nan,nan,nan,nan,nan,nan,nan
17294,1,5,5,0,0,0,0,788,0,0,0,0,0,0,0,nan,nan,nan,nan,nan,nan,nan
17295,1,5,5,0,0,0,0,788,0,2,0,0,0,0,0,nan,13.85282693928093,nan,nan,nan,nan,nan
17296,1,5,5,0,0,0,0,788,0,2,0,0,0,0,0,nan,nan,nan,nan,nan,nan,nan
17297,1,5,5,0,1,0,1,788,0,2,0,1,0,1,0,nan,nan,nan,14.879623868051567,nan,23.896684282215574,nan
17298,1,5,5,0,1,0,1,788,0,2,0,1,0,1,0,nan,nan,nan,nan,nan,nan,nan
17299,1,5,5,0,1,0,1,788,2,2,0,1,0,1,0,17.90586170619281,nan,nan,nan,nan,nan,nan
17300,1,5,5,0,1,0,1,788,2,2,0,1,0,1,0,nan,nan,nan,nan,nan,nan,nan
17301,1,5,5,0,1,0,1,788,2,2,0,1,0,1,0,nan,nan,nan,nan,nan,nan,nan
17302,1,5,5,0,0,0,1,788,2,2,0,1,0,0,0,nan,nan,nan,nan,33.9224429369533,nan,nan
17303,1,5,5,0,0,0,1,788,2,2,0,1,0,0,0,nan,nan,nan,nan,nan,nan,nan
17304,1,5,5,0,0,0,1,788,2,2,0,1,0,0,0,nan,nan,nan,nan,nan,nan,nan
17305,1,5,5,0,0,0,1,788,2,2,0,1,0,0,0,nan,nan,nan,nan,nan,nan,nan
17306,1,5,5,0,0,0,1,788,2,2,0,1,0,0,0,nan,nan,nan,nan,nan,nan,nan
17307,1,5,5,0,0,0,1,788,2,2,0,1,0,0,0,nan,nan,nan,nan,nan,nan,nan
17308,1,5,5,0,0,0,1,788,0,0,0,0,0,0,0,nan,nan,27.249179283946432,nan,nan,nan,nan
17309,1,5,5,0,0,0,1,788,0,0,0,0,0,0,0,nan,nan,nan,nan,nan,nan,nan
17310,1,5,5,0,0,0,1,788,0,0,0,0,0,0,0,nan,nan,nan,nan,nan,nan,nan
17311,1,5,5,0,0,0,0,789,0,0,0,0,0,0,0,nan,nan,nan,nan,nan,nan,22.372914949628466
17312,1,5,5,0,0,0,0,789,0,0,0,0,0,0,0,nan,nan,nan,nan,nan,nan,nan
17313,1,5,5,0,0,0,0,789,0,0,0,0,0,0,0,nan,nan,nan,nan,nan,nan,nan
17314,1,5,5,0,0,0,0,789,0,0,0,0,0,0,0,nan,nan,nan,nan,nan,nan,nan
17315,1,5,5,0,0,0,0,789,0,0,0,0,0,0,0,nan,nan,nan,nan,nan,nan,nan
17316,1,5,5,0,0,0,0,789,0,0,0,0,0,0,0,nan,nan,nan,nan,nan,nan,nan
17317,1,5,5,0,0,0,0,789,0,0,0,0,0,0,0,nan,nan,nan,nan,nan,nan,nan
17318,1,5,5,0,0,0,0,789,0,0,0,0,0,0,0,nan,nan,nan,nan,nan,nan,nan
17319,1,5,5,0,0,0,0,789,0,0,0,0,0,0,0,nan,nan,nan,nan,nan,nan,nan
17320,1,5,5,0,1,0,0,789,0,0,0,1,0,0,0,nan,nan,nan,22.936285642703297,nan,nan,nan
17321,1,5,5,0,1,0,0,789,0,0,0,1,0,0,0,nan,nan,nan,nan,nan,nan,nan
17322,1,5,5,0,1,0,0,789,0,0,0,1,0,0,0,nan,nan,nan,nan,nan,nan,nan
17323,1,5,5,0,1,0,0,789,0,0,0,1,0,0,0,nan,nan,nan,nan,nan,nan,nan
17324,1,5,5,0,0,1,0,789,0,0,0,1,0,0,0,nan,nan,nan,nan,22.321771960465412,nan,nan
17325,1,5,5,0,0,1,0,789,0,0,0,1,0,0,0,nan,nan,nan,nan,nan,nan,nan
17326,1,5,5,0,0,1,0,789,0,2,0,1,0,0,0,nan,30.91921385828755,nan,nan,nan,nan,nan
17327,1,5,5,0,0,1,0,790,0,2,0,1,0,0,1,nan,nan,nan,nan,nan,nan,16.326752455177484
17328,1,5,5,0,0,0,0,790,0,2,0,1,0,0,0,nan,nan,nan,nan,nan,31.250327738573105,nan
17329,1,5,5,0,0,0,0,790,2,2,0,1,0,0,0,29.761281111215794,nan,nan,nan,nan,nan,nan
17330,1,5,5,0,0,0,0,790,2,2,0,1,0,0,0,nan,nan,nan,nan,nan,nan,nan
17331,1,5,5,0,0,0,0,790,2,2,0,1,0,0,0,nan,nan,nan,nan,nan,nan,nan
17332,1,5,5,0,0,0,0,790,2,2,0,1,0,0,0,nan,nan,nan,nan,nan,nan,nan
17333,1,5,5,0,0,0,0,790,2,2,0,1,0,0,0,nan,nan,nan,nan,nan,nan,nan
17334,1,5,5,0,0,0,0,790,2,2,0,1,0,0,0,nan,nan,nan,nan,nan,nan,nan
17335,1,5,5,0,0,0,0,790,2,2,0,1,0,0,0,nan,nan,nan,nan,nan,nan,nan
17336,1,5,5,0,0,0,0,790,2,2,0,1,0,0,0,nan,nan,nan,nan,nan,nan,nan
17337,1,5,5,0,0,0,0,790,2,2,0,1,0,0,0,nan,nan,nan,nan,nan,nan,nan
17338,1,5,5,0,0,0,0,790,0,0,0,0,0,0,0,nan,nan,30.093872671815916,nan,nan,nan,nan
17339,1,5,5,0,0,0,0,790,0,0,0,0,0,0,0,nan,nan,nan,nan,nan,nan,nan
17340,1,5,5,0,0,1,0,790,0,0,0,0,1,0,0,nan,nan,nan,nan,16.55469464698035,nan,nan
17341,1,5,5,0,0,1,0,790,0,0,0,0,1,0,0,nan,nan,nan,nan,nan,nan,nan
17342,1,5,5,0,0,1,0,790,0,0,0,0,1,0,0,nan,nan,nan,nan,nan,nan,nan
17343,1,5,5,0,0,1,0,790,0,0,0,0,1,0,0,nan,nan,nan,nan,nan,nan,nan
17344,1,5,5,0,0,1,0,790,0,0,0,0,1,0,0,nan,nan,nan,nan,nan,nan,nan
17345,1,5,5,0,0,1,0,790,0,0,0,0,1,0,0,nan,nan,nan,nan,nan,nan,nan
17346,1,5,5,0,0,1,0,790,0,0,0,0,1,0,0,nan,nan,nan,nan,nan,nan,nan
17347,1,5,5,0,0,1,0,790,0,0,0,0,1,0,0,nan,nan,nan,nan,nan,nan,nan
17348,1,5,5,0,0,1,0,791,0,0,0,0,1,0,1,nan,nan,nan,nan,nan,nan,21.583435822132742
17349,1,5,5,0,0,0,0,791,0,0,0,0,1,0,0,nan,nan,nan,nan,nan,20.567688441184146,nan
17350,1,5,5,0,0,0,0,791,0,2,0,0,1,0,0,nan,23.69712815947787,nan,nan,nan,nan,nan
17351,1,5,5,0,0,0,0,791,0,2,0,0,1,0,0,nan,nan,nan,nan,nan,nan,nan
17352,1,5,5,0,0,0,0,791,0,2,0,0,1,0,0,nan,nan,nan,nan,nan,nan,nan
17353,1,5,5,0,0,0,0,791,0,2,0,1,0,0,0,nan,nan,nan,32.524993160463055,nan,nan,nan
17354,1,5,5,0,0,0,0,791,0,2,0,1,0,0,0,nan,nan,nan,nan,nan,nan,nan
17355,1,5,5,0,0,0,0,791,0,2,0,1,0,0,0,nan,nan,nan,nan,nan,nan,nan
17356,1,5,5,0,0,0,0,791,0,2,0,1,0,0,0,nan,nan,nan,nan,nan,nan,nan
17357,1,5,5,0,0,0,0,791,0,2,0,1,0,0,0,nan,nan,nan,nan,nan,nan,nan
17358,1,5,5,0,0,0,0,791,0,2,0,1,0,0,0,nan,nan,nan,nan,nan,nan,nan
17359,1,5,5,0,0,0,1,791,0,2,0,1,0,1,0,nan,nan,nan,nan,nan,10.452078035039449,nan
17360,1,5,5,0,0,0,1,791,0,2,0,1,0,1,0,nan,nan,nan,nan,nan,nan,nan
17361,1,5,5,0,0,0,1,791,0,2,0,1,0,1,0,nan,nan,nan,nan,nan,nan,nan
17362,1,5,5,0,0,0,1,791,0,2,0,1,0,1,0,nan,nan,nan,nan,nan,nan,nan
17363,1,5,5,0,0,0,1,791,0,2,0,1,0,1,0,nan,nan,nan,nan,nan,nan,nan
17364,1,5,5,0,0,0,0,792,0,2,0,1,0,1,0,nan,nan,nan,nan,nan,nan,15.624244888240355
17365,1,5,5,0,0,0,0,792,0,2,0,1,0,1,0,nan,nan,nan,nan,nan,nan,nan
17366,1,4,5,0,0,0,0,792,0,0,0,0,0,1,0,nan,nan,27.76179652905921,nan,nan,nan,nan
17367,1,4,5,0,0,0,0,792,0,0,0,0,0,1,0,nan,nan,nan,nan,nan,nan,nan
17368,1,4,5,0,0,0,0,792,0,0,0,0,1,0,0,nan,nan,nan,nan,27.766933159622567,nan,nan
17369,1,4,5,0,0,0,0,792,0,0,0,0,1,0,0,nan,nan,nan,nan,nan,nan,nan
17370,1,4,5,0,0,0,0,792,0,0,0,0,1,0,0,nan,nan,nan,nan,nan,nan,nan
17371,1,4,5,0,0,0,0,792,0,0,0,0,1,0,0,nan,nan,nan,nan,nan,nan,nan
17372,1,4,5,0,0,0,0,792,0,0,0,0,1,0,0,nan,nan,nan,nan,nan,nan,nan
17373,1,4,5,0,0,0,0,792,0,0,0,0,1,0,0,nan,nan,nan,nan,nan,nan,nan
17374,1,4,5,0,0,0,0,792,0,0,0,0,1,0,0,nan,nan,nan,nan,nan,nan,nan
17375,1,4,5,0,0,0,0,792,0,0,0,0,1,0,0,nan,nan,nan,nan,nan,nan,nan
17376,1,5,5,0,0,0,0,792,0,0,0,0,1,0,0,46.79682964070162,nan,nan,nan,nan,nan,nan
17377,1,5,5,0,0,0,0,792,0,0,0,0,1,0,0,nan,nan,nan,nan,nan,nan,nan
17378,1,5,5,0,0,0,0,792,0,0,0,0,1,0,0,nan,nan,nan,nan,nan,nan,nan
17379,1,5,5,0,0,0,0,792,0,0,0,0,1,0,0,nan,nan,nan,nan,nan,nan,nan
17380,1,5,5,0,0,0,0,792,0,0,0,0,1,0,0,nan,nan,nan,nan,nan,nan,nan
17381,1,5,4,0,0,0,0,792,0,0,0,0,0,0,0,nan,nan,15.244629448068736,28.207123406551545,nan,nan,nan
17382,1,5,4,0,0,0,0,792,0,0,0,0,0,0,0,nan,nan,nan,nan,nan,nan,nan
17383,1,5,4,0,0,0,1,792,0,0,0,0,0,1,0,nan,nan,nan,nan,nan,23.710674720758107,nan
17384,1,5,4,0,0,0,1,792,0,0,0,0,0,1,0,nan,nan,nan,nan,nan,nan,nan
17385,1,4,5,0,0,0,1,792,0,0,0,0,0,1,0,nan,34.981743857417314,nan,nan,nan,nan,nan
17386,1,4,5,0,0,0,1,792,0,0,0,0,0,1,0,nan,nan,nan,nan,nan,nan,nan
17387,1,4,5,0,0,0,0,793,0,0,0,0,0,1,0,nan,nan,nan,nan,nan,nan,22.820969629159663
17388,1,4,5,0,0,0,0,793,0,0,0,0,0,1,0,nan,nan,nan,nan,nan,nan,nan
17389,1,4,5,0,0,0,0,793,0,0,0,0,0,1,0,nan,nan,nan,nan,nan,nan,nan
17390,1,5,5,0,0,0,0,793,0,0,0,0,0,1,0,14.653793765271985,nan,nan,nan,nan,nan,nan
17391,1,5,5,0,1,0,0,793,0,0,0,1,0,1,0,nan,nan,nan,9.946124047750345,nan,nan,nan
17392,1,5,5,0,1,0,0,793,0,0,0,1,0,1,0,nan,nan,nan,nan,nan,nan,nan
17393,1,5,5,0,1,0,0,793,0,0,0,1,0,1,0,nan,nan,nan,nan,nan,nan,nan
17394,1,5,5,0,1,0,0,793,0,0,0,1,0,1,0,nan,nan,nan,nan,nan,nan,nan
17395,1,5,5,0,1,0,0,793,0,0,0,1,0,1,0,nan,nan,nan,nan,nan,nan,nan
17396,1,5,5,0,1,0,0,793,0,2,0,1,0,1,0,nan,10.672318471511971,nan,nan,nan,nan,nan
17397,1,4,5,0,1,0,0,793,0,0,0,0,0,1,0,nan,nan,15.90163490951818,nan,nan,nan,nan
17398,1,4,5,0,1,0,0,793,0,0,0,0,0,1,0,nan,nan,nan,nan,nan,nan,nan
17399,1,4,5,0,0,0,0,793,0,0,0,0,0,0,0,nan,nan,nan,nan,30.39007288064022,nan,nan
17400,1,4,5,0,0,0,0,793,0,0,0,0,0,0,0,nan,nan,nan,nan,nan,nan,nan
17401,1,4,5,0,0,0,0,794,0,0,0,0,0,0,1,nan,nan,nan,nan,nan,nan,14.308429401989997
17402,1,4,5,0,0,0,0,794,0,0,0,0,0,0,1,nan,nan,nan,nan,nan,nan,nan
17403,1,4,5,0,0,0,0,794,0,0,0,0,0,0,1,nan,nan,nan,nan,nan,nan,nan
17404,1,4,5,0,0,0,0,794,0,0,0,0,0,0,1,nan,nan,nan,nan,nan,nan,nan
17405,1,4,5,0,0,0,0,794,0,0,0,0,0,0,1,nan,nan,nan,nan,nan,nan,nan
17406,1,4,5,0,0,0,0,794,0,0,0,0,0,0,1,nan,nan,nan,nan,nan,nan,nan
17407,1,4,5,0,0,0,0,794,0,0,0,0,0,0,1,nan,nan,nan,nan,nan,nan,nan
17408,1,4,5,0,0,0,0,794,0,0,0,0,0,0,1,nan,nan,nan,nan,nan,nan,nan
17409,1,4,5,0,0,0,0,794,0,0,0,0,0,0,1,nan,nan,nan,nan,nan,nan,nan
17410,1,4,5,0,0,0,0,794,0,0,0,0,0,0,1,nan,nan,nan,nan,nan,nan,nan
17411,1,4,5,0,1,0,0,794,0,0,0,1,0,0,1,nan,nan,nan,19.977504782793403,nan,nan,nan
17412,1,5,5,0,1,0,0,794,0,0,0,1,0,0,1,21.840996042643383,nan,nan,nan,nan,nan,nan
17413,1,5,5,0,1,0,0,794,0,0,0,1,0,0,1,nan,nan,nan,nan,nan,nan,nan
17414,1,5,5,0,1,0,0,794,0,0,0,1,0,0,1,nan,nan,nan,nan,nan,nan,nan
17415,1,5,5,0,0,1,0,794,0,0,0,1,0,0,1,nan,nan,nan,nan,16.00639946357842,nan,nan
17416,1,5,5,0,0,1,0,794,0,0,0,1,0,0,1,nan,nan,nan,nan,nan,nan,nan
17417,1,5,4,0,0,1,0,794,0,0,0,0,0,0,1,nan,nan,20.223956553480093,nan,nan,nan,nan
17418,1,4,5,0,0,1,0,794,0,0,0,0,0,0,1,nan,22.549604914613155,nan,nan,nan,nan,nan
17419,1,4,5,0,0,1,0,794,0,0,0,0,0,0,1,nan,nan,nan,nan,nan,nan,nan
17420,1,4,5,0,0,0,0,794,0,0,0,0,0,0,0,nan,nan,nan,nan,nan,36.71639126895025,nan
17421,1,4,5,0,0,0,0,794,0,0,0,0,0,0,0,nan,nan,nan,nan,nan,nan,nan
17422,1,4,5,0,0,0,0,794,0,0,0,0,0,0,0,nan,nan,nan,nan,nan,nan,nan
17423,1,4,5,0,0,0,0,794,0,0,0,0,0,0,0,nan,nan,nan,nan,nan,nan,nan
17424,1,4,5,0,0,0,0,794,0,0,0,0,0,0,0,nan,nan,nan,nan,nan,nan,nan
17425,1,4,5,0,0,0,0,794,0,0,0,0,0,0,0,nan,nan,nan,nan,nan,nan,nan
17426,1,4,5,0,0,0,0,794,0,0,0,0,0,0,0,nan,nan,nan,nan,nan,nan,nan
17427,1,4,5,0,1,0,0,794,0,0,0,1,0,0,0,nan,nan,nan,16.5143041172596,nan,nan,nan
17428,1,4,5,0,1,0,0,794,0,0,0,1,0,0,0,nan,nan,nan,nan,nan,nan,nan
17429,1,4,5,0,0,1,0,794,0,0,0,1,0,0,0,nan,nan,nan,nan,14.764316644428618,nan,nan
17430,1,4,5,0,0,1,0,794,0,0,0,1,0,0,0,nan,nan,nan,nan,nan,nan,nan
17431,1,4,5,0,0,1,0,794,0,0,0,1,0,0,0,nan,nan,nan,nan,nan,nan,nan
17432,1,4,5,0,0,1,0,794,0,0,0,1,0,0,0,nan,nan,nan,nan,nan,nan,nan
17433,1,4,5,0,0,1,0,794,0,0,0,1,0,0,0,nan,nan,nan,nan,nan,nan,nan
17434,1,4,5,0,0,1,0,794,0,2,0,1,0,0,0,nan,15.534736389239697,nan,nan,nan,nan,nan
17435,1,4,5,0,0,1,0,794,0,2,0,1,0,0,0,nan,nan,nan,nan,nan,nan,nan
17436,1,4,5,0,0,1,0,794,0,2,0,1,0,0,0,nan,nan,nan,nan,nan,nan,nan
17437,1,5,5,0,0,1,0,794,0,2,0,1,0,0,0,25.29206246722606,nan,nan,nan,nan,nan,nan
17438,1,5,5,0,0,1,0,794,0,2,0,1,0,0,0,nan,nan,nan,nan,nan,nan,nan
17439,1,5,5,0,0,1,0,794,0,2,0,1,0,0,0,nan,nan,nan,nan,nan,nan,nan
17440,1,5,5,0,0,1,0,795,0,2,0,1,0,0,1,nan,nan,nan,nan,nan,nan,38.669100155289925
17441,1,5,5,0,0,1,0,795,0,2,0,1,0,0,1,nan,nan,nan,nan,nan,nan,nan
17442,1,4,5,0,0,0,0,795,0,0,0,0,0,0,0,nan,nan,24.86648177702955,nan,nan,21.84761955724025,nan
17443,1,4,5,0,0,0,0,795,0,0,0,0,0,0,0,nan,nan,nan,nan,nan,nan,nan
17444,1,4,5,0,0,0,0,795,0,0,0,0,0,0,0,nan,nan,nan,nan,nan,nan,nan
17445,1,4,5,0,0,0,0,795,0,0,0,0,0,0,0,nan,nan,nan,nan,nan,nan,nan
17446,1,4,5,0,0,0,0,795,0,0,0,0,0,0,0,nan,nan,nan,nan,nan,nan,nan
17447,1,4,5,0,0,0,0,795,0,0,0,0,0,0,0,nan,nan,nan,nan,nan,nan,nan
17448,1,4,5,0,0,0,0,795,0,0,0,0,0,0,0,nan,nan,nan,nan,nan,nan,nan
17449,1,4,5,0,0,0,0,795,0,0,0,0,0,0,0,nan,nan,nan,nan,nan,nan,nan
17450,1,4,5,0,0,0,0,795,0,0,0,0,0,0,0,nan,nan,nan,nan,nan,nan,nan
17451,1,4,5,0,0,0,0,795,0,0,0,0,0,0,0,nan,nan,nan,nan,nan,nan,nan
17452,1,4,5,0,0,1,0,795,0,0,0,0,1,0,0,nan,nan,nan,nan,22.686657372443733,nan,nan
17453,1,4,5,0,0,0,1,795,0,0,0,0,1,0,0,nan,nan,nan,nan,nan,11.143464927601599,nan
17454,1,5,5,0,0,0,1,795,0,0,0,0,1,0,0,16.562484397250955,nan,nan,nan,nan,nan,nan
17455,1,5,5,0,0,0,1,795,0,0,0,0,1,0,0,nan,nan,nan,nan,nan,nan,nan
17456,1,5,5,0,0,0,1,795,0,2,0,0,1,0,0,nan,22.282080626420793,nan,nan,nan,nan,nan
17457,1,5,5,0,0,0,1,795,0,2,0,0,1,0,0,nan,nan,nan,nan,nan,nan,nan
17458,1,5,5,0,0,0,1,795,0,2,0,0,1,0,0,nan,nan,nan,nan,nan,nan,nan
17459,1,5,5,0,0,0,1,795,0,2,0,0,1,0,0,nan,nan,nan,nan,nan,nan,nan
17460,1,5,5,0,0,0,1,795,0,2,0,0,1,0,0,nan,nan,nan,nan,nan,nan,nan
17461,1,5,5,0,0,0,1,795,0,2,0,0,1,0,0,nan,nan,nan,nan,nan,nan,nan
17462,1,5,5,0,0,0,1,795,0,2,0,0,1,0,0,nan,nan,nan,nan,nan,nan,nan
17463,1,5,5,0,0,0,0,796,0,2,0,0,1,0,0,nan,nan,nan,nan,nan,nan,23.518337775269174
17464,1,5,5,0,0,0,0,796,0,2,0,0,1,0,0,nan,nan,nan,nan,nan,nan,nan
17465,1,4,5,1,0,0,0,796,0,0,0,0,1,0,0,nan,nan,23.07191060783589,nan,nan,nan,nan
17466,1,4,5,1,0,0,0,796,0,0,0,0,1,0,0,nan,nan,nan,nan,nan,nan,nan
17467,1,4,5,0,0,0,0,796,0,0,0,0,0,0,0,nan,nan,nan,39.05051509897385,nan,nan,nan
17468,1,4,5,0,0,0,0,796,0,0,0,0,0,0,0,nan,nan,nan,nan,nan,nan,nan
17469,1,4,5,0,0,0,0,796,0,0,0,0,0,0,0,nan,nan,nan,nan,nan,nan,nan
17470,1,4,5,0,0,0,0,796,0,0,0,0,0,0,0,nan,nan,nan,nan,nan,nan,nan
17471,1,4,5,0,0,0,1,796,0,0,0,0,0,1,0,nan,nan,nan,nan,nan,18.319717353944725,nan
17472,1,4,5,0,0,0,1,796,0,0,0,0,0,1,0,nan,nan,nan,nan,nan,nan,nan
17473,1,4,5,0,0,0,1,796,0,0,0,0,0,1,0,nan,nan,nan,nan,nan,nan,nan
17474,1,4,5,0,0,0,1,796,0,0,0,0,0,1,0,nan,nan,nan,nan,nan,nan,nan
17475,1,4,5,0,0,0,1,796,0,0,0,0,0,1,0,nan,nan,nan,nan,nan,nan,nan
17476,1,5,5,0,0,0,1,796,0,0,0,0,0,1,0,22.216779598584253,nan,nan,nan,nan,nan,nan
17477,1,5,5,0,0,0,1,796,0,0,0,0,0,1,0,nan,nan,nan,nan,nan,nan,nan
17478,1,5,5,0,0,0,1,796,0,0,0,0,1,0,0,nan,nan,nan,nan,25.705395192006108,nan,nan
17479,1,5,5,0,0,0,1,796,0,0,0,0,1,0,0,nan,nan,nan,nan,nan,nan,nan
17480,1,5,5,0,0,0,1,796,0,0,0,0,1,0,0,nan,nan,nan,nan,nan,nan,nan
17481,1,5,5,0,0,0,1,796,0,0,0,0,1,0,0,nan,nan,nan,nan,nan,nan,nan
17482,1,5,5,0,0,0,1,796,0,0,0,0,1,0,0,nan,nan,nan,nan,nan,nan,nan
17483,1,5,5,0,0,0,1,796,0,0,0,0,1,0,0,nan,nan,nan,nan,nan,nan,nan
17484,1,5,5,0,0,0,1,796,0,0,0,0,1,0,0,nan,nan,nan,nan,nan,nan,nan
17485,1,5,5,0,0,0,1,796,0,0,0,0,1,0,0,nan,nan,nan,nan,nan,nan,nan
17486,1,5,5,0,0,0,1,796,0,0,0,1,0,0,0,nan,nan,nan,19.23291344862446,nan,nan,nan
17487,1,5,5,0,0,0,1,796,0,2,0,1,0,0,0,nan,30.578463986672432,nan,nan,nan,nan,nan
17488,1,5,5,0,0,0,1,796,0,2,0,1,0,0,0,nan,nan,nan,nan,nan,nan,nan
17489,1,5,5,0,0,0,1,796,0,2,0,1,0,0,0,nan,nan,nan,nan,nan,nan,nan
17490,1,5,5,0,0,0,0,797,0,2,0,1,0,0,0,nan,nan,nan,nan,nan,nan,26.981395689523197
17491,1,5,5,0,0,0,0,797,0,2,0,1,0,0,0,nan,nan,nan,nan,nan,nan,nan
17492,1,5,5,0,0,0,0,797,0,2,0,1,0,0,0,nan,nan,nan,nan,nan,nan,nan
17493,1,5,5,0,0,0,0,797,0,2,0,1,0,0,0,nan,nan,nan,nan,nan,nan,nan
17494,1,5,5,0,0,0,0,797,0,2,0,1,0,0,0,nan,nan,nan,nan,nan,nan,nan
17495,1,5,5,0,0,0,1,797,0,2,0,1,0,1,0,nan,nan,nan,nan,nan,23.725825543733663,nan
17496,1,5,5,0,0,0,1,797,0,2,0,1,0,1,0,nan,nan,nan,nan,nan,nan,nan
17497,1,5,5,0,0,0,1,797,0,2,0,1,0,1,0,nan,nan,nan,nan,nan,nan,nan
17498,1,5,5,0,0,0,1,797,2,2,0,1,0,1,0,22.122429674280284,nan,nan,nan,nan,nan,nan
17499,1,5,5,0,0,0,1,797,2,2,0,1,1,0,0,nan,nan,nan,nan,21.581968107435387,nan,nan
17500,1,5,5,0,0,0,1,797,2,2,0,1,1,0,0,nan,nan,nan,nan,nan,nan,nan
17501,1,5,5,0,0,0,1,797,2,2,0,1,1,0,0,nan,nan,nan,nan,nan,nan,nan
17502,1,5,5,0,0,0,1,797,2,2,0,1,1,0,0,nan,nan,nan,nan,nan,nan,nan
17503,1,5,5,0,0,0,1,797,2,2,0,1,1,0,0,nan,nan,nan,nan,nan,nan,nan
17504,1,5,5,0,0,0,0,798,0,0,0,0,1,0,0,nan,nan,39.31779445899883,nan,nan,nan,13.421435480981017
17505,1,5,5,0,0,0,0,798,0,0,0,0,1,0,0,nan,nan,nan,nan,nan,nan,nan
17506,1,5,5,0,0,0,0,798,0,0,0,0,1,0,0,nan,nan,nan,nan,nan,nan,nan
17507,1,5,5,0,0,0,0,798,0,0,0,0,1,0,0,nan,nan,nan,nan,nan,nan,nan
17508,1,5,5,0,0,0,0,798,0,0,0,0,1,0,0,nan,nan,nan,nan,nan,nan,nan
17509,1,5,5,0,0,0,0,798,0,0,0,0,1,0,0,nan,nan,nan,nan,nan,nan,nan
17510,1,5,5,0,0,0,0,798,0,0,0,0,1,0,0,nan,nan,nan,nan,nan,nan,nan
17511,1,5,5,0,0,0,0,798,0,0,0,0,1,0,0,nan,nan,nan,nan,nan,nan,nan
17512,1,5,5,0,0,0,0,798,0,0,0,0,1,0,0,nan,nan,nan,nan,nan,nan,nan
17513,1,5,5,0,0,0,0,798,0,0,0,0,1,0,0,nan,nan,nan,nan,nan,nan,nan
17514,1,5,5,0,0,0,0,798,0,0,0,0,1,0,0,nan,nan,nan,nan,nan,nan,nan
17515,1,5,5,0,0,0,0,798,0,0,0,0,1,0,0,nan,nan,nan,nan,nan,nan,nan
17516,1,5,5,0,0,0,0,798,2,0,0,0,1,0,0,17.84889488695626,nan,nan,nan,nan,nan,nan
17517,1,5,5,0,0,0,0,798,2,0,0,0,1,0,0,nan,nan,nan,nan,nan,nan,nan
17518,1,5,5,0,0,0,0,798,2,0,0,0,1,0,0,nan,nan,nan,nan,nan,nan,nan
17519,1,5,5,0,0,0,0,798,2,0,0,0,1,0,0,nan,nan,nan,nan,nan,nan,nan
17520,1,5,5,0,0,0,0,798,2,0,0,1,0,0,0,nan,nan,nan,34.19028491109566,nan,nan,nan
17521,1,5,5,0,0,0,0,799,2,2,0,1,0,0,1,nan,34.12994527339106,nan,nan,nan,nan,17.212661023790133
17522,1,5,5,0,0,0,0,799,2,2,0,1,0,0,1,nan,nan,nan,nan,nan,nan,nan
17523,1,5,5,0,0,0,0,799,2,2,0,1,0,0,1,nan,nan,nan,nan,nan,nan,nan
17524,1,5,5,0,0,0,0,799,2,2,0,1,0,0,1,nan,nan,nan,nan,nan,nan,nan
17525,1,5,5,0,0,0,0,799,2,2,0,1,0,0,1,nan,nan,nan,nan,nan,nan,nan
17526,1,5,5,0,0,0,0,799,2,2,0,1,0,0,1,nan,nan,nan,nan,nan,nan,nan
17527,1,5,5,0,0,0,0,799,2,2,0,1,0,0,1,nan,nan,nan,nan,nan,nan,nan
17528,1,5,5,0,0,0,0,799,2,2,0,1,0,0,1,nan,nan,nan,nan,nan,nan,nan
17529,1,5,5,0,0,0,0,799,0,0,0,0,0,0,1,nan,nan,24.635526169407967,nan,nan,nan,nan
17530,1,5,5,0,0,0,0,799,0,0,0,0,0,0,1,nan,nan,nan,nan,nan,nan,nan
17531,1,5,5,0,0,0,0,799,0,0,0,0,0,0,1,nan,nan,nan,nan,nan,nan,nan
17532,1,5,5,0,0,0,0,799,0,0,0,0,0,0,1,nan,nan,nan,nan,nan,nan,nan
17533,1,5,5,0,0,1,0,799,0,0,0,0,1,0,1,nan,nan,nan,nan,34.059095139869896,nan,nan
17534,1,5,5,0,0,1,0,799,0,0,0,0,1,0,1,nan,nan,nan,nan,nan,nan,nan
17535,1,5,5,0,0,1,0,799,0,0,0,0,1,0,1,nan,nan,nan,nan,nan,nan,nan
17536,1,5,5,0,0,1,0,799,0,0,0,0,1,0,1,nan,nan,nan,nan,nan,nan,nan
17537,1,5,5,0,0,1,0,799,0,0,0,0,1,0,1,nan,nan,nan,nan,nan,nan,nan
17538,1,5,5,0,0,1,0,799,0,0,0,0,1,0,1,nan,nan,nan,nan,nan,nan,nan
17539,1,5,5,0,0,1,0,799,0,0,0,0,1,0,1,nan,nan,nan,nan,nan,nan,nan
17540,1,5,5,0,0,1,0,799,0,0,0,0,1,0,1,nan,nan,nan,nan,nan,nan,nan
17541,1,5,5,0,0,1,0,799,0,0,0,0,1,0,1,nan,nan,nan,nan,nan,nan,nan
17542,1,5,5,0,0,1,0,799,0,0,0,1,0,0,1,nan,nan,nan,21.558543875860778,nan,nan,nan
17543,1,5,5,0,0,0,0,799,0,0,0,1,0,0,0,nan,nan,nan,nan,nan,48.53121674259455,nan
17544,1,5,5,0,0,0,0,799,0,2,0,1,0,0,0,nan,22.91226836308124,nan,nan,nan,nan,nan
17545,1,5,5,0,0,0,0,799,0,2,0,1,0,0,0,nan,nan,nan,nan,nan,nan,nan
17546,1,5,5,0,0,0,0,799,2,2,0,1,0,0,0,30.338975141559786,nan,nan,nan,nan,nan,nan
17547,1,5,5,0,0,0,0,799,2,2,0,1,0,0,0,nan,nan,nan,nan,nan,nan,nan
17548,1,5,5,0,0,0,0,799,2,2,0,1,0,0,0,nan,nan,nan,nan,nan,nan,nan
17549,1,5,5,0,0,0,0,799,2,2,0,1,0,0,0,nan,nan,nan,nan,nan,nan,nan
17550,1,5,5,0,0,0,0,799,2,2,0,1,0,0,0,nan,nan,nan,nan,nan,nan,nan
17551,1,5,5,0,0,0,0,799,2,2,0,1,0,0,0,nan,nan,nan,nan,nan,nan,nan
17552,1,5,5,0,0,0,0,799,2,2,0,1,0,0,0,nan,nan,nan,nan,nan,nan,nan
17553,1,5,5,0,0,0,0,799,2,2,0,1,0,0,0,nan,nan,nan,nan,nan,nan,nan
17554,1,5,5,0,0,0,0,799,2,2,0,1,0,0,0,nan,nan,nan,nan,nan,nan,nan
17555,1,5,5,0,0,0,0,799,2,2,0,1,0,0,0,nan,nan,nan,nan,nan,nan,nan
17556,1,5,5,0,0,0,0,799,2,2,0,1,0,0,0,nan,nan,nan,nan,nan,nan,nan
17557,1,5,5,0,0,0,1,799,2,2,0,1,0,1,0,nan,nan,nan,nan,nan,13.891558327046369,nan
17558,1,5,5,0,0,0,1,799,2,2,0,1,1,0,0,nan,nan,nan,nan,24.888276501769724,nan,nan
17559,1,5,5,0,0,0,1,799,2,2,0,1,1,0,0,nan,nan,nan,nan,nan,nan,nan
17560,1,5,5,0,0,0,1,799,2,2,0,1,1,0,0,nan,nan,nan,nan,nan,nan,nan
17561,1,5,5,0,0,0,1,799,2,2,0,1,1,0,0,nan,nan,nan,nan,nan,nan,nan
17562,1,5,5,0,0,0,1,799,0,0,0,0,1,0,0,nan,nan,32.718129560507805,nan,nan,nan,nan
17563,1,5,5,0,0,0,1,799,0,0,0,0,1,0,0,nan,nan,nan,nan,nan,nan,nan
17564,1,5,5,0,0,0,1,799,0,0,0,0,1,0,0,nan,nan,nan,nan,nan,nan,nan
17565,1,5,5,0,0,0,1,799,0,0,0,0,1,0,0,nan,nan,nan,nan,nan,nan,nan
17566,1,5,5,0,0,0,1,799,0,0,0,0,1,0,0,nan,nan,nan,nan,nan,nan,nan
17567,1,5,5,0,0,0,0,800,0,0,0,0,1,0,0,nan,nan,nan,nan,nan,nan,45.84236862756006
17568,1,5,5,0,0,0,0,800,0,0,0,0,1,0,0,nan,nan,nan,nan,nan,nan,nan
17569,1,5,5,0,0,0,0,800,0,0,0,0,1,0,0,nan,nan,nan,nan,nan,nan,nan
17570,1,5,5,0,0,0,0,800,0,0,0,0,1,0,0,nan,nan,nan,nan,nan,nan,nan
17571,1,5,5,0,0,0,0,800,0,0,0,0,1,0,0,nan,nan,nan,nan,nan,nan,nan
17572,1,5,5,0,0,0,0,800,0,0,0,0,1,0,0,nan,nan,nan,nan,nan,nan,nan
17573,1,5,5,0,0,0,0,800,0,0,0,0,1,0,0,nan,nan,nan,nan,nan,nan,nan
17574,1,5,5,0,0,0,0,800,0,0,0,0,1,0,0,nan,nan,nan,nan,nan,nan,nan
17575,1,5,5,0,0,0,1,800,0,0,0,0,1,1,0,nan,nan,nan,nan,nan,17.533302633128187,nan
17576,1,5,5,0,0,0,1,800,0,0,0,0,1,1,0,nan,nan,nan,nan,nan,nan,nan
17577,1,5,5,0,0,0,1,800,0,0,0,0,1,1,0,nan,nan,nan,nan,nan,nan,nan
17578,1,5,5,0,0,0,1,800,0,2,0,0,1,1,0,nan,34.0930229177211,nan,nan,nan,nan,nan
17579,1,5,5,0,0,0,1,800,0,2,0,0,1,1,0,nan,nan,nan,nan,nan,nan,nan
17580,1,5,5,0,0,0,1,800,0,2,0,0,1,1,0,nan,nan,nan,nan,nan,nan,nan
17581,1,5,5,0,0,0,1,800,0,2,0,1,0,1,0,nan,nan,nan,39.94450058007351,nan,nan,nan
17582,1,5,5,0,0,0,1,800,0,0,0,0,0,1,0,36.00285849387001,nan,20.755243193481874,nan,nan,nan,nan
17583,1,5,5,0,0,0,0,801,0,0,0,0,0,1,0,nan,nan,nan,nan,nan,nan,16.00574168394087
17584,1,5,5,0,0,0,0,801,0,0,0,0,0,1,0,nan,nan,nan,nan,nan,nan,nan
17585,1,5,5,0,0,0,0,801,0,0,0,0,0,1,0,nan,nan,nan,nan,nan,nan,nan
17586,1,5,5,0,0,0,0,801,0,0,0,0,0,1,0,nan,nan,nan,nan,nan,nan,nan
17587,1,5,5,0,0,0,0,801,0,0,0,0,0,1,0,nan,nan,nan,nan,nan,nan,nan
17588,1,5,5,0,0,0,0,801,0,0,0,0,0,1,0,nan,nan,nan,nan,nan,nan,nan
17589,1,5,5,0,0,0,0,801,0,0,0,0,0,1,0,nan,nan,nan,nan,nan,nan,nan
17590,1,5,5,0,0,0,0,801,0,0,0,0,0,1,0,nan,nan,nan,nan,nan,nan,nan
17591,1,5,5,0,0,0,0,801,0,0,0,0,0,1,0,nan,nan,nan,nan,nan,nan,nan
17592,1,5,5,0,0,0,0,801,0,0,0,0,0,1,0,nan,nan,nan,nan,nan,nan,nan
17593,1,5,5,0,0,0,0,801,0,0,0,0,0,1,0,nan,nan,nan,nan,nan,nan,nan
17594,1,5,5,0,0,0,0,801,0,0,0,0,0,1,0,nan,nan,nan,nan,nan,nan,nan
17595,1,5,5,0,1,0,0,802,2,0,0,1,0,1,1,12.587754295876948,nan,nan,13.342764966651885,nan,nan,12.428446321020601
17596,1,5,5,0,1,0,0,802,2,0,0,1,0,1,1,nan,nan,nan,nan,nan,nan,nan
17597,1,5,5,0,1,0,0,802,2,0,0,1,0,1,1,nan,nan,nan,nan,nan,nan,nan
17598,1,5,5,0,1,0,0,802,2,0,0,1,0,1,1,nan,nan,nan,nan,nan,nan,nan
17599,1,5,5,0,1,0,0,802,2,0,0,1,0,1,1,nan,nan,nan,nan,nan,nan,nan
17600,1,5,5,0,1,0,0,802,2,0,0,1,0,1,1,nan,nan,nan,nan,nan,nan,nan
17601,1,5,4,0,0,0,0,802,2,0,0,0,0,0,1,nan,nan,18.96844465533286,nan,42.66307475746726,nan,nan
17602,1,5,4,0,0,0,0,802,2,0,0,0,0,0,1,nan,nan,nan,nan,nan,nan,nan
17603,1,5,4,0,0,0,0,802,2,0,0,0,0,0,1,nan,nan,nan,nan,nan,nan,nan
17604,1,5,4,0,0,0,0,802,2,0,0,0,0,0,1,nan,nan,nan,nan,nan,nan,nan
17605,1,5,4,0,0,0,0,802,2,0,0,0,0,0,1,nan,nan,nan,nan,nan,nan,nan
17606,1,5,4,0,0,0,0,802,2,0,0,0,0,0,1,nan,nan,nan,nan,nan,nan,nan
17607,1,5,4,0,0,0,0,802,2,0,0,0,0,0,1,nan,nan,nan,nan,nan,nan,nan
17608,1,5,4,0,0,0,0,802,2,0,0,0,0,0,1,nan,nan,nan,nan,nan,nan,nan
17609,1,5,4,0,0,0,0,802,2,0,0,0,0,0,1,nan,nan,nan,nan,nan,nan,nan
17610,1,5,4,0,0,0,0,802,2,0,0,0,0,0,1,nan,nan,nan,nan,nan,nan,nan
17611,1,5,4,0,0,0,0,802,2,0,0,0,0,0,1,nan,nan,nan,nan,nan,nan,nan
17612,1,5,4,0,0,1,0,802,2,0,0,0,1,0,1,nan,nan,nan,nan,10.75748808993012,nan,nan
17613,1,5,4,0,0,0,0,802,2,0,0,0,1,0,0,nan,nan,nan,nan,nan,37.92324616250335,nan
17614,1,5,4,0,0,0,0,802,2,0,0,0,1,0,0,nan,nan,nan,nan,nan,nan,nan
17615,1,5,3,1,0,0,0,802,2,0,0,0,1,0,0,nan,nan,14.10549123671808,nan,nan,nan,nan
17616,1,5,3,1,0,0,0,802,2,0,0,0,1,0,0,nan,nan,nan,nan,nan,nan,nan
17617,1,5,3,1,0,0,0,802,2,0,0,0,1,0,0,nan,nan,nan,nan,nan,nan,nan
17618,1,5,3,1,0,0,0,802,2,0,0,0,1,0,0,nan,nan,nan,nan,nan,nan,nan
17619,1,5,3,1,0,0,0,802,2,0,0,0,1,0,0,nan,nan,nan,nan,nan,nan,nan
17620,1,5,3,1,0,0,0,802,2,0,0,0,1,0,0,nan,nan,nan,nan,nan,nan,nan
17621,1,5,4,1,0,0,0,802,0,0,0,0,1,0,0,nan,43.11593629857816,nan,nan,nan,nan,nan
17622,1,5,4,1,0,0,0,802,0,0,0,0,1,0,0,nan,nan,nan,nan,nan,nan,nan
17623,1,5,4,1,0,0,0,802,0,0,0,0,1,0,0,nan,nan,nan,nan,nan,nan,nan
17624,1,5,4,0,0,0,0,803,0,0,0,0,0,0,1,nan,nan,nan,29.58683054899302,nan,nan,28.387736884826154
17625,1,5,4,0,0,0,0,803,0,0,0,0,0,0,1,nan,nan,nan,nan,nan,nan,nan
17626,1,5,4,0,0,0,0,803,0,0,0,0,0,1,0,nan,nan,nan,nan,nan,13.29277671361342,nan
17627,1,5,4,0,0,0,0,803,0,0,0,0,0,1,0,nan,nan,nan,nan,nan,nan,nan
17628,1,5,4,0,0,0,0,803,0,0,0,0,0,1,0,nan,nan,nan,nan,nan,nan,nan
17629,1,5,4,0,0,0,0,803,0,0,0,0,0,1,0,nan,nan,nan,nan,nan,nan,nan
17630,1,5,4,0,0,0,0,803,0,0,0,0,0,1,0,nan,nan,nan,nan,nan,nan,nan
17631,1,5,4,0,0,0,0,803,0,0,0,0,0,1,0,nan,nan,nan,nan,nan,nan,nan
17632,1,5,4,0,0,0,0,803,0,0,0,0,0,1,0,nan,nan,nan,nan,nan,nan,nan
17633,1,4,5,0,0,0,0,803,0,0,0,0,0,1,0,nan,12.038082972943812,nan,nan,nan,nan,nan
17634,1,4,5,0,0,0,0,803,0,0,0,0,0,1,0,nan,nan,nan,nan,nan,nan,nan
17635,1,4,5,0,0,0,0,803,0,0,0,0,0,1,0,nan,nan,nan,nan,nan,nan,nan
17636,1,4,5,0,0,0,0,803,0,0,0,0,0,1,0,nan,nan,nan,nan,nan,nan,nan
17637,1,4,5,0,0,0,0,803,0,0,0,0,0,1,0,nan,nan,nan,nan,nan,nan,nan
17638,1,4,5,0,0,0,0,804,0,0,0,0,0,1,1,nan,nan,nan,nan,nan,nan,14.6915280146859
17639,1,4,5,0,0,0,0,804,0,0,0,0,0,1,1,nan,nan,nan,nan,nan,nan,nan
17640,1,4,5,0,0,0,0,804,0,0,0,0,0,1,1,nan,nan,nan,nan,nan,nan,nan
17641,1,4,5,0,0,0,0,804,0,0,0,0,0,1,1,nan,nan,nan,nan,nan,nan,nan
17642,1,4,5,0,1,0,0,804,0,0,0,1,0,1,1,nan,nan,nan,17.875942312432016,nan,nan,nan
17643,1,5,4,0,1,0,0,804,0,0,0,0,0,1,1,47.867760409902985,nan,27.39553286267983,nan,nan,nan,nan
17644,1,5,4,0,1,0,0,804,0,0,0,0,0,1,1,nan,nan,nan,nan,nan,nan,nan
17645,1,5,4,0,1,0,0,804,0,0,0,0,0,1,1,nan,nan,nan,nan,nan,nan,nan
17646,1,5,4,0,1,0,0,804,0,0,0,0,0,1,1,nan,nan,nan,nan,nan,nan,nan
17647,1,5,4,0,0,0,0,804,0,0,0,0,0,0,1,nan,nan,nan,nan,35.38581899900964,nan,nan
17648,1,5,4,0,0,0,0,804,0,0,0,0,0,0,1,nan,nan,nan,nan,nan,nan,nan
17649,1,5,4,0,0,0,0,804,0,0,0,0,0,0,1,nan,nan,nan,nan,nan,nan,nan
17650,1,5,4,0,0,0,0,804,0,0,0,0,0,0,1,nan,nan,nan,nan,nan,nan,nan
17651,1,5,4,0,0,0,0,804,0,0,0,0,0,0,1,nan,nan,nan,nan,nan,nan,nan
17652,1,5,4,0,0,0,0,804,0,0,0,0,0,0,1,nan,nan,nan,nan,nan,nan,nan
17653,1,5,4,0,0,0,0,804,0,0,0,0,0,0,1,nan,nan,nan,nan,nan,nan,nan
17654,1,5,4,0,0,0,0,804,0,0,0,0,0,0,1,nan,nan,nan,nan,nan,nan,nan
17655,1,5,4,0,0,0,0,804,2,0,0,0,0,0,1,11.83801718491668,nan,nan,nan,nan,nan,nan
17656,1,5,4,0,0,0,0,804,2,0,0,0,0,0,1,nan,nan,nan,nan,nan,nan,nan
17657,1,5,4,0,0,0,0,804,2,0,0,0,0,0,1,nan,nan,nan,nan,nan,nan,nan
17658,1,5,4,0,1,0,0,804,2,0,0,1,0,0,1,nan,nan,nan,16.22559062343862,nan,nan,nan
17659,1,5,4,0,1,0,0,804,2,0,0,1,0,0,1,nan,nan,nan,nan,nan,nan,nan
17660,1,5,4,0,1,0,0,804,2,0,0,1,0,0,1,nan,nan,nan,nan,nan,nan,nan
17661,1,5,4,0,0,1,0,804,2,0,0,1,0,0,1,nan,nan,nan,nan,13.600316775169631,nan,nan
17662,1,5,3,0,0,0,0,804,2,0,0,0,0,0,0,nan,nan,19.29097162140897,nan,nan,35.58365981213501,nan
17663,1,5,3,0,0,0,0,804,2,0,0,0,0,0,0,nan,nan,nan,nan,nan,nan,nan
17664,1,5,3,0,0,0,0,804,2,0,0,0,0,0,0,nan,nan,nan,nan,nan,nan,nan
17665,1,5,3,0,0,0,0,804,2,0,0,0,0,0,0,nan,nan,nan,nan,nan,nan,nan
17666,1,5,3,0,0,0,0,804,2,0,0,0,0,0,0,nan,nan,nan,nan,nan,nan,nan
17667,1,5,3,0,0,0,0,804,2,0,0,0,0,0,0,nan,nan,nan,nan,nan,nan,nan
17668,1,5,3,0,0,0,0,804,2,0,0,0,0,0,0,nan,nan,nan,nan,nan,nan,nan
17669,1,5,3,0,0,0,0,804,2,0,0,0,0,0,0,nan,nan,nan,nan,nan,nan,nan
17670,1,5,4,0,0,0,0,804,0,0,0,0,0,0,0,nan,37.15340927204306,nan,nan,nan,nan,nan
17671,1,5,4,0,0,0,0,804,0,0,0,0,0,0,0,nan,nan,nan,nan,nan,nan,nan
17672,1,5,4,0,0,0,0,804,0,0,0,0,0,0,0,nan,nan,nan,nan,nan,nan,nan
17673,1,5,4,0,0,0,0,804,0,0,0,0,0,0,0,nan,nan,nan,nan,nan,nan,nan
17674,1,5,4,0,0,0,0,804,0,0,0,0,0,0,0,nan,nan,nan,nan,nan,nan,nan
17675,1,5,4,0,0,0,0,804,0,0,0,0,0,0,0,nan,nan,nan,nan,nan,nan,nan
17676,1,5,4,0,0,0,0,804,0,0,0,0,0,0,0,nan,nan,nan,nan,nan,nan,nan
17677,1,5,4,0,0,0,0,804,0,0,0,0,0,0,0,nan,nan,nan,nan,nan,nan,nan
17678,1,5,4,0,0,0,1,804,0,0,0,0,0,1,0,nan,nan,nan,nan,nan,16.369605400719593,nan
17679,1,5,4,0,0,0,1,804,0,0,0,0,0,1,0,nan,nan,nan,nan,nan,nan,nan
17680,1,5,4,0,1,0,1,804,0,0,0,1,0,1,0,nan,nan,nan,21.479084096616134,nan,nan,nan
17681,1,5,4,0,1,0,1,804,0,0,0,1,0,1,0,nan,nan,nan,nan,nan,nan,nan
17682,1,5,4,0,1,0,1,804,0,0,0,1,0,1,0,nan,nan,nan,nan,nan,nan,nan
17683,1,4,5,0,0,0,1,804,0,0,0,1,0,0,0,nan,13.264893485928042,nan,nan,22.121656543411518,nan,nan
17684,1,4,5,0,0,0,1,804,0,0,0,1,0,0,0,nan,nan,nan,nan,nan,nan,nan
17685,1,4,5,0,0,0,1,804,0,0,0,1,0,0,0,nan,nan,nan,nan,nan,nan,nan
17686,1,4,5,0,0,0,1,804,0,0,0,1,0,0,0,nan,nan,nan,nan,nan,nan,nan
17687,1,4,5,0,0,0,1,804,0,0,0,1,0,0,0,nan,nan,nan,nan,nan,nan,nan
17688,1,4,5,0,0,0,1,804,0,0,0,1,0,0,0,nan,nan,nan,nan,nan,nan,nan
17689,1,4,5,0,0,0,1,804,0,0,0,1,0,0,0,nan,nan,nan,nan,nan,nan,nan
17690,1,4,5,0,0,0,0,805,0,0,0,1,0,0,0,nan,nan,nan,nan,nan,nan,51.281373979189084
17691,1,4,5,0,0,0,0,805,0,0,0,1,0,0,0,nan,nan,nan,nan,nan,nan,nan
17692,1,4,5,0,0,0,0,805,0,0,0,1,0,0,0,nan,nan,nan,nan,nan,nan,nan
17693,1,4,5,0,0,0,0,805,0,0,0,1,0,0,0,nan,nan,nan,nan,nan,nan,nan
17694,1,4,5,0,0,0,0,805,0,0,0,1,0,0,0,nan,nan,nan,nan,nan,nan,nan
17695,1,4,5,0,0,0,0,805,0,0,0,1,0,0,0,nan,nan,nan,nan,nan,nan,nan
17696,1,4,5,0,0,0,1,805,0,0,0,1,0,1,0,nan,nan,nan,nan,nan,18.257783808905515,nan
17697,1,4,4,0,0,0,1,805,0,0,0,0,0,1,0,nan,nan,34.57245183600753,nan,nan,nan,nan
17698,1,4,4,0,0,0,1,805,0,0,0,0,0,1,0,nan,nan,nan,nan,nan,nan,nan
17699,1,4,4,0,0,0,1,805,0,0,0,0,0,1,0,nan,nan,nan,nan,nan,nan,nan
17700,1,3,5,0,0,0,1,805,0,0,0,0,1,0,0,nan,16.57007012412214,nan,nan,17.14277062315523,nan,nan
17701,1,4,5,0,0,0,1,805,0,0,0,0,1,0,0,46.20999555848539,nan,nan,nan,nan,nan,nan
17702,1,4,5,0,0,0,1,805,0,0,0,0,1,0,0,nan,nan,nan,nan,nan,nan,nan
17703,1,4,5,0,0,0,1,805,0,0,0,0,1,0,0,nan,nan,nan,nan,nan,nan,nan
17704,1,4,5,0,0,0,1,805,0,0,0,0,1,0,0,nan,nan,nan,nan,nan,nan,nan
17705,1,4,5,0,0,0,1,805,0,0,0,0,1,0,0,nan,nan,nan,nan,nan,nan,nan
17706,1,4,5,0,0,0,0,806,0,0,0,0,1,0,0,nan,nan,nan,nan,nan,nan,15.874914589763648
17707,1,4,5,0,0,0,0,806,0,0,0,0,1,0,0,nan,nan,nan,nan,nan,nan,nan
17708,1,4,5,0,0,0,0,806,0,0,0,0,1,0,0,nan,nan,nan,nan,nan,nan,nan
17709,1,4,5,0,0,0,0,806,0,0,0,0,1,0,0,nan,nan,nan,nan,nan,nan,nan
17710,1,4,5,0,0,0,0,806,0,0,0,0,1,0,0,nan,nan,nan,nan,nan,nan,nan
17711,1,4,5,0,0,0,0,806,0,0,0,0,1,0,0,nan,nan,nan,nan,nan,nan,nan
17712,1,4,5,0,0,0,0,806,0,0,0,0,1,0,0,nan,nan,nan,nan,nan,nan,nan
17713,1,4,5,0,0,0,0,806,0,0,0,0,1,0,0,nan,nan,nan,nan,nan,nan,nan
17714,1,5,5,0,0,0,0,806,0,0,0,0,1,0,0,13.435536506942299,nan,nan,nan,nan,nan,nan
17715,1,5,5,0,0,0,0,806,0,0,0,1,0,0,0,nan,nan,nan,34.99446513541625,nan,nan,nan
17716,1,5,5,0,0,0,0,806,0,0,0,1,0,0,0,nan,nan,nan,nan,nan,nan,nan
17717,1,5,5,0,0,0,0,806,0,0,0,1,0,0,0,nan,nan,nan,nan,nan,nan,nan
17718,1,5,5,0,0,0,0,807,0,2,0,1,0,0,1,nan,18.464747949277807,nan,nan,nan,nan,12.217325473542587
17719,1,5,5,0,0,0,0,807,0,2,0,1,0,0,1,nan,nan,nan,nan,nan,nan,nan
17720,1,5,5,0,0,0,0,807,0,2,0,1,0,0,1,nan,nan,nan,nan,nan,nan,nan
17721,1,5,5,0,0,0,0,807,0,2,0,1,0,0,1,nan,nan,nan,nan,nan,nan,nan
17722,1,5,5,0,0,0,0,807,0,2,0,1,0,0,1,nan,nan,nan,nan,nan,nan,nan
17723,1,5,5,0,0,0,0,807,0,2,0,1,0,0,1,nan,nan,nan,nan,nan,nan,nan
17724,1,5,5,0,0,0,0,807,0,2,0,1,0,0,1,nan,nan,nan,nan,nan,nan,nan
17725,1,4,5,0,0,0,0,807,0,0,0,0,0,0,1,nan,nan,28.246436813529726,nan,nan,nan,nan
17726,1,4,5,0,0,0,0,807,0,0,0,0,0,0,1,nan,nan,nan,nan,nan,nan,nan
17727,1,4,5,0,0,0,0,807,0,0,0,0,0,0,1,nan,nan,nan,nan,nan,nan,nan
17728,1,4,5,0,0,0,0,807,0,0,0,0,0,0,1,nan,nan,nan,nan,nan,nan,nan
17729,1,4,5,0,0,0,0,807,0,0,0,0,0,1,0,nan,nan,nan,nan,nan,32.58097109650407,nan
17730,1,4,5,0,0,0,0,807,0,0,0,0,0,1,0,nan,nan,nan,nan,nan,nan,nan
17731,1,4,5,0,0,0,0,807,0,0,0,0,0,1,0,nan,nan,nan,nan,nan,nan,nan
17732,1,4,5,0,0,0,0,807,0,0,0,0,0,1,0,nan,nan,nan,nan,nan,nan,nan
17733,1,4,5,0,0,0,0,807,0,0,0,0,0,1,0,nan,nan,nan,nan,nan,nan,nan
17734,1,5,5,0,0,0,0,807,0,0,0,0,0,1,0,19.357226978019753,nan,nan,nan,nan,nan,nan
17735,1,5,5,0,0,0,0,807,0,0,0,0,1,0,0,nan,nan,nan,nan,35.4694824623366,nan,nan
17736,1,5,5,0,0,0,0,807,0,0,0,0,1,0,0,nan,nan,nan,nan,nan,nan,nan
17737,1,5,5,0,0,0,0,807,0,2,0,0,1,0,0,nan,18.899976554625027,nan,nan,nan,nan,nan
17738,1,5,5,0,0,0,0,807,0,2,0,0,1,0,0,nan,nan,nan,nan,nan,nan,nan
17739,1,5,5,0,0,0,0,807,0,2,0,1,0,0,0,nan,nan,nan,23.587678872372635,nan,nan,nan
17740,1,5,5,0,0,0,0,807,0,2,0,1,0,0,0,nan,nan,nan,nan,nan,nan,nan
17741,1,5,5,0,0,0,0,807,0,2,0,1,0,0,0,nan,nan,nan,nan,nan,nan,nan
17742,1,5,5,0,0,0,0,807,0,2,0,1,0,0,0,nan,nan,nan,nan,nan,nan,nan
17743,1,5,5,0,0,0,0,807,0,2,0,1,0,0,0,nan,nan,nan,nan,nan,nan,nan
17744,1,4,5,0,0,0,0,807,0,0,0,0,0,0,0,nan,nan,19.210897664157528,nan,nan,nan,nan
17745,1,4,5,0,0,0,0,807,0,0,0,0,0,0,0,nan,nan,nan,nan,nan,nan,nan
17746,1,5,5,0,0,0,0,807,0,0,0,0,0,0,0,12.389536762628268,nan,nan,nan,nan,nan,nan
17747,1,5,5,0,0,0,0,807,0,0,0,0,0,0,0,nan,nan,nan,nan,nan,nan,nan
17748,1,5,5,0,0,0,0,807,0,0,0,0,0,0,0,nan,nan,nan,nan,nan,nan,nan
17749,1,5,5,0,0,0,0,808,0,0,0,0,0,0,1,nan,nan,nan,nan,nan,nan,30.753375715336006
17750,1,5,5,0,0,1,0,808,0,0,0,0,1,0,1,nan,nan,nan,nan,14.6503329125444,nan,nan
17751,1,5,5,0,0,1,0,808,0,0,0,0,1,0,1,nan,nan,nan,nan,nan,nan,nan
17752,1,5,5,0,0,1,0,808,0,0,0,0,1,0,1,nan,nan,nan,nan,nan,nan,nan
17753,1,5,5,0,0,1,0,808,0,0,0,0,1,0,1,nan,nan,nan,nan,nan,nan,nan
17754,1,5,5,0,0,1,0,808,0,0,0,0,1,0,1,nan,nan,nan,nan,nan,nan,nan
17755,1,5,5,0,0,0,0,808,0,0,0,0,1,0,0,nan,nan,nan,nan,nan,26.046066637791228,nan
17756,1,5,5,0,0,0,0,808,0,0,0,0,1,0,0,nan,nan,nan,nan,nan,nan,nan
17757,1,5,5,0,0,0,0,808,0,0,0,0,1,0,0,nan,nan,nan,nan,nan,nan,nan
17758,1,5,5,0,0,0,0,808,2,0,0,0,1,0,0,12.001336816934781,nan,nan,nan,nan,nan,nan
17759,1,5,5,0,0,0,0,808,2,0,0,1,0,0,0,nan,nan,nan,20.101895870386215,nan,nan,nan
17760,1,5,5,0,0,0,0,808,0,0,0,0,0,0,0,nan,22.37381795721012,15.618654906869779,nan,nan,nan,nan
17761,1,5,5,0,0,0,0,808,0,0,0,0,0,0,0,nan,nan,nan,nan,nan,nan,nan
17762,1,5,5,0,0,0,0,808,0,0,0,0,0,0,0,nan,nan,nan,nan,nan,nan,nan
17763,1,5,5,0,0,0,0,808,0,0,0,0,0,0,0,nan,nan,nan,nan,nan,nan,nan
17764,1,5,5,0,0,0,0,808,0,0,0,0,0,0,0,nan,nan,nan,nan,nan,nan,nan
17765,1,5,5,0,0,0,0,808,0,0,0,0,0,0,0,nan,nan,nan,nan,nan,nan,nan
17766,1,5,5,0,0,0,0,808,0,0,0,0,0,0,0,nan,nan,nan,nan,nan,nan,nan
17767,1,5,5,0,0,0,0,808,0,0,0,0,0,0,0,nan,nan,nan,nan,nan,nan,nan
17768,1,5,5,0,0,0,0,808,0,0,0,0,0,0,0,nan,nan,nan,nan,nan,nan,nan
17769,1,5,5,0,0,0,1,808,0,0,0,0,0,1,0,nan,nan,nan,nan,nan,13.81669899309054,nan
17770,1,5,5,0,0,0,1,808,0,0,0,0,0,1,0,nan,nan,nan,nan,nan,nan,nan
17771,1,5,5,0,0,0,1,808,2,0,0,0,0,1,0,12.905856074055919,nan,nan,nan,nan,nan,nan
17772,1,5,5,0,0,0,1,808,2,0,0,0,0,1,0,nan,nan,nan,nan,nan,nan,nan
17773,1,5,5,0,0,0,0,809,2,0,0,0,0,1,0,nan,nan,nan,nan,nan,nan,24.681353225911153
17774,1,5,4,1,0,0,0,809,2,0,0,0,0,1,0,nan,nan,13.876277285227843,nan,nan,nan,nan
17775,1,5,4,1,0,0,0,809,2,0,0,0,1,0,0,nan,nan,nan,nan,24.759174347240332,nan,nan
17776,1,5,4,1,0,0,0,809,2,0,0,0,1,0,0,nan,nan,nan,nan,nan,nan,nan
17777,1,5,4,1,0,0,0,809,2,0,0,0,1,0,0,nan,nan,nan,nan,nan,nan,nan
17778,1,5,4,1,0,0,0,809,2,0,0,0,1,0,0,nan,nan,nan,nan,nan,nan,nan
17779,1,5,4,1,0,0,0,809,2,0,0,0,1,0,0,nan,nan,nan,nan,nan,nan,nan
17780,1,5,4,1,0,0,0,809,2,0,0,0,1,0,0,nan,nan,nan,nan,nan,nan,nan
17781,1,5,4,1,0,0,0,809,2,0,0,0,1,0,0,nan,nan,nan,nan,nan,nan,nan
17782,1,5,4,1,0,0,0,809,2,0,0,0,1,0,0,nan,nan,nan,nan,nan,nan,nan
17783,1,5,4,1,0,0,0,809,2,0,0,0,1,0,0,nan,nan,nan,nan,nan,nan,nan
17784,1,5,4,1,0,0,0,809,2,0,0,0,1,0,0,nan,nan,nan,nan,nan,nan,nan
17785,1,5,4,0,0,0,0,809,2,0,0,0,0,0,0,nan,nan,nan,26.293672914762283,nan,nan,nan
17786,1,5,3,1,0,0,1,809,2,0,0,0,0,1,0,nan,nan,12.791795090626692,nan,nan,17.54648476147122,nan
17787,1,5,3,1,0,0,1,809,2,0,0,0,0,1,0,nan,nan,nan,nan,nan,nan,nan
17788,1,5,3,1,0,0,0,810,2,0,0,0,0,1,0,nan,nan,nan,nan,nan,nan,14.747802212186798
17789,1,5,3,1,0,0,0,810,2,0,0,0,0,1,0,nan,nan,nan,nan,nan,nan,nan
17790,1,5,3,1,0,0,0,810,2,0,0,0,0,1,0,nan,nan,nan,nan,nan,nan,nan
17791,1,5,3,1,0,0,0,810,2,0,0,0,0,1,0,nan,nan,nan,nan,nan,nan,nan
17792,1,5,3,1,0,0,0,810,2,0,0,0,0,1,0,nan,nan,nan,nan,nan,nan,nan
17793,1,5,3,1,0,0,0,810,2,0,0,0,0,1,0,nan,nan,nan,nan,nan,nan,nan
17794,1,5,3,1,0,0,0,810,2,0,0,0,0,1,0,nan,nan,nan,nan,nan,nan,nan
17795,1,5,3,1,0,0,0,810,2,0,0,0,0,1,0,nan,nan,nan,nan,nan,nan,nan
17796,1,5,3,1,0,0,0,810,2,0,0,0,0,1,0,nan,nan,nan,nan,nan,nan,nan
17797,1,5,3,1,0,0,0,810,2,0,0,0,0,1,0,nan,nan,nan,nan,nan,nan,nan
17798,1,5,3,1,0,0,0,810,2,0,0,0,0,1,0,nan,nan,nan,nan,nan,nan,nan
17799,1,5,3,1,0,0,0,810,2,0,0,0,0,1,0,nan,nan,nan,nan,nan,nan,nan
17800,1,5,3,1,0,0,0,810,2,0,0,0,0,1,0,nan,nan,nan,nan,nan,nan,nan
17801,1,5,3,1,0,0,0,810,2,0,0,0,0,1,0,nan,nan,nan,nan,nan,nan,nan
17802,1,5,3,1,0,0,0,810,2,0,0,0,0,1,0,nan,nan,nan,nan,nan,nan,nan
17803,1,5,3,1,0,0,0,810,2,0,0,0,0,1,0,nan,nan,nan,nan,nan,nan,nan
17804,1,5,4,1,0,0,0,810,0,0,0,0,0,1,0,nan,44.259229893941665,nan,nan,nan,nan,nan
17805,1,5,4,1,0,0,0,810,0,0,0,0,0,1,0,nan,nan,nan,nan,nan,nan,nan
17806,1,5,4,1,0,0,0,810,0,0,0,0,0,1,0,nan,nan,nan,nan,nan,nan,nan
17807,1,5,4,1,0,0,0,811,0,0,0,0,0,1,1,nan,nan,nan,nan,nan,nan,18.723174110691616
17808,1,5,4,0,1,0,0,811,0,0,0,0,0,1,1,nan,nan,nan,22.810202435412066,nan,nan,nan
17809,1,5,4,0,0,0,0,811,0,0,0,0,0,0,1,nan,nan,nan,nan,34.17493710482813,nan,nan
17810,1,5,4,0,0,0,0,811,0,0,0,0,0,0,1,nan,nan,nan,nan,nan,nan,nan
17811,1,5,4,0,0,0,0,811,0,0,0,0,0,0,1,nan,nan,nan,nan,nan,nan,nan
17812,1,5,4,0,0,0,0,811,0,0,0,0,0,0,1,nan,nan,nan,nan,nan,nan,nan
17813,1,5,4,0,0,0,0,811,0,0,0,0,0,0,1,nan,nan,nan,nan,nan,nan,nan
17814,1,5,4,0,0,0,0,811,0,0,0,0,0,0,1,nan,nan,nan,nan,nan,nan,nan
17815,1,4,5,0,0,0,0,811,0,0,0,0,0,0,1,nan,11.156179179153696,nan,nan,nan,nan,nan
17816,1,4,5,0,0,0,0,811,0,0,0,0,0,0,1,nan,nan,nan,nan,nan,nan,nan
17817,1,4,5,0,0,0,0,811,0,0,0,0,0,0,1,nan,nan,nan,nan,nan,nan,nan
17818,1,4,5,0,0,0,0,811,0,0,0,0,0,0,1,nan,nan,nan,nan,nan,nan,nan
17819,1,4,4,1,0,0,0,811,0,0,0,0,0,0,1,nan,nan,32.19440576859779,nan,nan,nan,nan
17820,1,5,4,1,0,0,0,811,0,0,0,0,0,0,1,49.31403329384193,nan,nan,nan,nan,nan,nan
17821,1,5,4,1,0,1,0,811,0,0,0,0,1,0,1,nan,nan,nan,nan,11.609447098799137,nan,nan
17822,1,5,4,1,0,1,0,811,0,0,0,0,1,0,1,nan,nan,nan,nan,nan,nan,nan
17823,1,5,4,1,0,1,0,811,0,0,0,0,1,0,1,nan,nan,nan,nan,nan,nan,nan
17824,1,5,4,1,0,1,0,811,0,0,0,0,1,0,1,nan,nan,nan,nan,nan,nan,nan
17825,1,5,4,1,0,1,0,811,0,0,0,0,1,0,1,nan,nan,nan,nan,nan,nan,nan
17826,1,5,4,1,0,1,0,811,0,0,0,0,1,0,1,nan,nan,nan,nan,nan,nan,nan
17827,1,5,4,1,0,0,0,811,0,0,0,0,1,0,0,nan,nan,nan,nan,nan,41.26926118847041,nan
17828,1,4,5,1,0,0,0,811,0,0,0,0,1,0,0,nan,12.800189524688903,nan,nan,nan,nan,nan
17829,1,4,5,1,0,0,0,811,0,0,0,0,1,0,0,nan,nan,nan,nan,nan,nan,nan
17830,1,4,5,0,0,0,0,811,0,0,0,0,0,0,0,nan,nan,nan,22.642861968874058,nan,nan,nan
17831,1,4,5,0,0,0,0,811,0,0,0,0,0,0,0,nan,nan,nan,nan,nan,nan,nan
17832,1,4,5,0,0,0,0,811,0,0,0,0,0,0,0,nan,nan,nan,nan,nan,nan,nan
17833,1,4,5,0,0,0,0,811,0,0,0,0,0,0,0,nan,nan,nan,nan,nan,nan,nan
17834,1,4,5,0,0,0,0,811,0,0,0,0,0,0,0,nan,nan,nan,nan,nan,nan,nan
17835,1,4,5,0,0,0,0,811,0,0,0,0,0,0,0,nan,nan,nan,nan,nan,nan,nan
17836,1,4,5,0,0,0,0,811,0,0,0,0,0,0,0,nan,nan,nan,nan,nan,nan,nan
17837,1,4,5,0,0,0,0,811,0,2,0,0,0,0,0,nan,9.112198943999829,nan,nan,nan,nan,nan
17838,1,4,5,0,0,0,0,811,0,2,0,0,0,0,0,nan,nan,nan,nan,nan,nan,nan
17839,1,4,5,0,0,0,0,811,0,2,0,0,0,0,0,nan,nan,nan,nan,nan,nan,nan
17840,1,5,5,0,0,0,0,812,0,2,0,0,0,0,1,19.397603884586715,nan,nan,nan,nan,nan,32.89067746808723
17841,1,5,5,0,0,0,0,812,0,2,0,0,0,0,1,nan,nan,nan,nan,nan,nan,nan
17842,1,5,5,0,0,0,0,812,0,2,0,0,0,0,1,nan,nan,nan,nan,nan,nan,nan
17843,1,5,5,0,0,0,0,812,0,2,0,0,0,0,1,nan,nan,nan,nan,nan,nan,nan
17844,1,5,5,0,0,0,0,812,0,2,0,0,0,0,1,nan,nan,nan,nan,nan,nan,nan
17845,1,4,5,0,1,0,0,812,0,0,0,0,0,0,1,nan,nan,25.902292882816255,14.737632364118326,nan,nan,nan
17846,1,4,5,0,0,1,0,812,0,0,0,0,0,0,1,nan,nan,nan,nan,25.693424869743467,nan,nan
17847,1,4,5,0,0,1,0,812,0,0,0,0,0,0,1,nan,nan,nan,nan,nan,nan,nan
17848,1,4,5,0,0,1,0,812,0,0,0,0,0,0,1,nan,nan,nan,nan,nan,nan,nan
17849,1,4,5,0,0,1,0,812,0,0,0,0,0,0,1,nan,nan,nan,nan,nan,nan,nan
17850,1,4,5,0,0,0,0,812,0,0,0,0,0,0,0,nan,nan,nan,nan,nan,22.714058414705505,nan
17851,1,4,5,0,0,0,0,812,0,0,0,0,0,0,0,nan,nan,nan,nan,nan,nan,nan
17852,1,4,5,0,0,0,0,812,0,0,0,0,0,0,0,nan,nan,nan,nan,nan,nan,nan
17853,1,4,5,0,0,0,0,812,0,0,0,0,0,0,0,nan,nan,nan,nan,nan,nan,nan
17854,1,4,5,0,0,0,0,812,0,0,0,0,0,0,0,nan,nan,nan,nan,nan,nan,nan
17855,1,4,5,0,0,0,0,812,0,0,0,0,0,0,0,nan,nan,nan,nan,nan,nan,nan
17856,1,4,5,0,0,0,0,812,0,0,0,0,0,0,0,nan,nan,nan,nan,nan,nan,nan
17857,1,4,5,0,0,0,0,812,0,0,0,0,0,0,0,nan,nan,nan,nan,nan,nan,nan
17858,1,4,5,0,0,0,0,812,0,0,0,0,0,0,0,nan,nan,nan,nan,nan,nan,nan
17859,1,4,4,1,0,0,0,812,0,0,0,0,0,0,0,nan,nan,14.617750100234844,nan,nan,nan,nan
17860,1,4,4,1,0,0,0,812,0,0,0,0,0,0,0,nan,nan,nan,nan,nan,nan,nan
17861,1,4,4,0,1,0,0,812,0,0,0,0,0,0,0,nan,nan,nan,15.742406833756831,nan,nan,nan
17862,1,4,4,0,1,0,0,812,0,0,0,0,0,0,0,nan,nan,nan,nan,nan,nan,nan
17863,1,4,4,0,1,0,0,813,0,0,0,0,0,0,1,nan,nan,nan,nan,nan,nan,23.44940890114958
17864,1,3,5,0,1,0,0,813,0,0,0,0,0,0,1,nan,26.7941329790483,nan,nan,nan,nan,nan
17865,1,4,5,0,1,0,0,813,0,0,0,0,0,0,1,25.640130294243136,nan,nan,nan,nan,nan,nan
17866,1,4,5,0,1,0,0,813,0,0,0,0,0,0,1,nan,nan,nan,nan,nan,nan,nan
17867,1,4,5,0,1,0,0,813,0,0,0,0,0,0,1,nan,nan,nan,nan,nan,nan,nan
17868,1,4,5,0,1,0,0,813,0,0,0,0,0,0,1,nan,nan,nan,nan,nan,nan,nan
17869,1,4,5,0,1,0,0,813,0,0,0,0,0,1,0,nan,nan,nan,nan,nan,18.989600054585026,nan
17870,1,4,5,0,0,0,0,813,0,0,0,0,0,0,0,nan,nan,nan,nan,23.327976453645533,nan,nan
17871,1,4,5,0,1,0,0,813,0,0,0,1,0,0,0,nan,nan,nan,10.588943237620697,nan,nan,nan
17872,1,4,4,0,1,0,0,813,0,0,0,0,0,0,0,nan,nan,12.45390600974497,nan,nan,nan,nan
17873,1,4,4,0,1,0,0,813,0,0,0,0,0,0,0,nan,nan,nan,nan,nan,nan,nan
17874,1,4,4,0,1,0,0,813,0,0,0,0,0,0,0,nan,nan,nan,nan,nan,nan,nan
17875,1,4,4,0,1,0,0,813,0,0,0,0,0,0,0,nan,nan,nan,nan,nan,nan,nan
17876,1,3,5,0,1,0,0,813,0,0,0,0,0,0,0,nan,12.296435394910077,nan,nan,nan,nan,nan
17877,1,3,5,0,1,0,0,813,0,0,0,0,0,0,0,nan,nan,nan,nan,nan,nan,nan
17878,1,3,5,0,1,0,0,813,0,0,0,0,0,0,0,nan,nan,nan,nan,nan,nan,nan
17879,1,3,5,0,1,0,0,813,0,0,0,0,0,0,0,nan,nan,nan,nan,nan,nan,nan
17880,1,3,5,0,1,0,0,813,0,0,0,0,0,0,0,nan,nan,nan,nan,nan,nan,nan
17881,1,3,5,0,0,1,0,813,0,0,0,0,0,0,0,nan,nan,nan,nan,11.607809799384995,nan,nan
17882,1,3,5,0,0,1,0,813,0,0,0,0,0,0,0,nan,nan,nan,nan,nan,nan,nan
17883,1,4,5,0,0,1,0,813,0,0,0,0,0,0,0,17.433044827688718,nan,nan,nan,nan,nan,nan
17884,1,4,5,0,0,1,0,814,0,0,0,0,0,0,1,nan,nan,nan,nan,nan,nan,20.490728447672154
17885,1,4,5,0,0,1,0,814,0,0,0,0,0,0,1,nan,nan,nan,nan,nan,nan,nan
17886,1,4,5,0,0,0,0,814,0,2,0,0,0,0,0,nan,9.703185853621108,nan,nan,nan,16.60735432678848,nan
17887,1,4,5,0,0,0,0,814,0,2,0,0,0,0,0,nan,nan,nan,nan,nan,nan,nan
17888,1,4,5,0,0,0,0,814,0,2,0,0,0,0,0,nan,nan,nan,nan,nan,nan,nan
17889,1,3,5,1,0,0,0,814,0,0,0,0,0,0,0,nan,nan,17.099195470957056,nan,nan,nan,nan
17890,1,3,5,0,1,0,0,814,0,0,0,0,0,0,0,nan,nan,nan,18.571695107802952,nan,nan,nan
17891,1,3,5,0,1,0,0,814,0,0,0,0,0,0,0,nan,nan,nan,nan,nan,nan,nan
17892,1,3,5,0,0,1,0,814,0,0,0,0,0,0,0,nan,nan,nan,nan,10.85272867549429,nan,nan
17893,1,3,5,0,0,1,0,814,0,0,0,0,0,0,0,nan,nan,nan,nan,nan,nan,nan
17894,1,3,5,0,0,1,0,814,0,0,0,0,0,0,0,nan,nan,nan,nan,nan,nan,nan
17895,1,4,5,0,0,1,0,814,0,0,0,0,0,0,0,12.171035234474402,nan,nan,nan,nan,nan,nan
17896,1,4,5,0,0,1,0,814,0,0,0,0,0,0,0,nan,nan,nan,nan,nan,nan,nan
17897,1,4,5,0,0,1,0,814,0,0,0,0,0,0,0,nan,nan,nan,nan,nan,nan,nan
17898,1,4,5,0,0,0,0,815,0,0,0,0,0,0,0,nan,nan,nan,nan,nan,12.647497852085507,14.69722784953774
17899,1,4,5,0,0,0,0,815,0,0,0,0,0,0,0,nan,nan,nan,nan,nan,nan,nan
17900,1,4,5,0,1,0,0,815,0,0,0,1,0,0,0,nan,nan,nan,10.253802263086982,nan,nan,nan
17901,1,4,5,0,1,0,0,815,0,0,0,1,0,0,0,nan,nan,nan,nan,nan,nan,nan
17902,1,4,5,0,1,0,0,815,0,0,0,1,0,0,0,nan,nan,nan,nan,nan,nan,nan
17903,1,4,5,0,1,0,0,815,0,0,0,1,0,0,0,nan,nan,nan,nan,nan,nan,nan
17904,1,4,5,0,0,1,0,815,0,0,0,1,0,0,0,nan,nan,nan,nan,12.327496698653704,nan,nan
17905,1,4,5,0,0,1,0,815,0,0,0,1,0,0,0,nan,nan,nan,nan,nan,nan,nan
17906,1,4,5,0,0,1,0,815,0,0,0,1,0,0,0,nan,nan,nan,nan,nan,nan,nan
17907,1,4,5,0,0,1,0,815,0,0,0,1,0,0,0,nan,nan,nan,nan,nan,nan,nan
17908,1,4,5,0,0,1,0,815,0,0,0,1,0,0,0,nan,nan,nan,nan,nan,nan,nan
17909,1,4,5,0,0,0,1,815,0,0,0,1,0,0,0,nan,nan,nan,nan,nan,10.5924366760446,nan
17910,1,4,5,0,0,0,1,815,0,0,0,1,0,0,0,nan,nan,nan,nan,nan,nan,nan
17911,1,4,5,0,0,0,1,815,0,0,0,1,0,0,0,nan,nan,nan,nan,nan,nan,nan
17912,1,4,5,0,0,0,1,815,0,0,0,1,0,0,0,nan,nan,nan,nan,nan,nan,nan
17913,1,4,5,0,0,0,1,815,0,0,0,1,0,0,0,nan,nan,nan,nan,nan,nan,nan
17914,1,4,5,0,0,0,1,815,0,0,0,1,0,0,0,nan,nan,nan,nan,nan,nan,nan
17915,1,4,4,0,0,0,1,815,0,0,0,0,0,0,0,nan,nan,26.214936427393695,nan,nan,nan,nan
17916,1,4,4,0,0,0,1,815,0,0,0,0,0,0,0,nan,nan,nan,nan,nan,nan,nan
17917,1,4,4,0,0,0,1,815,0,0,0,0,0,0,0,nan,nan,nan,nan,nan,nan,nan
17918,1,4,4,0,0,1,1,815,0,0,0,0,1,0,0,nan,nan,nan,nan,13.711785869269079,nan,nan
17919,1,4,4,0,0,1,1,815,0,0,0,0,1,0,0,nan,nan,nan,nan,nan,nan,nan
17920,1,4,4,0,0,0,2,815,0,0,0,0,1,0,0,nan,nan,nan,nan,nan,10.904421927338262,nan
17921,1,4,4,0,0,0,2,815,0,0,0,0,1,0,0,nan,nan,nan,nan,nan,nan,nan
17922,1,4,4,0,0,0,2,815,0,0,0,0,1,0,0,nan,nan,nan,nan,nan,nan,nan
17923,1,4,4,0,0,0,2,815,0,0,0,0,1,0,0,nan,nan,nan,nan,nan,nan,nan
17924,1,4,4,0,0,0,2,815,0,0,0,0,1,0,0,nan,nan,nan,nan,nan,nan,nan
17925,1,4,4,0,0,0,2,815,0,0,0,0,1,0,0,nan,nan,nan,nan,nan,nan,nan
17926,1,4,4,0,0,0,1,816,0,0,0,0,1,0,0,nan,nan,nan,nan,nan,nan,28.121527928116848
17927,1,5,4,0,0,0,1,816,0,0,0,0,1,0,0,31.746262630535057,nan,nan,nan,nan,nan,nan
17928,1,5,4,0,0,0,1,816,0,0,0,0,1,0,0,nan,nan,nan,nan,nan,nan,nan
17929,1,5,4,0,0,0,1,816,0,0,0,0,1,0,0,nan,nan,nan,nan,nan,nan,nan
17930,1,5,4,0,0,0,1,816,0,0,0,1,0,0,0,nan,nan,nan,29.64198740280699,nan,nan,nan
17931,1,5,4,0,0,0,1,816,0,0,0,1,0,0,0,nan,nan,nan,nan,nan,nan,nan
17932,1,4,5,0,0,0,1,816,0,0,0,1,0,0,0,nan,46.583708096601185,nan,nan,nan,nan,nan
17933,1,4,5,0,0,0,2,816,0,0,0,1,0,1,0,nan,nan,nan,nan,nan,13.044329812291835,nan
17934,1,4,5,0,0,0,2,816,0,0,0,1,0,1,0,nan,nan,nan,nan,nan,nan,nan
17935,1,4,5,0,0,0,2,816,0,0,0,1,0,1,0,nan,nan,nan,nan,nan,nan,nan
17936,1,4,5,0,0,0,2,816,0,0,0,1,0,1,0,nan,nan,nan,nan,nan,nan,nan
17937,1,4,5,0,0,0,2,816,0,0,0,1,0,1,0,nan,nan,nan,nan,nan,nan,nan
17938,1,4,5,0,0,0,2,816,0,0,0,1,0,1,0,nan,nan,nan,nan,nan,nan,nan
17939,1,4,5,0,0,0,2,816,0,0,0,1,0,1,0,nan,nan,nan,nan,nan,nan,nan
17940,1,4,5,0,0,0,2,816,0,0,0,1,0,1,0,nan,nan,nan,nan,nan,nan,nan
17941,1,4,5,0,0,0,2,816,0,0,0,1,0,1,0,nan,nan,nan,nan,nan,nan,nan
17942,1,4,5,0,0,0,2,816,0,0,0,1,0,1,0,nan,nan,nan,nan,nan,nan,nan
17943,1,5,4,0,0,0,2,816,0,0,0,0,0,1,0,16.63822675197298,nan,27.833689849405346,nan,nan,nan,nan
17944,1,5,4,0,0,0,1,817,0,0,0,0,0,1,0,nan,nan,nan,nan,nan,nan,17.89845651734504
17945,1,5,4,0,0,0,1,817,0,0,0,0,0,1,0,nan,nan,nan,nan,nan,nan,nan
17946,1,5,4,0,0,0,1,817,0,0,0,0,0,1,0,nan,nan,nan,nan,nan,nan,nan
17947,1,5,4,0,0,0,1,817,0,0,0,0,0,1,0,nan,nan,nan,nan,nan,nan,nan
17948,1,5,4,0,0,0,1,817,0,0,0,0,0,1,0,nan,nan,nan,nan,nan,nan,nan
17949,1,5,4,0,0,0,1,817,0,0,0,0,0,1,0,nan,nan,nan,nan,nan,nan,nan
17950,1,5,4,0,0,0,1,817,0,0,0,0,0,1,0,nan,nan,nan,nan,nan,nan,nan
17951,1,5,4,0,0,0,1,817,0,0,0,0,0,1,0,nan,nan,nan,nan,nan,nan,nan
17952,1,5,4,0,0,0,1,817,0,0,0,0,0,1,0,nan,nan,nan,nan,nan,nan,nan
17953,1,5,4,0,0,0,1,817,0,0,0,0,0,1,0,nan,nan,nan,nan,nan,nan,nan
17954,1,5,4,0,0,0,1,817,0,0,0,0,0,1,0,nan,nan,nan,nan,nan,nan,nan
17955,1,5,4,0,0,0,1,817,0,0,0,0,0,1,0,nan,nan,nan,nan,nan,nan,nan
17956,1,5,4,0,0,0,1,817,0,0,0,0,0,1,0,nan,nan,nan,nan,nan,nan,nan
17957,1,5,4,0,0,0,1,817,0,0,0,0,0,1,0,nan,nan,nan,nan,nan,nan,nan
17958,1,5,4,0,0,0,1,817,0,0,0,0,0,1,0,nan,nan,nan,nan,nan,nan,nan
17959,1,5,4,0,0,0,1,817,0,0,0,0,1,0,0,nan,nan,nan,nan,40.89646610634736,nan,nan
17960,1,5,4,0,0,0,1,817,2,0,0,0,1,0,0,16.29049377744377,nan,nan,nan,nan,nan,nan
17961,1,5,4,0,0,0,0,818,2,0,0,0,1,0,0,nan,nan,nan,nan,nan,nan,17.247267132694105
17962,1,5,4,0,0,0,0,818,2,0,0,0,1,0,0,nan,nan,nan,nan,nan,nan,nan
17963,1,5,4,0,0,0,0,818,2,0,0,0,1,0,0,nan,nan,nan,nan,nan,nan,nan
17964,1,5,3,1,0,0,0,818,2,0,0,0,1,0,0,nan,nan,21.3137902606868,nan,nan,nan,nan
17965,1,5,3,1,0,0,0,818,2,0,0,0,1,0,0,nan,nan,nan,nan,nan,nan,nan
17966,1,5,3,1,0,0,0,818,2,0,0,0,1,0,0,nan,nan,nan,nan,nan,nan,nan
17967,1,5,4,1,0,0,0,818,0,0,0,0,1,0,0,nan,34.89788858309839,nan,nan,nan,nan,nan
17968,1,5,4,1,0,0,0,818,0,0,0,0,1,0,0,nan,nan,nan,nan,nan,nan,nan
17969,1,5,4,1,0,0,0,818,0,0,0,0,1,0,0,nan,nan,nan,nan,nan,nan,nan
17970,1,5,4,1,0,0,0,818,0,0,0,0,1,0,0,nan,nan,nan,nan,nan,nan,nan
17971,1,5,4,1,0,0,0,818,0,0,0,0,1,0,0,nan,nan,nan,nan,nan,nan,nan
17972,1,5,4,1,0,0,0,818,0,0,0,0,1,0,0,nan,nan,nan,nan,nan,nan,nan
17973,1,5,4,0,0,0,0,818,0,0,0,0,0,0,0,nan,nan,nan,42.74881975043536,nan,nan,nan
17974,1,5,4,0,0,0,0,818,0,0,0,0,0,0,0,nan,nan,nan,nan,nan,nan,nan
17975,1,5,4,0,0,0,0,819,0,0,0,0,0,0,1,nan,nan,nan,nan,nan,nan,13.128451123626292
17976,1,5,4,0,0,0,0,819,0,0,0,0,0,0,1,nan,nan,nan,nan,nan,nan,nan
17977,1,5,4,0,0,0,0,819,0,0,0,0,0,0,1,nan,nan,nan,nan,nan,nan,nan
17978,1,5,4,0,0,0,0,819,0,0,0,0,0,0,1,nan,nan,nan,nan,nan,nan,nan
17979,1,5,3,1,0,0,0,819,0,0,0,0,0,0,1,nan,nan,14.751743888922647,nan,nan,nan,nan
17980,1,5,3,1,0,0,0,819,0,0,0,0,0,0,1,nan,nan,nan,nan,nan,nan,nan
17981,1,5,3,1,0,0,0,819,0,0,0,0,0,0,1,nan,nan,nan,nan,nan,nan,nan
17982,1,5,3,1,0,0,0,819,0,0,0,0,0,0,1,nan,nan,nan,nan,nan,nan,nan
17983,1,5,3,1,0,0,0,819,0,0,0,0,0,0,1,nan,nan,nan,nan,nan,nan,nan
17984,1,5,3,1,0,0,0,819,0,0,0,0,0,0,1,nan,nan,nan,nan,nan,nan,nan
17985,1,5,3,1,0,0,0,819,0,0,0,0,0,0,1,nan,nan,nan,nan,nan,nan,nan
17986,1,5,3,1,0,1,0,819,0,0,0,0,1,0,1,nan,nan,nan,nan,26.888231370026915,nan,nan
17987,1,5,3,1,0,1,0,819,0,0,0,0,1,0,1,nan,nan,nan,nan,nan,nan,nan
17988,1,5,3,1,0,1,0,819,0,0,0,0,1,0,1,nan,nan,nan,nan,nan,nan,nan
17989,1,5,3,1,0,1,0,819,2,0,0,0,1,0,1,29.27420895850446,nan,nan,nan,nan,nan,nan
17990,1,5,4,1,0,1,0,819,0,0,0,0,1,0,1,nan,22.68167374598488,nan,nan,nan,nan,nan
17991,1,5,4,1,0,1,0,819,0,0,0,0,1,0,1,nan,nan,nan,nan,nan,nan,nan
17992,1,5,4,1,0,1,0,819,0,0,0,0,1,0,1,nan,nan,nan,nan,nan,nan,nan
17993,1,5,4,1,0,1,0,819,0,0,0,0,1,0,1,nan,nan,nan,nan,nan,nan,nan
17994,1,5,4,0,0,1,0,819,0,0,0,0,0,0,1,nan,nan,nan,21.76006161008263,nan,nan,nan
17995,1,5,4,0,0,1,0,819,0,0,0,0,0,0,1,nan,nan,nan,nan,nan,nan,nan
17996,1,5,4,0,0,1,0,819,0,0,0,0,0,0,1,nan,nan,nan,nan,nan,nan,nan
17997,1,5,4,0,0,1,0,819,0,0,0,0,0,0,1,nan,nan,nan,nan,nan,nan,nan
17998,1,5,4,0,0,1,0,819,0,0,0,0,0,0,1,nan,nan,nan,nan,nan,nan,nan
17999,1,5,4,0,0,1,0,819,0,0,0,0,0,0,1,nan,nan,nan,nan,nan,nan,nan
18000,1,4,5,0,0,1,0,819,0,0,0,0,0,0,1,nan,10.485135939536121,nan,nan,nan,nan,nan
18001,1,4,5,0,0,1,0,819,0,0,0,0,0,0,1,nan,nan,nan,nan,nan,nan,nan
18002,1,4,5,0,0,0,0,819,0,0,0,0,0,0,0,nan,nan,nan,nan,nan,68.62675649811354,nan
18003,1,4,5,0,0,0,0,819,0,0,0,0,0,0,0,nan,nan,nan,nan,nan,nan,nan
18004,1,5,5,0,0,0,0,819,0,0,0,0,0,0,0,15.156853842348937,nan,nan,nan,nan,nan,nan
18005,1,5,5,0,0,0,0,819,0,0,0,0,0,0,0,nan,nan,nan,nan,nan,nan,nan
18006,1,5,5,0,0,0,0,819,0,0,0,0,0,0,0,nan,nan,nan,nan,nan,nan,nan
18007,1,5,5,0,0,0,0,819,0,0,0,0,0,0,0,nan,nan,nan,nan,nan,nan,nan
18008,1,5,4,1,0,0,0,819,0,0,0,0,0,0,0,nan,nan,28.732446855978196,nan,nan,nan,nan
18009,1,5,4,1,0,0,0,819,0,0,0,0,0,0,0,nan,nan,nan,nan,nan,nan,nan
18010,1,5,4,1,0,1,0,819,0,0,0,0,1,0,0,nan,nan,nan,nan,24.47777426459652,nan,nan
18011,1,5,4,1,0,1,0,819,0,0,0,0,1,0,0,nan,nan,nan,nan,nan,nan,nan
18012,1,5,4,1,0,1,0,819,0,0,0,0,1,0,0,nan,nan,nan,nan,nan,nan,nan
18013,1,5,4,1,0,1,0,819,0,0,0,0,1,0,0,nan,nan,nan,nan,nan,nan,nan
18014,1,5,4,1,0,1,0,819,0,0,0,0,1,0,0,nan,nan,nan,nan,nan,nan,nan
18015,1,4,5,1,0,0,1,819,0,0,0,0,1,0,0,nan,15.03787852745154,nan,nan,nan,13.54565981640917,nan
18016,1,4,5,1,0,0,1,819,0,0,0,0,1,0,0,nan,nan,nan,nan,nan,nan,nan
18017,1,4,5,1,0,0,1,819,0,0,0,0,1,0,0,nan,nan,nan,nan,nan,nan,nan
18018,1,4,5,1,0,0,1,819,0,0,0,0,1,0,0,nan,nan,nan,nan,nan,nan,nan
18019,1,4,5,1,0,0,0,820,0,0,0,0,1,0,0,nan,nan,nan,nan,nan,nan,44.89796168830071
18020,1,4,5,1,0,0,0,820,0,0,0,0,1,0,0,nan,nan,nan,nan,nan,nan,nan
18021,1,4,5,1,0,0,0,820,0,0,0,0,1,0,0,nan,nan,nan,nan,nan,nan,nan
18022,1,4,5,1,0,0,0,820,0,0,0,0,1,0,0,nan,nan,nan,nan,nan,nan,nan
18023,1,4,5,1,0,0,0,820,0,0,0,0,1,0,0,nan,nan,nan,nan,nan,nan,nan
18024,1,4,5,1,0,0,0,820,0,0,0,0,1,0,0,nan,nan,nan,nan,nan,nan,nan
18025,1,4,5,1,0,0,0,820,0,0,0,0,1,0,0,nan,nan,nan,nan,nan,nan,nan
18026,1,4,4,2,0,0,0,820,0,0,0,0,1,0,0,nan,nan,18.470146360814397,nan,nan,nan,nan
18027,1,5,4,2,0,0,0,820,0,0,0,0,1,0,0,22.50589716198374,nan,nan,nan,nan,nan,nan
18028,1,5,4,2,0,0,1,820,0,0,0,0,1,1,0,nan,nan,nan,nan,nan,12.83054804479616,nan
18029,1,5,4,1,0,0,1,820,0,0,0,0,0,1,0,nan,nan,nan,34.805232511644135,nan,nan,nan
18030,1,5,4,1,0,0,1,820,0,0,0,0,0,1,0,nan,nan,nan,nan,nan,nan,nan
18031,1,4,5,1,0,0,1,820,0,0,0,0,0,1,0,nan,15.927022518117155,nan,nan,nan,nan,nan
18032,1,4,5,1,0,0,1,820,0,0,0,0,0,1,0,nan,nan,nan,nan,nan,nan,nan
18033,1,4,5,1,0,0,1,820,0,0,0,0,0,1,0,nan,nan,nan,nan,nan,nan,nan
18034,1,4,5,1,0,0,1,820,0,0,0,0,0,1,0,nan,nan,nan,nan,nan,nan,nan
18035,1,4,5,1,0,0,1,820,0,0,0,0,0,1,0,nan,nan,nan,nan,nan,nan,nan
18036,1,4,5,1,0,0,1,820,0,0,0,0,0,1,0,nan,nan,nan,nan,nan,nan,nan
18037,1,4,5,1,0,0,0,821,0,0,0,0,0,1,0,nan,nan,nan,nan,nan,nan,17.141676069903042
18038,1,4,5,1,0,0,0,821,0,0,0,0,0,1,0,nan,nan,nan,nan,nan,nan,nan
18039,1,4,5,1,0,0,0,821,0,0,0,0,0,1,0,nan,nan,nan,nan,nan,nan,nan
18040,1,4,5,1,0,0,0,821,0,0,0,0,0,1,0,nan,nan,nan,nan,nan,nan,nan
18041,1,4,5,1,0,0,0,821,0,0,0,0,0,1,0,nan,nan,nan,nan,nan,nan,nan
18042,1,4,5,1,0,0,0,821,0,0,0,0,0,1,0,nan,nan,nan,nan,nan,nan,nan
18043,1,4,5,1,0,0,0,821,0,0,0,0,0,1,0,nan,nan,nan,nan,nan,nan,nan
18044,1,4,5,1,0,0,0,821,0,0,0,0,0,1,0,nan,nan,nan,nan,nan,nan,nan
18045,1,4,5,1,0,0,0,821,0,0,0,0,0,1,0,nan,nan,nan,nan,nan,nan,nan
18046,1,4,5,1,0,0,0,822,0,0,0,0,0,1,1,nan,nan,nan,nan,nan,nan,8.872980612159154
18047,1,5,5,1,0,0,0,822,0,0,0,0,0,1,1,20.59015845704198,nan,nan,nan,nan,nan,nan
18048,1,5,5,1,0,0,0,822,0,0,0,0,0,1,1,nan,nan,nan,nan,nan,nan,nan
18049,1,5,5,0,1,0,0,822,0,2,0,0,0,1,1,nan,18.03801995399408,nan,20.127716923412663,nan,nan,nan
18050,1,5,5,0,1,0,0,822,0,2,0,0,0,1,1,nan,nan,nan,nan,nan,nan,nan
18051,1,5,5,0,1,0,0,822,0,2,0,0,0,1,1,nan,nan,nan,nan,nan,nan,nan
18052,1,5,5,0,0,0,0,822,0,2,0,0,0,0,1,nan,nan,nan,nan,41.73088310014282,nan,nan
18053,1,5,5,0,0,0,0,822,0,2,0,0,0,0,1,nan,nan,nan,nan,nan,nan,nan
18054,1,5,5,0,0,0,0,822,0,2,0,0,0,0,1,nan,nan,nan,nan,nan,nan,nan
18055,1,5,5,0,0,0,0,822,0,2,0,0,0,0,1,nan,nan,nan,nan,nan,nan,nan
18056,1,5,5,0,0,0,0,822,0,2,0,0,0,0,1,nan,nan,nan,nan,nan,nan,nan
18057,1,5,5,0,0,0,0,822,0,2,0,0,0,0,1,nan,nan,nan,nan,nan,nan,nan
18058,1,5,5,0,0,0,0,822,0,2,0,0,0,0,1,nan,nan,nan,nan,nan,nan,nan
18059,1,5,5,0,0,0,0,822,0,2,0,0,0,0,1,nan,nan,nan,nan,nan,nan,nan
18060,1,5,5,1,0,0,0,822,0,0,0,0,0,0,1,12.30184184898826,nan,34.39234233068055,nan,nan,nan,nan
18061,1,5,5,1,0,0,0,822,0,0,0,0,0,0,1,nan,nan,nan,nan,nan,nan,nan
18062,1,5,5,1,0,0,0,822,0,0,0,0,0,0,1,nan,nan,nan,nan,nan,nan,nan
18063,1,5,5,1,0,0,0,822,0,0,0,0,0,0,1,nan,nan,nan,nan,nan,nan,nan
18064,1,5,5,1,0,0,0,822,0,0,0,0,0,0,1,nan,nan,nan,nan,nan,nan,nan
18065,1,5,5,1,0,0,0,822,0,0,0,0,0,0,1,nan,nan,nan,nan,nan,nan,nan
18066,1,5,5,1,0,0,0,822,0,0,0,0,0,0,1,nan,nan,nan,nan,nan,nan,nan
18067,1,5,5,0,1,0,0,822,0,0,0,0,0,0,1,nan,nan,nan,18.115351962289424,nan,nan,nan
18068,1,5,5,0,1,0,0,822,0,0,0,0,0,0,1,nan,nan,nan,nan,nan,nan,nan
18069,1,5,5,0,1,0,0,822,0,0,0,0,0,0,1,nan,nan,nan,nan,nan,nan,nan
18070,1,5,5,0,1,0,0,822,0,0,0,0,0,0,1,nan,nan,nan,nan,nan,nan,nan
18071,1,5,5,0,1,0,0,822,0,0,0,0,0,0,1,nan,nan,nan,nan,nan,nan,nan
18072,1,5,5,0,1,0,0,822,0,0,0,0,0,1,0,nan,nan,nan,nan,nan,44.35057857738502,nan
18073,1,5,5,0,1,0,0,822,0,0,0,0,0,1,0,nan,nan,nan,nan,nan,nan,nan
18074,1,5,5,0,1,0,0,822,0,2,0,0,0,1,0,nan,24.285878219117876,nan,nan,nan,nan,nan
18075,1,5,5,0,0,0,0,822,2,2,0,0,0,0,0,15.878438612729951,nan,nan,nan,23.077908204275445,nan,nan
18076,1,5,5,0,0,0,0,822,2,2,0,0,0,0,0,nan,nan,nan,nan,nan,nan,nan
18077,1,5,5,0,0,0,0,822,2,2,0,0,0,0,0,nan,nan,nan,nan,nan,nan,nan
18078,1,5,5,0,0,0,0,822,2,2,0,0,0,0,0,nan,nan,nan,nan,nan,nan,nan
18079,1,5,5,0,0,0,0,822,2,2,0,0,0,0,0,nan,nan,nan,nan,nan,nan,nan
18080,1,5,5,0,0,0,0,822,2,2,0,0,0,0,0,nan,nan,nan,nan,nan,nan,nan
18081,1,5,5,0,0,0,0,822,2,2,0,0,0,0,0,nan,nan,nan,nan,nan,nan,nan
18082,1,5,5,1,0,0,0,822,0,0,0,0,0,0,0,nan,nan,21.386250226980337,nan,nan,nan,nan
18083,1,5,5,1,0,0,0,822,0,0,0,0,0,0,0,nan,nan,nan,nan,nan,nan,nan
18084,1,5,5,1,0,0,0,822,0,0,0,0,0,0,0,nan,nan,nan,nan,nan,nan,nan
18085,1,5,5,1,0,0,0,822,0,0,0,0,0,0,0,nan,nan,nan,nan,nan,nan,nan
18086,1,5,5,1,0,0,0,822,0,0,0,0,0,0,0,nan,nan,nan,nan,nan,nan,nan
18087,1,5,5,1,0,0,0,822,0,0,0,0,0,0,0,nan,nan,nan,nan,nan,nan,nan
18088,1,5,5,1,0,0,0,822,0,0,0,0,0,0,0,nan,nan,nan,nan,nan,nan,nan
18089,1,5,5,0,1,0,0,822,0,0,0,0,0,0,0,nan,nan,nan,21.726952084161894,nan,nan,nan
18090,1,5,5,0,1,0,0,823,0,0,0,0,0,0,1,nan,nan,nan,nan,nan,nan,44.62767846695715
18091,1,5,5,0,1,0,0,823,0,0,0,0,0,0,1,nan,nan,nan,nan,nan,nan,nan
18092,1,5,5,0,1,0,0,823,0,0,0,0,0,0,1,nan,nan,nan,nan,nan,nan,nan
18093,1,5,5,0,1,0,0,823,0,0,0,0,0,0,1,nan,nan,nan,nan,nan,nan,nan
18094,1,5,5,0,1,0,0,823,0,0,0,0,0,0,1,nan,nan,nan,nan,nan,nan,nan
18095,1,5,5,0,1,0,0,823,2,0,0,0,0,0,1,20.04987908266412,nan,nan,nan,nan,nan,nan
18096,1,5,5,0,1,0,0,823,2,0,0,0,0,1,0,nan,nan,nan,nan,nan,23.927428291277465,nan
18097,1,5,5,0,1,0,0,823,2,2,0,0,0,1,0,nan,23.385391001662356,nan,nan,nan,nan,nan
18098,1,5,5,0,1,0,0,823,2,2,0,0,0,1,0,nan,nan,nan,nan,nan,nan,nan
18099,1,5,5,0,1,0,0,823,2,2,0,0,0,1,0,nan,nan,nan,nan,nan,nan,nan
18100,1,5,5,0,1,0,0,823,2,2,0,0,0,1,0,nan,nan,nan,nan,nan,nan,nan
18101,1,5,5,0,0,0,0,823,2,2,0,0,0,0,0,nan,nan,nan,nan,25.680409601631254,nan,nan
18102,1,5,5,0,1,0,0,823,2,2,0,1,0,0,0,nan,nan,nan,13.141518400359928,nan,nan,nan
18103,1,5,5,0,1,0,0,823,0,0,0,0,0,0,0,nan,nan,21.10959236198687,nan,nan,nan,nan
18104,1,5,5,0,1,0,0,823,0,0,0,0,0,0,0,nan,nan,nan,nan,nan,nan,nan
18105,1,5,5,0,1,0,0,823,0,0,0,0,0,0,0,nan,nan,nan,nan,nan,nan,nan
18106,1,5,5,0,1,0,0,823,0,0,0,0,0,0,0,nan,nan,nan,nan,nan,nan,nan
18107,1,5,5,0,1,0,0,824,0,0,0,0,0,0,1,nan,nan,nan,nan,nan,nan,16.84123391000685
18108,1,5,5,0,1,0,0,824,0,0,0,0,0,0,1,nan,nan,nan,nan,nan,nan,nan
18109,1,5,5,0,1,0,0,824,0,0,0,0,0,0,1,nan,nan,nan,nan,nan,nan,nan
18110,1,5,5,0,1,0,0,824,0,0,0,0,0,0,1,nan,nan,nan,nan,nan,nan,nan
18111,1,5,5,0,1,0,0,824,0,0,0,0,0,0,1,nan,nan,nan,nan,nan,nan,nan
18112,1,5,5,0,1,0,0,824,0,0,0,0,0,0,1,nan,nan,nan,nan,nan,nan,nan
18113,1,5,5,0,1,0,0,824,2,0,0,0,0,0,1,17.52702466005576,nan,nan,nan,nan,nan,nan
18114,1,5,5,0,1,0,0,824,2,0,0,0,0,0,1,nan,nan,nan,nan,nan,nan,nan
18115,1,5,5,0,1,0,0,824,2,2,0,0,0,0,1,nan,18.033913699815457,nan,nan,nan,nan,nan
18116,1,5,5,0,1,0,0,824,2,2,0,0,0,0,1,nan,nan,nan,nan,nan,nan,nan
18117,1,5,5,0,1,0,0,824,2,2,0,0,0,0,1,nan,nan,nan,nan,nan,nan,nan
18118,1,5,5,0,1,0,0,824,2,2,0,0,0,0,1,nan,nan,nan,nan,nan,nan,nan
18119,1,5,5,0,1,0,0,824,2,2,0,0,0,0,1,nan,nan,nan,nan,nan,nan,nan
18120,1,5,5,0,1,0,0,824,2,2,0,0,0,0,1,nan,nan,nan,nan,nan,nan,nan
18121,1,5,5,1,1,0,0,824,0,0,0,0,0,0,1,nan,nan,17.743312942904595,nan,nan,nan,nan
18122,1,5,5,1,1,0,0,824,0,0,0,0,0,0,1,nan,nan,nan,nan,nan,nan,nan
18123,1,5,5,1,0,1,0,824,0,0,0,0,0,0,1,nan,nan,nan,nan,22.378600183721574,nan,nan
18124,1,5,5,1,0,0,0,824,0,0,0,0,0,0,0,nan,nan,nan,nan,nan,28.131376084322255,nan
18125,1,5,5,1,0,0,0,824,0,0,0,0,0,0,0,nan,nan,nan,nan,nan,nan,nan
18126,1,5,5,0,1,0,0,824,0,0,0,0,0,0,0,nan,nan,nan,23.407650318633387,nan,nan,nan
18127,1,5,5,0,1,0,0,824,0,0,0,0,0,0,0,nan,nan,nan,nan,nan,nan,nan
18128,1,5,5,0,1,0,0,824,0,0,0,0,0,0,0,nan,nan,nan,nan,nan,nan,nan
18129,1,5,5,0,1,0,0,824,0,0,0,0,0,0,0,nan,nan,nan,nan,nan,nan,nan
18130,1,5,5,0,1,0,0,824,0,0,0,0,0,0,0,nan,nan,nan,nan,nan,nan,nan
18131,1,5,5,0,1,0,0,824,0,0,0,0,0,0,0,nan,nan,nan,nan,nan,nan,nan
18132,1,5,5,0,1,0,0,824,0,0,0,0,0,0,0,nan,nan,nan,nan,nan,nan,nan
18133,1,5,4,1,1,0,0,824,0,0,0,0,0,0,0,nan,nan,12.679326486242644,nan,nan,nan,nan
18134,1,5,4,1,1,0,0,824,0,0,0,0,0,0,0,nan,nan,nan,nan,nan,nan,nan
18135,1,5,4,1,0,1,0,824,0,0,0,0,0,0,0,nan,nan,nan,nan,11.591831120163988,nan,nan
18136,1,5,4,1,0,1,0,824,0,0,0,0,0,0,0,nan,nan,nan,nan,nan,nan,nan
18137,1,5,4,1,0,1,0,824,0,0,0,0,0,0,0,nan,nan,nan,nan,nan,nan,nan
18138,1,5,4,1,0,1,0,824,0,0,0,0,0,0,0,nan,nan,nan,nan,nan,nan,nan
18139,1,5,4,1,0,1,0,825,0,0,0,0,0,0,1,nan,nan,nan,nan,nan,nan,32.381628513638134
18140,1,5,4,0,1,1,0,825,0,0,0,0,0,0,1,nan,nan,nan,14.156028489596792,nan,nan,nan
18141,1,5,5,0,1,1,0,825,0,0,0,0,0,0,1,28.313685834946227,25.735574536651256,nan,nan,nan,nan,nan
18142,1,5,5,0,1,1,0,825,0,0,0,0,0,0,1,nan,nan,nan,nan,nan,nan,nan
18143,1,5,5,0,1,1,0,825,0,0,0,0,0,0,1,nan,nan,nan,nan,nan,nan,nan
18144,1,5,5,0,1,0,0,825,0,0,0,0,0,0,0,nan,nan,nan,nan,nan,19.636254370463575,nan
18145,1,5,5,0,1,0,0,825,0,0,0,0,0,0,0,nan,nan,nan,nan,nan,nan,nan
18146,1,5,5,0,1,0,0,825,0,0,0,0,0,0,0,nan,nan,nan,nan,nan,nan,nan
18147,1,5,5,0,1,0,0,825,0,0,0,0,0,0,0,nan,nan,nan,nan,nan,nan,nan
18148,1,5,5,0,1,0,0,825,0,0,0,0,0,0,0,nan,nan,nan,nan,nan,nan,nan
18149,1,5,5,0,1,0,0,825,0,0,0,0,0,0,0,nan,nan,nan,nan,nan,nan,nan
18150,1,5,5,0,0,1,0,825,0,0,0,0,0,0,0,nan,nan,nan,nan,14.880759200648754,nan,nan
18151,1,5,5,0,0,1,0,825,0,0,0,0,0,0,0,nan,nan,nan,nan,nan,nan,nan
18152,1,4,5,1,0,1,0,825,0,0,0,0,0,0,0,nan,10.840233144917875,18.666095573989878,nan,nan,nan,nan
18153,1,4,5,1,0,1,0,825,0,0,0,0,0,0,0,nan,nan,nan,nan,nan,nan,nan
18154,1,4,5,1,0,1,0,825,0,0,0,0,0,0,0,nan,nan,nan,nan,nan,nan,nan
18155,1,5,5,1,0,1,0,825,0,0,0,0,0,0,0,13.874926552129182,nan,nan,nan,nan,nan,nan
18156,1,5,5,1,0,1,0,825,0,0,0,0,0,0,0,nan,nan,nan,nan,nan,nan,nan
18157,1,5,5,1,0,1,0,825,0,0,0,0,0,0,0,nan,nan,nan,nan,nan,nan,nan
18158,1,5,5,1,0,1,0,825,0,0,0,0,0,0,0,nan,nan,nan,nan,nan,nan,nan
18159,1,5,5,1,0,1,0,825,0,0,0,0,0,0,0,nan,nan,nan,nan,nan,nan,nan
18160,1,5,5,1,0,1,0,825,0,0,0,0,0,0,0,nan,nan,nan,nan,nan,nan,nan
18161,1,5,5,0,1,0,0,826,0,0,0,0,0,0,0,nan,nan,nan,21.38396546745571,nan,16.967922753552557,21.242782700199314
18162,1,5,5,0,1,0,0,826,0,0,0,0,0,0,0,nan,nan,nan,nan,nan,nan,nan
18163,1,5,5,0,1,0,0,826,0,0,0,0,0,0,0,nan,nan,nan,nan,nan,nan,nan
18164,1,5,5,0,0,1,0,826,0,0,0,0,0,0,0,nan,nan,nan,nan,14.023458983599994,nan,nan
18165,1,5,5,0,0,1,0,826,0,0,0,0,0,0,0,nan,nan,nan,nan,nan,nan,nan
18166,1,5,5,0,0,1,0,826,2,0,0,0,0,0,0,10.988223363594443,nan,nan,nan,nan,nan,nan
18167,1,5,5,0,0,1,0,826,2,0,0,0,0,0,0,nan,nan,nan,nan,nan,nan,nan
18168,1,5,5,0,0,1,0,826,2,0,0,0,0,0,0,nan,nan,nan,nan,nan,nan,nan
18169,1,5,4,1,0,1,0,826,2,0,0,0,0,0,0,nan,nan,17.35317758266683,nan,nan,nan,nan
18170,1,5,4,1,0,1,0,826,2,0,0,0,0,0,0,nan,nan,nan,nan,nan,nan,nan
18171,1,5,4,1,0,1,0,826,2,0,0,0,0,0,0,nan,nan,nan,nan,nan,nan,nan
18172,1,5,4,1,0,1,0,826,2,0,0,0,0,0,0,nan,nan,nan,nan,nan,nan,nan
18173,1,5,4,1,0,1,0,826,2,0,0,0,0,0,0,nan,nan,nan,nan,nan,nan,nan
18174,1,5,4,1,0,1,0,826,2,0,0,0,0,0,0,nan,nan,nan,nan,nan,nan,nan
18175,1,5,4,1,0,1,0,826,2,0,0,0,0,0,0,nan,nan,nan,nan,nan,nan,nan
18176,1,5,4,1,0,1,0,826,2,0,0,0,0,0,0,nan,nan,nan,nan,nan,nan,nan
18177,1,5,4,1,0,0,1,826,2,0,0,0,0,0,0,nan,nan,nan,nan,nan,15.992754301601963,nan
18178,1,5,4,1,0,0,1,826,2,0,0,0,0,0,0,nan,nan,nan,nan,nan,nan,nan
18179,1,5,4,1,0,0,1,826,2,0,0,0,0,0,0,nan,nan,nan,nan,nan,nan,nan
18180,1,5,4,1,0,0,1,826,2,0,0,0,0,0,0,nan,nan,nan,nan,nan,nan,nan
18181,1,5,4,1,0,0,1,826,2,0,0,0,0,0,0,nan,nan,nan,nan,nan,nan,nan
18182,1,5,4,1,0,0,1,826,2,0,0,0,0,0,0,nan,nan,nan,nan,nan,nan,nan
18183,1,5,4,1,0,0,1,826,2,0,0,0,0,0,0,nan,nan,nan,nan,nan,nan,nan
18184,1,5,4,1,0,0,1,826,2,0,0,0,0,0,0,nan,nan,nan,nan,nan,nan,nan
18185,1,5,4,1,0,1,0,827,2,0,0,0,1,0,0,nan,nan,nan,nan,20.907384551275754,nan,24.139548752333212
18186,1,5,4,1,0,1,0,827,2,0,0,0,1,0,0,nan,nan,nan,nan,nan,nan,nan
18187,1,5,5,1,0,1,0,827,0,0,0,0,1,0,0,nan,34.81532336450982,nan,nan,nan,nan,nan
18188,1,5,5,1,0,1,0,827,0,0,0,0,1,0,0,nan,nan,nan,nan,nan,nan,nan
18189,1,5,4,1,0,1,0,827,0,0,0,0,0,0,0,nan,nan,19.785753985419433,27.98335247966679,nan,nan,nan
18190,1,5,4,1,0,1,0,827,0,0,0,0,0,0,0,nan,nan,nan,nan,nan,nan,nan
18191,1,5,4,1,0,1,0,827,0,0,0,0,0,0,0,nan,nan,nan,nan,nan,nan,nan
18192,1,5,4,1,0,1,0,827,0,0,0,0,0,0,0,nan,nan,nan,nan,nan,nan,nan
18193,1,5,4,1,0,1,0,827,0,0,0,0,0,0,0,nan,nan,nan,nan,nan,nan,nan
18194,1,5,4,1,0,1,0,827,0,0,0,0,0,0,0,nan,nan,nan,nan,nan,nan,nan
18195,1,5,4,1,0,0,1,827,0,0,0,0,0,0,0,nan,nan,nan,nan,nan,17.779028595250566,nan
18196,1,5,4,1,0,0,1,827,0,0,0,0,0,0,0,nan,nan,nan,nan,nan,nan,nan
18197,1,5,4,1,0,0,1,827,0,0,0,0,0,0,0,nan,nan,nan,nan,nan,nan,nan
18198,1,5,4,1,0,0,1,827,0,0,0,0,0,0,0,nan,nan,nan,nan,nan,nan,nan
18199,1,5,4,1,0,0,1,827,0,0,0,0,0,0,0,nan,nan,nan,nan,nan,nan,nan
18200,1,5,4,1,0,0,1,827,2,0,0,0,0,0,0,34.18834928615615,nan,nan,nan,nan,nan,nan
18201,1,5,4,1,0,0,1,827,2,0,0,0,0,0,0,nan,nan,nan,nan,nan,nan,nan
18202,1,5,4,0,0,1,1,827,2,0,0,0,0,0,0,nan,nan,nan,13.067288921043655,17.233014747755078,nan,nan
18203,1,5,4,0,0,1,1,827,2,0,0,0,0,0,0,nan,nan,nan,nan,nan,nan,nan
18204,1,5,4,0,0,1,1,827,2,0,0,0,0,0,0,nan,nan,nan,nan,nan,nan,nan
18205,1,5,4,0,0,1,1,827,2,0,0,0,0,0,0,nan,nan,nan,nan,nan,nan,nan
18206,1,5,4,1,0,1,1,827,0,0,0,0,0,0,0,nan,19.18938107861686,16.345788344191533,nan,nan,nan,nan
18207,1,5,4,1,0,0,2,827,0,0,0,0,0,0,0,nan,nan,nan,nan,nan,11.809910641513852,nan
18208,1,5,4,1,0,0,1,828,0,0,0,0,0,0,0,nan,nan,nan,nan,nan,nan,23.496407230359182
18209,1,5,4,1,0,0,1,828,0,0,0,0,0,0,0,nan,nan,nan,nan,nan,nan,nan
18210,1,5,4,1,0,0,1,828,0,0,0,0,0,0,0,nan,nan,nan,nan,nan,nan,nan
18211,1,5,4,1,0,0,1,828,0,0,0,0,0,0,0,nan,nan,nan,nan,nan,nan,nan
18212,1,5,4,1,0,0,1,828,0,0,0,0,0,0,0,nan,nan,nan,nan,nan,nan,nan
18213,1,5,4,1,0,0,1,828,0,0,0,0,0,0,0,nan,nan,nan,nan,nan,nan,nan
18214,1,5,4,1,0,0,1,828,0,0,0,0,0,0,0,nan,nan,nan,nan,nan,nan,nan
18215,1,5,4,1,0,1,1,828,0,0,0,0,1,0,0,nan,nan,nan,nan,13.111920689658291,nan,nan
18216,1,5,4,1,0,1,1,828,0,0,0,0,1,0,0,nan,nan,nan,nan,nan,nan,nan
18217,1,5,4,1,0,1,1,828,0,0,0,0,1,0,0,nan,nan,nan,nan,nan,nan,nan
18218,1,5,4,1,0,1,1,828,0,0,0,0,1,0,0,nan,nan,nan,nan,nan,nan,nan
18219,1,5,4,1,0,1,1,828,0,0,0,0,1,0,0,nan,nan,nan,nan,nan,nan,nan
18220,1,5,4,1,0,1,1,828,0,0,0,0,1,0,0,nan,nan,nan,nan,nan,nan,nan
18221,1,5,4,1,0,1,1,828,0,0,0,0,1,0,0,nan,nan,nan,nan,nan,nan,nan
18222,1,5,4,1,0,1,1,828,0,0,0,0,1,0,0,nan,nan,nan,nan,nan,nan,nan
18223,1,5,4,1,0,1,1,828,0,0,0,0,1,0,0,nan,nan,nan,nan,nan,nan,nan
18224,1,5,4,1,0,1,1,828,0,0,0,0,1,0,0,nan,nan,nan,nan,nan,nan,nan
18225,1,5,4,1,0,1,1,828,0,0,0,0,1,0,0,nan,nan,nan,nan,nan,nan,nan
18226,1,5,4,1,0,1,1,828,0,0,0,0,1,0,0,nan,nan,nan,nan,nan,nan,nan
18227,1,5,3,2,0,1,1,828,0,0,0,0,1,0,0,nan,nan,21.56956930456363,nan,nan,nan,nan
18228,1,5,3,2,0,1,0,829,0,0,0,0,1,0,0,nan,nan,nan,nan,nan,nan,19.9029375679238
18229,1,5,3,2,0,1,0,829,0,0,0,0,1,0,0,nan,nan,nan,nan,nan,nan,nan
18230,1,5,3,2,0,1,0,829,2,0,0,0,1,0,0,29.886027112825104,nan,nan,nan,nan,nan,nan
18231,1,5,3,2,0,1,0,829,2,0,0,0,1,0,0,nan,nan,nan,nan,nan,nan,nan
18232,1,5,3,1,0,1,0,829,2,0,0,0,0,0,0,nan,nan,nan,29.849226811860717,nan,nan,nan
18233,1,5,3,1,0,1,0,829,2,0,0,0,0,0,0,nan,nan,nan,nan,nan,nan,nan
18234,1,5,3,1,0,1,0,829,2,0,0,0,0,0,0,nan,nan,nan,nan,nan,nan,nan
18235,1,5,3,1,0,1,0,829,2,0,0,0,0,0,0,nan,nan,nan,nan,nan,nan,nan
18236,1,5,3,1,0,1,0,829,2,0,0,0,0,0,0,nan,nan,nan,nan,nan,nan,nan
18237,1,5,3,1,0,1,0,829,2,0,0,0,0,0,0,nan,nan,nan,nan,nan,nan,nan
18238,1,5,3,1,0,1,0,829,2,0,0,0,0,0,0,nan,nan,nan,nan,nan,nan,nan
18239,1,5,3,1,0,1,0,829,2,0,0,0,0,0,0,nan,nan,nan,nan,nan,nan,nan
18240,1,5,2,2,0,1,0,830,2,0,0,0,0,0,1,nan,nan,12.891287910777464,nan,nan,nan,11.48052407970681
18241,1,5,2,2,0,0,0,830,2,0,0,0,0,0,0,nan,nan,nan,nan,nan,34.507897381830844,nan
18242,1,5,3,2,0,0,0,830,0,0,0,0,0,0,0,nan,36.75647204846973,nan,nan,nan,nan,nan
18243,1,5,3,2,0,0,0,830,0,0,0,0,0,0,0,nan,nan,nan,nan,nan,nan,nan
18244,1,5,3,2,0,0,0,830,0,0,0,0,0,0,0,nan,nan,nan,nan,nan,nan,nan
18245,1,5,3,2,0,0,0,830,0,0,0,0,0,0,0,nan,nan,nan,nan,nan,nan,nan
18246,1,5,3,2,0,1,0,830,0,0,0,0,1,0,0,nan,nan,nan,nan,30.848722669787094,nan,nan
18247,1,5,3,2,0,1,0,830,0,0,0,0,1,0,0,nan,nan,nan,nan,nan,nan,nan
18248,1,5,3,2,0,1,0,830,0,0,0,0,1,0,0,nan,nan,nan,nan,nan,nan,nan
18249,1,5,3,2,0,1,0,830,0,0,0,0,1,0,0,nan,nan,nan,nan,nan,nan,nan
18250,1,5,3,2,0,1,0,830,0,0,0,0,1,0,0,nan,nan,nan,nan,nan,nan,nan
18251,1,5,3,2,0,1,0,830,0,0,0,0,1,0,0,nan,nan,nan,nan,nan,nan,nan
18252,1,5,3,2,0,1,0,830,0,0,0,0,1,0,0,nan,nan,nan,nan,nan,nan,nan
18253,1,5,3,2,0,1,0,830,0,0,0,0,1,0,0,nan,nan,nan,nan,nan,nan,nan
18254,1,5,3,1,0,0,1,830,0,0,0,0,0,0,0,nan,nan,nan,22.068295484928967,nan,13.049937305404455,nan
18255,1,5,3,1,0,0,1,830,0,0,0,0,0,0,0,nan,nan,nan,nan,nan,nan,nan
18256,1,5,3,1,0,0,1,830,0,0,0,0,0,0,0,nan,nan,nan,nan,nan,nan,nan
18257,1,5,3,1,0,0,1,830,2,0,0,0,0,0,0,26.547100942563702,nan,nan,nan,nan,nan,nan
18258,1,5,3,1,0,0,1,830,2,0,0,0,0,0,0,nan,nan,nan,nan,nan,nan,nan
18259,1,5,2,2,0,0,1,830,2,0,0,0,0,0,0,nan,nan,18.945293341119395,nan,nan,nan,nan
18260,1,5,2,2,0,0,1,830,2,0,0,0,0,0,0,nan,nan,nan,nan,nan,nan,nan
18261,1,5,2,2,0,0,1,830,2,0,0,0,0,0,0,nan,nan,nan,nan,nan,nan,nan
18262,1,5,2,2,0,0,0,831,2,0,0,0,0,0,0,nan,nan,nan,nan,nan,nan,22.781942672401783
18263,1,5,2,2,0,0,0,831,2,0,0,0,0,0,0,nan,nan,nan,nan,nan,nan,nan
18264,1,5,2,2,0,0,0,831,2,0,0,0,0,0,0,nan,nan,nan,nan,nan,nan,nan
18265,1,5,2,2,0,0,0,831,2,0,0,0,0,0,0,nan,nan,nan,nan,nan,nan,nan
18266,1,5,2,2,0,0,0,831,2,0,0,0,0,0,0,nan,nan,nan,nan,nan,nan,nan
18267,1,5,3,2,0,0,0,831,0,0,0,0,0,0,0,nan,24.53861580825469,nan,nan,nan,nan,nan
18268,1,5,3,2,0,0,0,831,0,0,0,0,0,0,0,nan,nan,nan,nan,nan,nan,nan
18269,1,5,3,1,1,0,0,831,0,0,0,0,0,0,0,nan,nan,nan,14.752153575034754,nan,nan,nan
18270,1,5,3,1,1,0,0,831,0,0,0,0,0,0,0,nan,nan,nan,nan,nan,nan,nan
18271,1,5,3,1,1,0,0,831,0,0,0,0,0,0,0,nan,nan,nan,nan,nan,nan,nan
18272,1,5,3,1,1,0,0,831,0,0,0,0,0,0,0,nan,nan,nan,nan,nan,nan,nan
18273,1,5,3,1,1,0,0,831,0,0,0,0,0,0,0,nan,nan,nan,nan,nan,nan,nan
18274,1,5,3,1,1,0,0,831,0,0,0,0,0,0,0,nan,nan,nan,nan,nan,nan,nan
18275,1,5,3,1,1,0,0,831,0,0,0,0,0,0,0,nan,nan,nan,nan,nan,nan,nan
18276,1,5,3,1,1,0,0,831,0,0,0,0,0,0,0,nan,nan,nan,nan,nan,nan,nan
18277,1,4,4,1,1,0,0,831,0,0,0,0,0,0,0,nan,10.259229076415068,nan,nan,nan,nan,nan
18278,1,4,4,1,1,0,0,831,0,0,0,0,0,0,0,nan,nan,nan,nan,nan,nan,nan
18279,1,4,4,1,1,0,0,831,0,0,0,0,0,0,0,nan,nan,nan,nan,nan,nan,nan
18280,1,4,4,1,0,1,0,831,0,0,0,0,0,0,0,nan,nan,nan,nan,34.11856501924558,nan,nan
18281,1,4,4,1,0,1,0,831,0,0,0,0,0,0,0,nan,nan,nan,nan,nan,nan,nan
18282,1,4,3,1,1,1,0,831,0,0,0,0,0,0,0,nan,nan,23.235244252362463,12.646123330123373,nan,nan,nan
18283,1,4,3,1,1,1,0,831,0,0,0,0,0,0,0,nan,nan,nan,nan,nan,nan,nan
18284,1,4,3,1,1,1,0,831,0,0,0,0,0,0,0,nan,nan,nan,nan,nan,nan,nan
18285,1,5,3,1,1,1,0,831,0,0,0,0,0,0,0,28.061726300864393,nan,nan,nan,nan,nan,nan
18286,1,5,3,1,1,0,1,831,0,0,0,0,0,0,0,nan,nan,nan,nan,nan,31.821447533653554,nan
18287,1,5,3,1,1,0,0,832,0,0,0,0,0,0,0,nan,nan,nan,nan,nan,nan,24.77793365702746
18288,1,5,3,1,1,0,0,832,0,0,0,0,0,0,0,nan,nan,nan,nan,nan,nan,nan
18289,1,5,3,1,1,0,0,832,0,0,0,0,0,0,0,nan,nan,nan,nan,nan,nan,nan
18290,1,5,3,1,1,0,0,832,0,0,0,0,0,0,0,nan,nan,nan,nan,nan,nan,nan
18291,1,5,3,1,1,0,0,832,0,0,0,0,0,0,0,nan,nan,nan,nan,nan,nan,nan
18292,1,5,3,1,1,0,0,832,0,0,0,0,0,0,0,nan,nan,nan,nan,nan,nan,nan
18293,1,5,3,1,1,0,0,832,0,0,0,0,0,0,0,nan,nan,nan,nan,nan,nan,nan
18294,1,5,2,2,1,0,0,832,0,0,0,0,0,0,0,nan,nan,11.763430785507808,nan,nan,nan,nan
18295,1,5,2,2,1,0,0,832,0,0,0,0,0,0,0,nan,nan,nan,nan,nan,nan,nan
18296,1,5,2,2,1,0,0,832,0,0,0,0,0,0,0,nan,nan,nan,nan,nan,nan,nan
18297,1,5,2,2,1,0,0,832,0,0,0,0,0,0,0,nan,nan,nan,nan,nan,nan,nan
18298,1,5,2,2,1,0,0,832,0,0,0,0,0,0,0,nan,nan,nan,nan,nan,nan,nan
18299,1,5,2,2,1,0,0,832,0,0,0,0,0,0,0,nan,nan,nan,nan,nan,nan,nan
18300,1,5,2,2,1,0,0,832,0,0,0,0,0,0,0,nan,nan,nan,nan,nan,nan,nan
18301,1,5,2,2,0,1,0,832,0,0,0,0,0,0,0,nan,nan,nan,nan,21.091167028193013,nan,nan
18302,1,5,2,2,0,1,0,832,0,0,0,0,0,0,0,nan,nan,nan,nan,nan,nan,nan
18303,1,4,3,2,0,1,0,832,0,0,0,0,0,0,0,nan,26.045978852551343,nan,nan,nan,nan,nan
18304,1,4,3,2,0,1,0,832,0,0,0,0,0,0,0,nan,nan,nan,nan,nan,nan,nan
18305,1,4,3,2,0,1,0,832,0,0,0,0,0,0,0,nan,nan,nan,nan,nan,nan,nan
18306,1,4,3,2,0,0,1,832,0,0,0,0,0,0,0,nan,nan,nan,nan,nan,20.142675247036095,nan
18307,1,5,3,2,0,0,1,832,0,0,0,0,0,0,0,21.93983175365429,nan,nan,nan,nan,nan,nan
18308,1,5,3,2,0,0,1,832,0,0,0,0,0,0,0,nan,nan,nan,nan,nan,nan,nan
18309,1,5,3,2,0,0,1,832,0,0,0,0,0,0,0,nan,nan,nan,nan,nan,nan,nan
18310,1,5,3,2,0,0,1,832,0,0,0,0,0,0,0,nan,nan,nan,nan,nan,nan,nan
18311,1,5,3,2,0,0,1,832,0,0,0,0,0,0,0,nan,nan,nan,nan,nan,nan,nan
18312,1,5,3,2,0,0,1,832,0,0,0,0,0,0,0,nan,nan,nan,nan,nan,nan,nan
18313,1,5,3,1,1,0,1,832,0,0,0,0,0,0,0,nan,nan,nan,31.309125831150595,nan,nan,nan
18314,1,5,3,1,1,0,1,832,0,0,0,0,0,0,0,nan,nan,nan,nan,nan,nan,nan
18315,1,4,4,1,1,0,1,832,0,0,0,0,0,0,0,nan,11.728822180324642,nan,nan,nan,nan,nan
18316,1,4,4,1,1,0,1,832,0,0,0,0,0,0,0,nan,nan,nan,nan,nan,nan,nan
18317,1,4,4,1,1,0,0,833,0,0,0,0,0,0,0,nan,nan,nan,nan,nan,nan,29.499970875804138
18318,1,4,4,1,1,0,0,833,0,0,0,0,0,0,0,nan,nan,nan,nan,nan,nan,nan
18319,1,4,4,1,0,1,0,833,0,0,0,0,0,0,0,nan,nan,nan,nan,18.297276495348342,nan,nan
18320,1,4,4,1,0,0,1,833,0,0,0,0,0,0,0,nan,nan,nan,nan,nan,13.935257720317168,nan
18321,1,4,3,2,0,0,1,833,0,0,0,0,0,0,0,nan,nan,26.72971213348501,nan,nan,nan,nan
18322,1,4,3,2,0,0,1,833,0,0,0,0,0,0,0,nan,nan,nan,nan,nan,nan,nan
18323,1,4,3,2,0,0,1,833,0,0,0,0,0,0,0,nan,nan,nan,nan,nan,nan,nan
18324,1,4,3,2,0,0,1,833,0,0,0,0,0,0,0,nan,nan,nan,nan,nan,nan,nan
18325,1,4,3,2,0,0,1,833,0,0,0,0,0,0,0,nan,nan,nan,nan,nan,nan,nan
18326,1,4,3,2,0,0,1,833,0,0,0,0,0,0,0,nan,nan,nan,nan,nan,nan,nan
18327,1,4,3,2,0,0,1,833,0,0,0,0,0,0,0,nan,nan,nan,nan,nan,nan,nan
18328,1,4,3,2,0,0,1,833,0,0,0,0,0,0,0,nan,nan,nan,nan,nan,nan,nan
18329,1,4,3,1,1,0,0,834,0,0,0,0,0,0,0,nan,nan,nan,16.015239651438606,nan,nan,12.818010309532838
18330,1,4,3,1,1,0,0,834,0,0,0,0,0,0,0,nan,nan,nan,nan,nan,nan,nan
18331,1,5,3,1,1,0,0,834,0,0,0,0,0,0,0,24.2984563822356,nan,nan,nan,nan,nan,nan
18332,1,5,3,1,1,0,0,834,0,0,0,0,0,0,0,nan,nan,nan,nan,nan,nan,nan
18333,1,4,4,1,1,0,0,834,0,0,0,0,0,0,0,nan,17.491168713557272,nan,nan,nan,nan,nan
18334,1,4,4,1,1,0,0,834,0,0,0,0,0,0,0,nan,nan,nan,nan,nan,nan,nan
18335,1,4,4,1,1,0,0,834,0,0,0,0,0,0,0,nan,nan,nan,nan,nan,nan,nan
18336,1,4,4,1,0,1,0,834,0,0,0,0,0,0,0,nan,nan,nan,nan,16.63232970246463,nan,nan
18337,1,4,4,1,0,1,0,834,0,0,0,0,0,0,0,nan,nan,nan,nan,nan,nan,nan
18338,1,4,4,1,0,1,0,834,0,0,0,0,0,0,0,nan,nan,nan,nan,nan,nan,nan
18339,1,4,4,1,0,1,0,834,0,0,0,0,0,0,0,nan,nan,nan,nan,nan,nan,nan
18340,1,4,3,2,0,1,0,834,0,0,0,0,0,0,0,nan,nan,19.027897085485165,nan,nan,nan,nan
18341,1,4,3,2,0,1,0,834,0,0,0,0,0,0,0,nan,nan,nan,nan,nan,nan,nan
18342,1,4,3,2,0,1,0,834,0,0,0,0,0,0,0,nan,nan,nan,nan,nan,nan,nan
18343,1,4,3,2,0,1,0,834,0,0,0,0,0,0,0,nan,nan,nan,nan,nan,nan,nan
18344,1,4,3,2,0,1,0,834,0,0,0,0,0,0,0,nan,nan,nan,nan,nan,nan,nan
18345,1,4,3,2,0,0,1,834,0,0,0,0,0,0,0,nan,nan,nan,nan,nan,24.98747448560971,nan
18346,1,4,3,1,1,0,1,834,0,0,0,0,0,0,0,nan,nan,nan,16.92971053524161,nan,nan,nan
18347,1,4,3,1,1,0,1,834,0,0,0,0,0,0,0,nan,nan,nan,nan,nan,nan,nan
18348,1,4,3,1,1,0,1,834,0,0,0,0,0,0,0,nan,nan,nan,nan,nan,nan,nan
18349,1,4,3,1,1,0,1,834,0,0,0,0,0,0,0,nan,nan,nan,nan,nan,nan,nan
18350,1,4,3,1,0,1,1,834,0,0,0,0,0,0,0,nan,nan,nan,nan,14.16311924512047,nan,nan
18351,1,4,3,1,0,1,0,835,0,0,0,0,0,0,0,nan,nan,nan,nan,nan,nan,21.109914708547876
18352,1,4,3,1,0,1,0,835,0,0,0,0,0,0,0,nan,nan,nan,nan,nan,nan,nan
18353,1,4,3,1,0,1,0,835,0,0,0,0,0,0,0,nan,nan,nan,nan,nan,nan,nan
18354,1,3,4,1,0,1,0,835,0,0,0,0,0,0,0,nan,21.642797635417082,nan,nan,nan,nan,nan
18355,1,3,3,2,0,1,0,835,0,0,0,0,0,0,0,nan,nan,15.55295415753426,nan,nan,nan,nan
18356,1,3,3,2,0,1,0,835,0,0,0,0,0,0,0,nan,nan,nan,nan,nan,nan,nan
18357,1,3,3,2,0,1,0,835,0,0,0,0,0,0,0,nan,nan,nan,nan,nan,nan,nan
18358,1,3,3,2,0,1,0,835,0,0,0,0,0,0,0,nan,nan,nan,nan,nan,nan,nan
18359,1,3,3,1,1,1,0,835,0,0,0,0,0,0,0,nan,nan,nan,13.125416104652686,nan,nan,nan
18360,1,3,3,1,1,1,0,835,0,0,0,0,0,0,0,nan,nan,nan,nan,nan,nan,nan
18361,1,4,3,1,1,1,0,835,0,0,0,0,0,0,0,29.96371893919786,nan,nan,nan,nan,nan,nan
18362,1,4,3,1,1,0,1,835,0,0,0,0,0,0,0,nan,nan,nan,nan,nan,16.686530387687526,nan
18363,1,4,3,1,1,0,1,835,0,0,0,0,0,0,0,nan,nan,nan,nan,nan,nan,nan
18364,1,4,3,1,1,0,1,835,0,0,0,0,0,0,0,nan,nan,nan,nan,nan,nan,nan
18365,1,4,3,1,0,1,1,835,0,0,0,0,0,0,0,nan,nan,nan,nan,14.867489603282593,nan,nan
18366,1,4,3,1,0,1,1,835,0,0,0,0,0,0,0,nan,nan,nan,nan,nan,nan,nan
18367,1,4,3,1,0,1,1,835,0,0,0,0,0,0,0,nan,nan,nan,nan,nan,nan,nan
18368,1,4,3,1,0,1,1,835,0,0,0,0,0,0,0,nan,nan,nan,nan,nan,nan,nan
18369,1,4,3,1,0,1,1,835,0,0,0,0,0,0,0,nan,nan,nan,nan,nan,nan,nan
18370,1,4,3,1,0,1,1,835,0,0,0,0,0,0,0,nan,nan,nan,nan,nan,nan,nan
18371,1,3,4,1,0,1,1,835,0,0,0,0,0,0,0,nan,16.61610780502815,nan,nan,nan,nan,nan
18372,1,3,4,1,0,1,1,835,0,0,0,0,0,0,0,nan,nan,nan,nan,nan,nan,nan
18373,1,3,3,2,0,1,1,835,0,0,0,0,0,0,0,nan,nan,17.336787695738167,nan,nan,nan,nan
18374,1,3,3,2,0,1,0,836,0,0,0,0,0,0,0,nan,nan,nan,nan,nan,nan,23.575455510239408
18375,1,3,3,2,0,1,0,836,0,0,0,0,0,0,0,nan,nan,nan,nan,nan,nan,nan
18376,1,3,3,2,0,2,0,836,0,0,0,0,1,0,0,nan,nan,nan,nan,11.43971201641034,nan,nan
18377,1,3,3,1,0,2,0,836,0,0,0,0,0,0,0,nan,nan,nan,17.816107657512475,nan,nan,nan
18378,1,3,3,1,0,2,0,836,0,0,0,0,0,0,0,nan,nan,nan,nan,nan,nan,nan
18379,1,3,3,1,0,1,1,836,0,0,0,0,0,0,0,nan,nan,nan,nan,nan,17.803413850462675,nan
18380,1,4,3,1,0,1,1,836,0,0,0,0,0,0,0,19.125680011533404,nan,nan,nan,nan,nan,nan
18381,1,4,3,1,0,1,1,836,0,0,0,0,0,0,0,nan,nan,nan,nan,nan,nan,nan
18382,1,4,3,1,0,1,1,836,0,0,0,0,0,0,0,nan,nan,nan,nan,nan,nan,nan
18383,1,4,3,1,0,1,1,836,0,0,0,0,0,0,0,nan,nan,nan,nan,nan,nan,nan
18384,1,4,3,1,0,1,1,836,0,0,0,0,0,0,0,nan,nan,nan,nan,nan,nan,nan
18385,1,4,2,2,0,1,0,837,0,0,0,0,0,0,0,nan,nan,12.359157837992825,nan,nan,nan,11.196270884167461
18386,1,4,2,2,0,1,0,837,0,0,0,0,0,0,0,nan,nan,nan,nan,nan,nan,nan
18387,1,4,2,2,0,1,0,837,0,0,0,0,0,0,0,nan,nan,nan,nan,nan,nan,nan
18388,1,4,2,1,1,1,0,837,0,0,0,0,0,0,0,nan,nan,nan,11.149394077230681,nan,nan,nan
18389,1,4,2,1,1,1,0,837,0,0,0,0,0,0,0,nan,nan,nan,nan,nan,nan,nan
18390,1,4,2,1,1,1,0,837,0,0,0,0,0,0,0,nan,nan,nan,nan,nan,nan,nan
18391,1,4,2,1,1,0,1,837,0,0,0,0,0,0,0,nan,nan,nan,nan,nan,11.335647755320679,nan
18392,1,4,2,1,1,0,1,837,0,0,0,0,0,0,0,nan,nan,nan,nan,nan,nan,nan
18393,1,3,3,1,1,0,1,837,0,0,0,0,0,0,0,nan,22.060393835508876,nan,nan,nan,nan,nan
18394,1,3,3,1,1,0,1,837,0,0,0,0,0,0,0,nan,nan,nan,nan,nan,nan,nan
18395,1,3,3,1,1,0,1,837,0,0,0,0,0,0,0,nan,nan,nan,nan,nan,nan,nan
18396,1,3,3,1,0,1,1,837,0,0,0,0,0,0,0,nan,nan,nan,nan,19.72334791123285,nan,nan
18397,1,3,3,1,0,1,1,837,0,0,0,0,0,0,0,nan,nan,nan,nan,nan,nan,nan
18398,1,4,3,1,0,1,1,837,0,0,0,0,0,0,0,17.89830570862614,nan,nan,nan,nan,nan,nan
18399,1,4,3,1,0,1,1,837,0,0,0,0,0,0,0,nan,nan,nan,nan,nan,nan,nan
18400,1,4,3,1,0,1,0,838,0,0,0,0,0,0,0,nan,nan,nan,nan,nan,nan,14.734511604077852
18401,1,4,3,0,1,1,0,838,0,0,0,0,0,0,0,nan,nan,nan,12.665314810124983,nan,nan,nan
18402,1,4,3,0,1,1,0,838,0,0,0,0,0,0,0,nan,nan,nan,nan,nan,nan,nan
18403,1,4,3,0,1,1,0,838,0,0,0,0,0,0,0,nan,nan,nan,nan,nan,nan,nan
18404,1,3,4,0,1,1,0,838,0,0,0,0,0,0,0,nan,11.492615413204476,nan,nan,nan,nan,nan
18405,1,3,4,0,1,0,1,838,0,0,0,0,0,0,0,nan,nan,nan,nan,nan,14.35825514188764,nan
18406,1,3,4,0,1,0,1,838,0,0,0,0,0,0,0,nan,nan,nan,nan,nan,nan,nan
18407,1,3,4,0,1,0,1,838,0,0,0,0,0,0,0,nan,nan,nan,nan,nan,nan,nan
18408,1,4,3,1,1,0,1,838,0,0,0,0,0,0,0,9.975169454013667,nan,23.372286233927298,nan,nan,nan,nan
18409,1,4,3,1,1,0,1,838,0,0,0,0,0,0,0,nan,nan,nan,nan,nan,nan,nan
18410,1,4,3,0,2,0,1,838,0,0,0,0,0,0,0,nan,nan,nan,8.995675351892714,nan,nan,nan
18411,1,4,3,0,2,0,1,838,0,0,0,0,0,0,0,nan,nan,nan,nan,nan,nan,nan
18412,1,4,3,0,2,0,1,838,0,0,0,0,0,0,0,nan,nan,nan,nan,nan,nan,nan
18413,1,4,3,0,2,0,0,839,0,0,0,0,0,0,0,nan,nan,nan,nan,nan,nan,12.901280177811714
18414,1,4,3,0,2,0,0,839,0,0,0,0,0,0,0,nan,nan,nan,nan,nan,nan,nan
18415,1,4,3,0,2,0,0,839,0,0,0,0,0,0,0,nan,nan,nan,nan,nan,nan,nan
18416,1,4,3,0,2,0,0,839,0,0,0,0,0,0,0,nan,nan,nan,nan,nan,nan,nan
18417,1,4,3,0,2,0,0,839,0,0,0,0,0,0,0,nan,nan,nan,nan,nan,nan,nan
18418,1,4,3,0,2,0,0,839,0,0,0,0,0,0,0,nan,nan,nan,nan,nan,nan,nan
18419,1,4,3,0,2,0,0,839,0,0,0,0,0,0,0,nan,nan,nan,nan,nan,nan,nan
18420,1,4,3,0,2,0,0,839,0,0,0,0,0,0,0,nan,nan,nan,nan,nan,nan,nan
18421,1,4,3,0,2,0,1,839,0,0,0,0,0,1,0,nan,nan,nan,nan,nan,16.226650863009127,nan
18422,1,4,3,0,2,0,1,839,0,0,0,0,0,1,0,nan,nan,nan,nan,nan,nan,nan
18423,1,4,3,0,1,0,1,839,0,0,0,0,0,0,0,nan,nan,nan,nan,27.2057035119833,nan,nan
18424,1,4,3,0,2,0,0,840,0,0,0,1,0,0,0,nan,nan,nan,14.29587278150575,nan,nan,11.403098639468226
18425,1,4,3,0,2,0,0,840,0,0,0,1,0,0,0,nan,nan,nan,nan,nan,nan,nan
18426,1,4,3,0,2,0,0,840,0,0,0,1,0,0,0,nan,nan,nan,nan,nan,nan,nan
18427,1,4,3,0,2,0,0,840,0,0,0,1,0,0,0,nan,nan,nan,nan,nan,nan,nan
18428,1,4,3,0,2,0,0,840,0,0,0,1,0,0,0,nan,nan,nan,nan,nan,nan,nan
18429,1,4,3,0,2,0,0,840,0,0,0,1,0,0,0,nan,nan,nan,nan,nan,nan,nan
18430,1,5,3,0,2,0,0,840,0,0,0,1,0,0,0,22.302890896648023,nan,nan,nan,nan,nan,nan
18431,1,5,3,0,2,0,0,840,0,0,0,1,0,0,0,nan,nan,nan,nan,nan,nan,nan
18432,1,5,3,0,2,0,0,840,0,0,0,1,0,0,0,nan,nan,nan,nan,nan,nan,nan
18433,1,4,4,0,2,0,0,840,0,0,0,1,0,0,0,nan,28.43356111339017,nan,nan,nan,nan,nan
18434,1,4,4,0,2,0,0,840,0,0,0,1,0,0,0,nan,nan,nan,nan,nan,nan,nan
18435,1,4,4,0,2,0,0,840,0,0,0,1,0,0,0,nan,nan,nan,nan,nan,nan,nan
18436,1,4,4,0,2,0,0,840,0,0,0,1,0,0,0,nan,nan,nan,nan,nan,nan,nan
18437,1,4,3,0,2,0,0,840,0,0,0,0,0,0,0,nan,nan,29.17176022472995,nan,nan,nan,nan
18438,1,4,3,0,2,0,0,840,0,0,0,0,0,0,0,nan,nan,nan,nan,nan,nan,nan
18439,1,4,3,0,2,0,0,840,0,0,0,0,0,0,0,nan,nan,nan,nan,nan,nan,nan
18440,1,4,3,0,2,0,0,841,0,0,0,0,0,0,1,nan,nan,nan,nan,nan,nan,15.421675166620844
18441,1,4,3,0,2,0,0,841,0,0,0,0,0,0,1,nan,nan,nan,nan,nan,nan,nan
18442,1,4,3,0,2,0,0,841,0,0,0,0,0,0,1,nan,nan,nan,nan,nan,nan,nan
18443,1,4,3,0,2,0,0,841,0,0,0,0,0,0,1,nan,nan,nan,nan,nan,nan,nan
18444,1,4,3,0,1,1,0,841,0,0,0,0,0,0,1,nan,nan,nan,nan,21.07685708272038,nan,nan
18445,1,4,3,0,1,1,0,841,0,0,0,0,0,0,1,nan,nan,nan,nan,nan,nan,nan
18446,1,4,3,0,1,1,0,841,0,0,0,0,0,0,1,nan,nan,nan,nan,nan,nan,nan
18447,1,4,3,0,1,1,0,841,0,0,0,0,0,0,1,nan,nan,nan,nan,nan,nan,nan
18448,1,4,3,0,1,1,0,841,0,0,0,0,0,0,1,nan,nan,nan,nan,nan,nan,nan
18449,1,4,3,0,1,1,0,841,0,0,0,0,0,0,1,nan,nan,nan,nan,nan,nan,nan
18450,1,4,3,0,1,1,0,841,0,0,0,0,0,0,1,nan,nan,nan,nan,nan,nan,nan
18451,1,4,3,0,1,1,0,841,0,0,0,0,0,0,1,nan,nan,nan,nan,nan,nan,nan
18452,1,4,3,0,1,0,0,841,0,0,0,0,0,0,0,nan,nan,nan,nan,nan,30.676885303742893,nan
18453,1,4,3,0,1,0,0,841,0,0,0,0,0,0,0,nan,nan,nan,nan,nan,nan,nan
18454,1,4,3,0,1,0,0,841,0,0,0,0,0,0,0,nan,nan,nan,nan,nan,nan,nan
18455,1,4,3,0,1,0,0,841,0,0,0,0,0,0,0,nan,nan,nan,nan,nan,nan,nan
18456,1,4,3,0,1,0,0,841,0,0,0,0,0,0,0,nan,nan,nan,nan,nan,nan,nan
18457,1,4,4,0,1,0,0,841,0,0,0,0,0,0,0,26.635073582954647,23.935561343187146,nan,nan,nan,nan,nan
18458,1,4,4,0,1,0,0,841,0,0,0,0,0,0,0,nan,nan,nan,nan,nan,nan,nan
18459,1,4,4,0,1,0,0,841,0,0,0,0,0,0,0,nan,nan,nan,nan,nan,nan,nan
18460,1,4,4,0,1,0,0,841,0,0,0,0,0,0,0,nan,nan,nan,nan,nan,nan,nan
18461,1,4,4,0,1,0,0,841,0,0,0,0,0,0,0,nan,nan,nan,nan,nan,nan,nan
18462,1,4,4,0,1,0,1,841,0,0,0,0,0,1,0,nan,nan,nan,nan,nan,9.970788979124336,nan
18463,1,4,4,0,2,0,1,841,0,0,0,1,0,1,0,nan,nan,nan,39.18736263296887,nan,nan,nan
18464,1,4,4,0,2,0,1,841,0,0,0,1,0,1,0,nan,nan,nan,nan,nan,nan,nan
18465,1,4,3,0,2,0,1,841,0,0,0,0,0,1,0,nan,nan,27.137604018102138,nan,nan,nan,nan
18466,1,4,3,0,2,0,1,841,0,0,0,0,0,1,0,nan,nan,nan,nan,nan,nan,nan
18467,1,5,3,0,2,0,1,841,0,0,0,0,0,1,0,10.159533318095782,nan,nan,nan,nan,nan,nan
18468,1,5,3,0,2,0,1,841,0,0,0,0,0,1,0,nan,nan,nan,nan,nan,nan,nan
18469,1,5,3,0,2,0,1,841,0,0,0,0,0,1,0,nan,nan,nan,nan,nan,nan,nan
18470,1,5,3,0,2,0,1,841,0,0,0,0,0,1,0,nan,nan,nan,nan,nan,nan,nan
18471,1,5,3,0,2,0,1,841,0,0,0,0,0,1,0,nan,nan,nan,nan,nan,nan,nan
18472,1,4,4,0,2,0,1,841,0,0,0,0,0,1,0,nan,15.545604990176798,nan,nan,nan,nan,nan
18473,1,4,4,0,2,0,1,841,0,0,0,0,0,1,0,nan,nan,nan,nan,nan,nan,nan
18474,1,4,4,0,1,0,1,841,0,0,0,0,0,0,0,nan,nan,nan,nan,29.32635240410309,nan,nan
18475,1,4,4,0,1,0,1,841,0,0,0,0,0,0,0,nan,nan,nan,nan,nan,nan,nan
18476,1,4,4,0,1,0,1,841,0,0,0,0,0,0,0,nan,nan,nan,nan,nan,nan,nan
18477,1,4,4,0,1,0,1,841,0,0,0,0,0,0,0,nan,nan,nan,nan,nan,nan,nan
18478,1,4,4,0,1,0,0,842,0,0,0,0,0,0,0,nan,nan,nan,nan,nan,nan,37.96140323042346
18479,1,4,4,0,1,0,0,842,0,0,0,0,0,0,0,nan,nan,nan,nan,nan,nan,nan
18480,1,4,4,0,1,0,0,842,0,0,0,0,0,0,0,nan,nan,nan,nan,nan,nan,nan
18481,1,4,4,0,1,0,0,842,0,0,0,0,0,0,0,nan,nan,nan,nan,nan,nan,nan
18482,1,4,4,0,1,0,0,842,0,0,0,0,0,0,0,nan,nan,nan,nan,nan,nan,nan
18483,1,4,4,0,1,0,0,842,0,0,0,0,0,0,0,nan,nan,nan,nan,nan,nan,nan
18484,1,3,5,0,1,0,0,842,0,0,0,0,0,0,0,nan,11.267764258769603,nan,nan,nan,nan,nan
18485,1,3,5,0,1,0,0,842,0,0,0,0,0,0,0,nan,nan,nan,nan,nan,nan,nan
18486,1,4,5,0,1,0,0,842,0,0,0,0,0,0,0,19.302187352077453,nan,nan,nan,nan,nan,nan
18487,1,4,5,0,1,0,0,842,0,0,0,0,0,0,0,nan,nan,nan,nan,nan,nan,nan
18488,1,4,5,0,1,0,0,842,0,0,0,0,0,0,0,nan,nan,nan,nan,nan,nan,nan
18489,1,4,5,0,2,0,0,842,0,0,0,1,0,0,0,nan,nan,nan,25.375948398614128,nan,nan,nan
18490,1,4,4,0,2,0,0,843,0,0,0,0,0,0,1,nan,nan,25.854784413910238,nan,nan,nan,11.859119896824268
18491,1,4,4,0,2,0,0,843,0,0,0,0,0,1,0,nan,nan,nan,nan,nan,28.848909928219655,nan
18492,1,4,4,0,2,0,0,843,0,0,0,0,0,1,0,nan,nan,nan,nan,nan,nan,nan
18493,1,4,4,0,1,0,0,843,0,0,0,0,0,0,0,nan,nan,nan,nan,19.273085988035746,nan,nan
18494,1,4,4,0,1,0,0,843,0,0,0,0,0,0,0,nan,nan,nan,nan,nan,nan,nan
18495,1,4,4,0,1,0,0,843,0,0,0,0,0,0,0,nan,nan,nan,nan,nan,nan,nan
18496,1,4,4,0,1,0,0,843,0,0,0,0,0,0,0,nan,nan,nan,nan,nan,nan,nan
18497,1,4,4,0,1,0,0,843,0,0,0,0,0,0,0,nan,nan,nan,nan,nan,nan,nan
18498,1,4,4,0,1,0,0,843,0,0,0,0,0,0,0,nan,nan,nan,nan,nan,nan,nan
18499,1,4,4,0,1,0,0,843,0,0,0,0,0,0,0,nan,nan,nan,nan,nan,nan,nan
18500,1,3,5,0,1,0,0,843,0,0,0,0,0,0,0,nan,16.841999157775717,nan,nan,nan,nan,nan
18501,1,3,5,0,1,0,0,843,0,0,0,0,0,0,0,nan,nan,nan,nan,nan,nan,nan
18502,1,3,5,0,1,0,0,843,0,0,0,0,0,0,0,nan,nan,nan,nan,nan,nan,nan
18503,1,3,5,0,1,0,0,843,0,0,0,0,0,0,0,nan,nan,nan,nan,nan,nan,nan
18504,1,3,5,0,1,0,0,843,0,0,0,0,0,0,0,nan,nan,nan,nan,nan,nan,nan
18505,1,4,5,0,1,0,0,843,0,0,0,0,0,0,0,18.42568383055186,nan,nan,nan,nan,nan,nan
18506,1,4,5,0,0,1,0,843,0,0,0,0,0,0,0,nan,nan,nan,nan,12.71457210072549,nan,nan
18507,1,4,5,0,0,1,0,843,0,0,0,0,0,0,0,nan,nan,nan,nan,nan,nan,nan
18508,1,4,5,0,0,1,0,843,0,0,0,0,0,0,0,nan,nan,nan,nan,nan,nan,nan
18509,1,4,5,0,0,0,0,844,0,0,0,0,0,0,0,nan,nan,nan,nan,nan,18.240361093168758,19.254090039983566
18510,1,4,5,0,0,0,0,844,0,0,0,0,0,0,0,nan,nan,nan,nan,nan,nan,nan
18511,1,4,5,0,1,0,0,844,0,0,0,1,0,0,0,nan,nan,nan,22.22771950782044,nan,nan,nan
18512,1,4,5,0,1,0,0,844,0,0,0,1,0,0,0,nan,nan,nan,nan,nan,nan,nan
18513,1,4,5,0,1,0,0,844,0,0,0,1,0,0,0,nan,nan,nan,nan,nan,nan,nan
18514,1,4,5,0,1,0,0,844,0,0,0,1,0,0,0,nan,nan,nan,nan,nan,nan,nan
18515,1,5,5,0,1,0,0,844,0,0,0,1,0,0,0,9.880128677748871,nan,nan,nan,nan,nan,nan
18516,1,5,5,0,1,0,0,844,0,0,0,1,0,0,0,nan,nan,nan,nan,nan,nan,nan
18517,1,5,5,0,1,0,0,844,0,0,0,1,0,0,0,nan,nan,nan,nan,nan,nan,nan
18518,1,5,5,0,1,0,0,844,0,0,0,1,0,0,0,nan,nan,nan,nan,nan,nan,nan
18519,1,5,5,0,1,0,0,844,0,0,0,1,0,0,0,nan,nan,nan,nan,nan,nan,nan
18520,1,5,5,0,1,0,0,844,0,0,0,1,0,0,0,nan,nan,nan,nan,nan,nan,nan
18521,1,5,5,0,1,0,0,844,0,0,0,1,0,0,0,nan,nan,nan,nan,nan,nan,nan
18522,1,5,5,0,1,0,0,844,0,0,0,1,0,0,0,nan,nan,nan,nan,nan,nan,nan
18523,1,5,4,0,1,0,0,844,0,0,0,0,0,0,0,nan,nan,32.06641064906944,nan,nan,nan,nan
18524,1,5,4,0,1,0,0,845,0,0,0,0,0,0,1,nan,nan,nan,nan,nan,nan,15.204687099605508
18525,1,5,5,0,1,0,0,845,0,0,0,0,0,0,1,10.602355415692728,24.34843463559082,nan,nan,nan,nan,nan
18526,1,5,5,0,1,0,0,845,0,0,0,0,0,1,0,nan,nan,nan,nan,nan,17.11748686224746,nan
18527,1,5,5,0,1,0,0,845,0,0,0,0,0,1,0,nan,nan,nan,nan,nan,nan,nan
18528,1,5,5,0,1,0,0,845,0,0,0,0,0,1,0,nan,nan,nan,nan,nan,nan,nan
18529,1,5,5,0,1,0,0,845,0,0,0,0,0,1,0,nan,nan,nan,nan,nan,nan,nan
18530,1,5,5,0,1,0,0,845,0,0,0,0,0,1,0,nan,nan,nan,nan,nan,nan,nan
18531,1,5,5,0,1,0,0,845,0,0,0,0,0,1,0,nan,nan,nan,nan,nan,nan,nan
18532,1,5,5,0,1,0,0,845,0,0,0,0,0,1,0,nan,nan,nan,nan,nan,nan,nan
18533,1,5,5,0,1,0,0,845,0,0,0,0,0,1,0,nan,nan,nan,nan,nan,nan,nan
18534,1,5,5,0,1,0,0,845,0,0,0,0,0,1,0,nan,nan,nan,nan,nan,nan,nan
18535,1,5,5,0,0,0,0,845,0,0,0,0,0,0,0,nan,nan,nan,nan,28.7631853684652,nan,nan
18536,1,5,5,0,0,0,0,845,0,0,0,0,0,0,0,nan,nan,nan,nan,nan,nan,nan
18537,1,5,5,0,0,0,0,845,0,0,0,0,0,0,0,nan,nan,nan,nan,nan,nan,nan
18538,1,5,5,0,0,0,0,845,0,0,0,0,0,0,0,nan,nan,nan,nan,nan,nan,nan
18539,1,5,5,0,0,0,0,845,0,0,0,0,0,0,0,nan,nan,nan,nan,nan,nan,nan
18540,1,5,5,0,0,0,0,845,0,2,0,0,0,0,0,nan,14.81357394582301,nan,nan,nan,nan,nan
18541,1,5,5,0,0,0,0,845,0,2,0,0,0,0,0,nan,nan,nan,nan,nan,nan,nan
18542,1,5,5,0,1,0,0,845,0,2,0,1,0,0,0,nan,nan,nan,30.732431834883755,nan,nan,nan
18543,1,5,5,0,1,0,0,845,0,2,0,1,0,0,0,nan,nan,nan,nan,nan,nan,nan
18544,1,5,5,0,1,0,0,846,0,2,0,1,0,0,1,nan,nan,nan,nan,nan,nan,20.060523190764798
18545,1,5,5,0,1,0,0,846,0,2,0,1,0,0,1,nan,nan,nan,nan,nan,nan,nan
18546,1,5,5,0,1,0,0,846,0,2,0,1,0,1,0,nan,nan,nan,nan,nan,19.607071032780368,nan
18547,1,5,5,0,1,0,0,846,0,2,0,1,0,1,0,nan,nan,nan,nan,nan,nan,nan
18548,1,5,5,0,0,0,0,846,2,2,0,1,0,0,0,22.696092498401413,nan,nan,nan,13.872841525335389,nan,nan
18549,1,5,5,0,0,0,0,846,2,2,0,1,0,0,0,nan,nan,nan,nan,nan,nan,nan
18550,1,5,5,0,0,0,0,846,2,2,0,1,0,0,0,nan,nan,nan,nan,nan,nan,nan
18551,1,5,5,0,0,0,0,846,2,2,0,1,0,0,0,nan,nan,nan,nan,nan,nan,nan
18552,1,5,5,0,0,0,0,846,2,2,0,1,0,0,0,nan,nan,nan,nan,nan,nan,nan
18553,1,5,5,0,0,0,0,846,2,2,0,1,0,0,0,nan,nan,nan,nan,nan,nan,nan
18554,1,5,5,0,0,0,0,846,2,2,0,1,0,0,0,nan,nan,nan,nan,nan,nan,nan
18555,1,5,5,0,0,0,0,846,2,2,0,1,0,0,0,nan,nan,nan,nan,nan,nan,nan
18556,1,5,5,0,0,0,0,846,2,2,0,1,0,0,0,nan,nan,nan,nan,nan,nan,nan
18557,1,5,5,0,0,0,0,846,2,2,0,1,0,0,0,nan,nan,nan,nan,nan,nan,nan
18558,1,5,5,0,0,0,0,846,2,2,0,1,0,0,0,nan,nan,nan,nan,nan,nan,nan
18559,1,5,5,0,0,0,0,847,2,2,0,1,0,0,1,nan,nan,nan,nan,nan,nan,14.86512846196274
18560,1,5,5,0,0,0,0,847,2,2,0,1,0,0,1,nan,nan,nan,nan,nan,nan,nan
18561,1,5,5,0,0,1,0,847,2,2,0,1,1,0,1,nan,nan,nan,nan,12.843018210853188,nan,nan
18562,1,5,5,0,0,1,0,847,0,0,0,0,1,0,1,nan,nan,39.51773643224442,nan,nan,nan,nan
18563,1,5,5,0,0,1,0,847,0,0,0,0,1,0,1,nan,nan,nan,nan,nan,nan,nan
18564,1,5,5,0,0,1,0,847,0,0,0,0,1,0,1,nan,nan,nan,nan,nan,nan,nan
18565,1,5,5,0,0,1,0,847,0,0,0,0,1,0,1,nan,nan,nan,nan,nan,nan,nan
18566,1,5,5,0,0,0,0,847,0,0,0,0,1,0,0,nan,nan,nan,nan,nan,20.3647799956816,nan
18567,1,5,5,0,0,0,0,847,0,0,0,0,1,0,0,nan,nan,nan,nan,nan,nan,nan
18568,1,5,5,0,0,0,0,847,0,0,0,0,1,0,0,nan,nan,nan,nan,nan,nan,nan
18569,1,5,5,0,0,0,0,847,0,0,0,0,1,0,0,nan,nan,nan,nan,nan,nan,nan
18570,1,5,5,0,0,0,0,847,0,0,0,0,1,0,0,nan,nan,nan,nan,nan,nan,nan
18571,1,5,5,0,0,0,0,847,0,0,0,0,1,0,0,nan,nan,nan,nan,nan,nan,nan
18572,1,5,5,0,0,0,0,847,0,0,0,0,1,0,0,nan,nan,nan,nan,nan,nan,nan
18573,1,5,5,0,0,0,0,847,0,0,0,0,1,0,0,nan,nan,nan,nan,nan,nan,nan
18574,1,5,5,0,0,0,0,847,0,0,0,0,1,0,0,nan,nan,nan,nan,nan,nan,nan
18575,1,5,5,0,0,0,0,847,2,0,0,1,0,0,0,27.18088719176376,nan,nan,33.41878392077706,nan,nan,nan
18576,1,5,5,0,0,0,0,847,2,0,0,1,0,0,0,nan,nan,nan,nan,nan,nan,nan
18577,1,5,5,0,0,0,0,847,2,0,0,1,0,0,0,nan,nan,nan,nan,nan,nan,nan
18578,1,5,5,0,0,0,1,847,2,0,0,1,0,1,0,nan,nan,nan,nan,nan,12.242023136699572,nan
18579,1,5,4,0,0,0,1,847,2,0,0,0,0,1,0,nan,nan,16.562811117044475,nan,nan,nan,nan
18580,1,5,4,0,0,0,1,847,2,0,0,0,0,1,0,nan,nan,nan,nan,nan,nan,nan
18581,1,5,4,0,0,0,0,848,2,0,0,0,0,1,0,nan,nan,nan,nan,nan,nan,22.24654106854723
18582,1,5,4,0,0,0,0,848,2,0,0,0,0,1,0,nan,nan,nan,nan,nan,nan,nan
18583,1,5,4,0,0,0,0,848,2,0,0,0,0,1,0,nan,nan,nan,nan,nan,nan,nan
18584,1,5,4,0,0,0,0,848,2,0,0,0,0,1,0,nan,nan,nan,nan,nan,nan,nan
18585,1,5,4,0,0,0,0,848,2,0,0,0,0,1,0,nan,nan,nan,nan,nan,nan,nan
18586,1,5,4,0,0,0,0,848,2,0,0,0,0,1,0,nan,nan,nan,nan,nan,nan,nan
18587,1,5,4,0,0,0,0,848,2,0,0,0,1,0,0,nan,nan,nan,nan,26.036239753946575,nan,nan
18588,1,5,4,0,0,0,0,848,2,0,0,0,1,0,0,nan,nan,nan,nan,nan,nan,nan
18589,1,5,5,0,0,0,0,848,0,0,0,1,0,0,0,nan,48.9848493264617,nan,14.184352900447266,nan,nan,nan
18590,1,5,5,0,0,0,0,848,0,0,0,1,0,0,0,nan,nan,nan,nan,nan,nan,nan
18591,1,5,5,0,0,0,0,848,0,0,0,1,0,0,0,nan,nan,nan,nan,nan,nan,nan
18592,1,5,5,0,0,0,0,849,0,0,0,1,0,0,1,nan,nan,nan,nan,nan,nan,11.160614823700598
18593,1,5,5,0,0,0,0,849,0,0,0,1,0,0,1,nan,nan,nan,nan,nan,nan,nan
18594,1,5,4,0,0,0,0,849,0,0,0,0,0,0,1,nan,nan,15.86229443504999,nan,nan,nan,nan
18595,1,5,4,0,0,0,0,849,0,0,0,0,0,0,1,nan,nan,nan,nan,nan,nan,nan
18596,1,5,4,0,0,0,0,849,0,0,0,0,0,0,1,nan,nan,nan,nan,nan,nan,nan
18597,1,5,4,0,0,0,0,849,0,0,0,0,0,0,1,nan,nan,nan,nan,nan,nan,nan
18598,1,5,4,0,0,0,0,849,0,0,0,0,0,0,1,nan,nan,nan,nan,nan,nan,nan
18599,1,5,4,0,0,0,0,849,0,0,0,0,0,1,0,nan,nan,nan,nan,nan,20.35540079952625,nan
18600,1,5,4,0,0,0,0,849,2,0,0,0,0,1,0,24.832775699309423,nan,nan,nan,nan,nan,nan
18601,1,5,5,0,0,0,0,849,0,0,0,0,0,1,0,nan,12.510218696050288,nan,nan,nan,nan,nan
18602,1,5,5,0,0,0,0,849,0,0,0,0,0,1,0,nan,nan,nan,nan,nan,nan,nan
18603,1,5,5,0,0,0,0,849,0,0,0,0,0,1,0,nan,nan,nan,nan,nan,nan,nan
18604,1,5,5,0,0,0,0,849,0,0,0,0,0,1,0,nan,nan,nan,nan,nan,nan,nan
18605,1,5,5,0,0,0,0,849,0,0,0,0,0,1,0,nan,nan,nan,nan,nan,nan,nan
18606,1,5,5,0,0,0,0,849,0,0,0,0,0,1,0,nan,nan,nan,nan,nan,nan,nan
18607,1,5,5,0,0,0,0,849,0,0,0,0,0,1,0,nan,nan,nan,nan,nan,nan,nan
18608,1,5,5,0,0,0,0,849,0,0,0,0,1,0,0,nan,nan,nan,nan,21.186472554039938,nan,nan
18609,1,5,5,0,0,0,0,849,0,0,0,1,0,0,0,nan,nan,nan,19.46630400426875,nan,nan,nan
18610,1,5,4,0,0,0,0,849,0,0,0,0,0,0,0,nan,nan,15.621720031467703,nan,nan,nan,nan
18611,1,5,4,0,0,0,0,849,0,0,0,0,0,0,0,nan,nan,nan,nan,nan,nan,nan
18612,1,5,4,0,0,0,0,849,0,0,0,0,0,0,0,nan,nan,nan,nan,nan,nan,nan
18613,1,5,4,0,0,0,0,849,0,0,0,0,0,0,0,nan,nan,nan,nan,nan,nan,nan
18614,1,5,4,0,0,0,0,849,0,0,0,0,0,0,0,nan,nan,nan,nan,nan,nan,nan
18615,1,5,4,0,0,0,0,849,0,0,0,0,0,0,0,nan,nan,nan,nan,nan,nan,nan
18616,1,4,5,0,0,0,0,849,0,0,0,0,0,0,0,nan,15.05773066452457,nan,nan,nan,nan,nan
18617,1,4,5,0,0,0,0,849,0,0,0,0,0,0,0,nan,nan,nan,nan,nan,nan,nan
18618,1,4,5,0,0,0,1,849,0,0,0,0,0,1,0,nan,nan,nan,nan,nan,19.485015700935037,nan
18619,1,4,5,0,0,0,1,849,0,0,0,0,0,1,0,nan,nan,nan,nan,nan,nan,nan
18620,1,4,5,0,0,0,1,849,0,0,0,0,0,1,0,nan,nan,nan,nan,nan,nan,nan
18621,1,4,5,0,0,0,1,849,0,0,0,0,0,1,0,nan,nan,nan,nan,nan,nan,nan
18622,1,4,5,0,0,0,1,849,0,0,0,0,1,0,0,nan,nan,nan,nan,13.714527407024434,nan,nan
18623,1,4,5,0,0,0,1,849,0,0,0,0,1,0,0,nan,nan,nan,nan,nan,nan,nan
18624,1,4,4,1,0,0,1,849,0,0,0,0,1,0,0,nan,nan,13.459226038699853,nan,nan,nan,nan
18625,1,4,4,1,0,0,0,850,0,0,0,0,1,0,0,nan,nan,nan,nan,nan,nan,32.35746456462584
18626,1,4,4,1,0,0,0,850,0,0,0,0,1,0,0,nan,nan,nan,nan,nan,nan,nan
18627,1,4,4,0,0,0,0,850,0,0,0,0,0,0,0,nan,nan,nan,18.435395888707717,nan,nan,nan
18628,1,3,5,0,0,0,0,850,0,0,0,0,0,0,0,nan,12.057280602592073,nan,nan,nan,nan,nan
18629,1,3,5,0,0,0,0,850,0,0,0,0,0,0,0,nan,nan,nan,nan,nan,nan,nan
18630,1,3,5,0,0,0,0,850,0,0,0,0,0,0,0,nan,nan,nan,nan,nan,nan,nan
18631,1,3,5,0,0,0,0,850,0,0,0,0,0,0,0,nan,nan,nan,nan,nan,nan,nan
18632,1,3,5,0,0,0,0,850,0,0,0,0,0,0,0,nan,nan,nan,nan,nan,nan,nan
18633,1,3,5,0,0,0,0,850,0,0,0,0,0,0,0,nan,nan,nan,nan,nan,nan,nan
18634,1,3,5,0,0,0,0,850,0,0,0,0,0,0,0,nan,nan,nan,nan,nan,nan,nan
18635,1,4,5,0,0,0,0,850,0,0,0,0,0,0,0,34.500433785506175,nan,nan,nan,nan,nan,nan
18636,1,4,5,0,0,0,0,850,0,0,0,0,0,0,0,nan,nan,nan,nan,nan,nan,nan
18637,1,4,5,0,0,0,0,850,0,0,0,0,0,0,0,nan,nan,nan,nan,nan,nan,nan
18638,1,4,5,0,1,0,0,850,0,0,0,1,0,0,0,nan,nan,nan,10.72411414355156,nan,nan,nan
18639,1,4,5,0,1,0,0,850,0,0,0,1,0,0,0,nan,nan,nan,nan,nan,nan,nan
18640,1,4,5,0,1,0,0,851,0,0,0,1,0,0,1,nan,nan,nan,nan,nan,nan,15.2204566265209
18641,1,4,5,0,1,0,0,851,0,0,0,1,0,0,1,nan,nan,nan,nan,nan,nan,nan
18642,1,4,5,0,1,0,0,851,0,0,0,1,0,0,1,nan,nan,nan,nan,nan,nan,nan
18643,1,4,5,0,1,0,0,851,0,2,0,1,0,1,0,nan,14.870582007009943,nan,nan,nan,24.59189313359093,nan
18644,1,4,5,0,0,0,0,851,0,2,0,1,0,0,0,nan,nan,nan,nan,22.245962503213377,nan,nan
18645,1,4,5,0,0,0,0,851,0,2,0,1,0,0,0,nan,nan,nan,nan,nan,nan,nan
18646,1,3,5,0,0,0,0,851,0,0,0,0,0,0,0,nan,nan,22.2446796376571,nan,nan,nan,nan
18647,1,3,5,0,0,0,0,851,0,0,0,0,0,0,0,nan,nan,nan,nan,nan,nan,nan
18648,1,3,5,0,0,0,0,851,0,0,0,0,0,0,0,nan,nan,nan,nan,nan,nan,nan
18649,1,3,5,0,0,0,0,851,0,0,0,0,0,0,0,nan,nan,nan,nan,nan,nan,nan
18650,1,3,5,0,0,0,0,851,0,0,0,0,0,0,0,nan,nan,nan,nan,nan,nan,nan
18651,1,3,5,0,0,0,0,851,0,0,0,0,0,0,0,nan,nan,nan,nan,nan,nan,nan
18652,1,3,5,0,0,0,0,851,0,0,0,0,0,0,0,nan,nan,nan,nan,nan,nan,nan
18653,1,3,5,0,0,0,0,851,0,0,0,0,0,0,0,nan,nan,nan,nan,nan,nan,nan
18654,1,3,5,0,0,0,0,851,0,0,0,0,0,0,0,nan,nan,nan,nan,nan,nan,nan
18655,1,3,5,0,0,0,0,851,0,0,0,0,0,0,0,nan,nan,nan,nan,nan,nan,nan
18656,1,3,5,0,0,0,0,851,0,0,0,0,0,0,0,nan,nan,nan,nan,nan,nan,nan
18657,1,3,5,0,0,0,1,851,0,0,0,0,1,0,0,nan,nan,nan,nan,13.070382202902692,14.248234368729754,nan
18658,1,3,5,0,0,0,1,851,0,0,0,0,1,0,0,nan,nan,nan,nan,nan,nan,nan
18659,1,3,5,0,0,0,1,851,0,0,0,1,0,0,0,nan,nan,nan,21.54525194049711,nan,nan,nan
18660,1,3,5,0,0,0,0,852,0,0,0,1,0,0,0,nan,nan,nan,nan,nan,nan,19.781409473402164
18661,1,3,5,0,0,0,0,852,0,2,0,1,0,0,0,nan,17.503409376527998,nan,nan,nan,nan,nan
18662,1,3,5,0,0,0,0,852,0,2,0,1,0,0,0,nan,nan,nan,nan,nan,nan,nan
18663,1,3,5,0,0,0,0,852,0,2,0,1,0,0,0,nan,nan,nan,nan,nan,nan,nan
18664,1,3,5,0,0,0,0,852,0,2,0,1,0,0,0,nan,nan,nan,nan,nan,nan,nan
18665,1,3,5,0,0,0,0,852,0,2,0,1,0,0,0,nan,nan,nan,nan,nan,nan,nan
18666,1,3,5,0,0,0,0,852,0,2,0,1,0,0,0,nan,nan,nan,nan,nan,nan,nan
18667,1,2,5,0,0,0,0,852,0,0,0,0,0,0,0,nan,nan,20.770914388042,nan,nan,nan,nan
18668,1,2,5,0,0,0,0,852,0,0,0,0,0,0,0,nan,nan,nan,nan,nan,nan,nan
18669,1,3,5,0,0,0,0,852,0,0,0,0,0,0,0,34.57740581190592,nan,nan,nan,nan,nan,nan
18670,1,3,5,0,0,0,0,852,0,0,0,0,0,0,0,nan,nan,nan,nan,nan,nan,nan
18671,1,3,5,0,0,0,0,852,0,0,0,0,0,0,0,nan,nan,nan,nan,nan,nan,nan
18672,1,3,5,0,0,0,0,852,0,0,0,0,0,0,0,nan,nan,nan,nan,nan,nan,nan
18673,1,3,5,0,0,0,0,852,0,0,0,0,0,0,0,nan,nan,nan,nan,nan,nan,nan
18674,1,3,5,0,0,0,0,852,0,0,0,0,0,0,0,nan,nan,nan,nan,nan,nan,nan
18675,1,3,5,0,0,0,0,852,0,0,0,0,0,0,0,nan,nan,nan,nan,nan,nan,nan
18676,1,3,5,0,0,0,0,852,0,0,0,0,0,0,0,nan,nan,nan,nan,nan,nan,nan
18677,1,3,5,0,0,0,0,852,0,0,0,0,0,0,0,nan,nan,nan,nan,nan,nan,nan
18678,1,3,5,0,0,0,1,852,0,0,0,0,1,0,0,nan,nan,nan,nan,20.07241396117388,20.927423310993618,nan
18679,1,3,5,0,0,0,1,852,0,0,0,0,1,0,0,nan,nan,nan,nan,nan,nan,nan
18680,1,3,5,0,0,0,1,852,0,0,0,0,1,0,0,nan,nan,nan,nan,nan,nan,nan
18681,1,3,5,0,0,0,1,852,0,0,0,1,0,0,0,nan,nan,nan,21.590439784209593,nan,nan,nan
18682,1,3,5,0,0,0,1,852,0,0,0,1,0,0,0,nan,nan,nan,nan,nan,nan,nan
18683,1,3,5,0,0,0,1,852,0,0,0,1,0,0,0,nan,nan,nan,nan,nan,nan,nan
18684,1,3,5,0,0,0,1,852,0,0,0,1,0,0,0,nan,nan,nan,nan,nan,nan,nan
18685,1,3,5,0,0,0,1,852,0,0,0,1,0,0,0,nan,nan,nan,nan,nan,nan,nan
18686,1,4,5,0,0,0,1,852,0,0,0,1,0,0,0,16.981983752557426,nan,nan,nan,nan,nan,nan
18687,1,4,5,0,0,0,1,852,0,2,0,1,0,0,0,nan,26.179786140288343,nan,nan,nan,nan,nan
18688,1,4,5,0,0,0,1,852,0,2,0,1,0,0,0,nan,nan,nan,nan,nan,nan,nan
18689,1,4,5,0,0,0,1,852,0,2,0,1,0,0,0,nan,nan,nan,nan,nan,nan,nan
18690,1,3,5,0,0,0,0,853,0,0,0,0,0,0,0,nan,nan,23.28423023968935,nan,nan,nan,30.12131014947954
18691,1,3,5,0,0,0,0,853,0,0,0,0,0,0,0,nan,nan,nan,nan,nan,nan,nan
18692,1,3,5,0,0,0,0,853,0,0,0,0,0,0,0,nan,nan,nan,nan,nan,nan,nan
18693,1,3,5,0,0,0,0,853,0,0,0,0,0,0,0,nan,nan,nan,nan,nan,nan,nan
18694,1,3,5,0,0,0,0,853,0,0,0,0,0,0,0,nan,nan,nan,nan,nan,nan,nan
18695,1,3,5,0,0,0,0,853,0,0,0,0,0,0,0,nan,nan,nan,nan,nan,nan,nan
18696,1,3,5,0,0,0,0,853,0,0,0,0,0,0,0,nan,nan,nan,nan,nan,nan,nan
18697,1,3,5,0,0,0,1,853,0,0,0,0,0,1,0,nan,nan,nan,nan,nan,18.760136181237613,nan
18698,1,3,5,0,0,0,1,853,0,0,0,0,0,1,0,nan,nan,nan,nan,nan,nan,nan
18699,1,3,5,0,0,0,1,853,0,0,0,0,0,1,0,nan,nan,nan,nan,nan,nan,nan
18700,1,3,5,0,1,0,1,853,0,0,0,1,0,1,0,nan,nan,nan,19.198785310618405,nan,nan,nan
18701,1,3,5,0,1,0,1,853,0,0,0,1,0,1,0,nan,nan,nan,nan,nan,nan,nan
18702,1,3,5,0,1,0,0,854,0,0,0,1,0,1,0,nan,nan,nan,nan,nan,nan,12.311421574660926
18703,1,4,5,0,1,0,0,854,0,0,0,1,0,1,0,17.22939445965676,nan,nan,nan,nan,nan,nan
18704,1,4,5,0,1,0,0,854,0,0,0,1,0,1,0,nan,nan,nan,nan,nan,nan,nan
18705,1,4,5,0,0,0,0,854,0,0,0,1,0,0,0,nan,nan,nan,nan,27.47409514526953,nan,nan
18706,1,4,5,0,0,0,0,854,0,0,0,1,0,0,0,nan,nan,nan,nan,nan,nan,nan
18707,1,4,5,0,0,0,0,854,0,0,0,1,0,0,0,nan,nan,nan,nan,nan,nan,nan
18708,1,4,5,0,0,0,0,854,0,2,0,1,0,0,0,nan,21.31049043273015,nan,nan,nan,nan,nan
18709,1,4,5,0,0,0,0,854,0,2,0,1,0,0,0,nan,nan,nan,nan,nan,nan,nan
18710,1,4,5,0,0,0,0,854,0,2,0,1,0,0,0,nan,nan,nan,nan,nan,nan,nan
18711,1,4,5,0,0,0,0,854,0,2,0,1,0,0,0,nan,nan,nan,nan,nan,nan,nan
18712,1,4,5,0,0,0,0,854,0,2,0,1,0,0,0,nan,nan,nan,nan,nan,nan,nan
18713,1,4,5,0,0,0,0,855,0,2,0,1,0,0,1,nan,nan,nan,nan,nan,nan,11.137313563667703
18714,1,4,5,0,0,0,0,855,0,2,0,1,0,0,1,nan,nan,nan,nan,nan,nan,nan
18715,1,5,5,0,0,0,0,855,0,2,0,1,0,0,1,11.170565255630208,nan,nan,nan,nan,nan,nan
18716,1,5,5,0,0,0,0,855,0,2,0,1,0,0,1,nan,nan,nan,nan,nan,nan,nan
18717,1,4,5,0,0,0,0,855,0,0,0,0,0,0,1,nan,nan,27.542555091051327,nan,nan,nan,nan
18718,1,4,5,0,0,0,0,855,0,0,0,0,0,0,1,nan,nan,nan,nan,nan,nan,nan
18719,1,4,5,0,0,0,0,855,0,0,0,0,0,0,1,nan,nan,nan,nan,nan,nan,nan
18720,1,4,5,0,0,0,0,855,0,0,0,0,0,0,1,nan,nan,nan,nan,nan,nan,nan
18721,1,4,5,0,0,0,0,855,0,0,0,0,0,0,1,nan,nan,nan,nan,nan,nan,nan
18722,1,4,5,0,0,0,0,855,0,0,0,0,0,0,1,nan,nan,nan,nan,nan,nan,nan
18723,1,4,5,0,0,1,0,855,0,0,0,0,1,0,1,nan,nan,nan,nan,17.96878780303814,nan,nan
18724,1,4,5,0,0,1,0,855,0,0,0,0,1,0,1,nan,nan,nan,nan,nan,nan,nan
18725,1,5,5,0,0,0,0,855,0,0,0,0,1,0,0,10.620920868037501,nan,nan,nan,nan,28.622467862081976,nan
18726,1,5,5,0,0,0,0,855,0,0,0,0,1,0,0,nan,nan,nan,nan,nan,nan,nan
18727,1,5,5,0,0,0,0,855,0,0,0,0,1,0,0,nan,nan,nan,nan,nan,nan,nan
18728,1,5,5,0,0,0,0,855,0,0,0,0,1,0,0,nan,nan,nan,nan,nan,nan,nan
18729,1,5,5,0,0,0,0,855,0,0,0,0,1,0,0,nan,nan,nan,nan,nan,nan,nan
18730,1,5,5,0,0,0,0,855,0,0,0,0,1,0,0,nan,nan,nan,nan,nan,nan,nan
18731,1,5,5,0,0,0,0,855,0,0,0,0,1,0,0,nan,nan,nan,nan,nan,nan,nan
18732,1,5,5,0,0,0,0,855,0,0,0,0,1,0,0,nan,nan,nan,nan,nan,nan,nan
18733,1,5,5,0,0,0,0,855,0,0,0,1,0,0,0,nan,nan,nan,33.102581857761834,nan,nan,nan
18734,1,5,5,0,0,0,0,855,0,0,0,1,0,0,0,nan,nan,nan,nan,nan,nan,nan
18735,1,5,5,0,0,0,0,855,0,0,0,1,0,0,0,nan,nan,nan,nan,nan,nan,nan
18736,1,5,5,0,0,0,0,855,0,0,0,1,0,0,0,nan,nan,nan,nan,nan,nan,nan
18737,1,5,5,0,0,0,0,856,0,0,0,1,0,0,1,nan,nan,nan,nan,nan,nan,23.733053148662293
18738,1,5,5,0,0,0,0,856,0,0,0,1,0,0,1,nan,nan,nan,nan,nan,nan,nan
18739,1,5,5,0,0,0,0,856,0,0,0,1,0,0,1,nan,nan,nan,nan,nan,nan,nan
18740,1,5,5,0,0,0,0,856,0,0,0,1,0,0,1,nan,nan,nan,nan,nan,nan,nan
18741,1,5,5,0,0,0,0,856,0,0,0,1,0,0,1,nan,nan,nan,nan,nan,nan,nan
18742,1,5,5,0,0,0,0,856,2,0,0,1,0,0,1,17.11233753246779,nan,nan,nan,nan,nan,nan
18743,1,5,5,0,0,0,0,856,2,0,0,1,0,0,1,nan,nan,nan,nan,nan,nan,nan
18744,1,5,5,0,0,0,0,856,2,0,0,1,0,0,1,nan,nan,nan,nan,nan,nan,nan
18745,1,5,5,0,0,0,0,856,2,0,0,1,0,0,1,nan,nan,nan,nan,nan,nan,nan
18746,1,5,4,0,0,0,0,856,2,0,0,0,0,0,1,nan,nan,28.212858433962538,nan,nan,nan,nan
18747,1,5,4,0,0,0,0,856,2,0,0,0,0,0,1,nan,nan,nan,nan,nan,nan,nan
18748,1,5,4,0,0,0,0,856,2,0,0,0,0,0,1,nan,nan,nan,nan,nan,nan,nan
18749,1,5,4,0,0,0,0,856,2,0,0,0,0,0,1,nan,nan,nan,nan,nan,nan,nan
18750,1,5,4,0,0,1,0,856,2,0,0,0,1,0,1,nan,nan,nan,nan,26.801117403076205,nan,nan
18751,1,5,4,0,0,1,0,856,2,0,0,0,1,0,1,nan,nan,nan,nan,nan,nan,nan
18752,1,5,4,0,0,1,0,856,2,0,0,0,1,0,1,nan,nan,nan,nan,nan,nan,nan
18753,1,5,5,0,0,1,0,856,0,0,0,0,1,0,1,nan,44.78754184031277,nan,nan,nan,nan,nan
18754,1,5,5,0,0,1,0,856,0,0,0,0,1,0,1,nan,nan,nan,nan,nan,nan,nan
18755,1,5,5,0,0,1,0,856,0,0,0,0,1,0,1,nan,nan,nan,nan,nan,nan,nan
18756,1,5,5,0,0,1,0,856,0,0,0,0,1,0,1,nan,nan,nan,nan,nan,nan,nan
18757,1,5,5,0,0,1,0,856,0,0,0,0,1,0,1,nan,nan,nan,nan,nan,nan,nan
18758,1,5,5,0,0,1,0,856,0,0,0,0,1,0,1,nan,nan,nan,nan,nan,nan,nan
18759,1,5,5,0,0,1,0,856,0,0,0,0,1,0,1,nan,nan,nan,nan,nan,nan,nan
18760,1,5,5,0,0,1,0,856,0,0,0,0,1,0,1,nan,nan,nan,nan,nan,nan,nan
18761,1,5,5,0,0,1,0,856,0,0,0,1,0,0,1,nan,nan,nan,27.421654395046062,nan,nan,nan
18762,1,5,4,0,0,0,0,856,0,0,0,0,0,0,0,nan,nan,15.978893349343707,nan,nan,37.03799636063195,nan
18763,1,4,5,0,0,0,0,856,0,0,0,0,0,0,0,nan,9.89075513690841,nan,nan,nan,nan,nan
18764,1,4,5,0,0,0,0,856,0,0,0,0,0,0,0,nan,nan,nan,nan,nan,nan,nan
18765,1,5,5,0,0,0,0,856,0,0,0,0,0,0,0,22.467406351104728,nan,nan,nan,nan,nan,nan
18766,1,5,5,0,0,0,0,856,0,0,0,0,0,0,0,nan,nan,nan,nan,nan,nan,nan
18767,1,5,5,0,0,0,0,856,0,0,0,0,0,0,0,nan,nan,nan,nan,nan,nan,nan
18768,1,5,5,0,0,0,0,856,0,0,0,0,0,0,0,nan,nan,nan,nan,nan,nan,nan
18769,1,5,5,0,0,0,0,856,0,0,0,0,0,0,0,nan,nan,nan,nan,nan,nan,nan
18770,1,5,5,0,0,0,0,856,0,0,0,0,0,0,0,nan,nan,nan,nan,nan,nan,nan
18771,1,5,5,0,0,0,0,856,0,0,0,0,0,0,0,nan,nan,nan,nan,nan,nan,nan
18772,1,5,5,0,0,0,0,856,0,0,0,0,0,0,0,nan,nan,nan,nan,nan,nan,nan
18773,1,5,5,0,0,0,0,856,0,0,0,0,0,0,0,nan,nan,nan,nan,nan,nan,nan
18774,1,5,4,1,0,0,0,856,0,0,0,0,0,0,0,nan,nan,12.405476827228995,nan,nan,nan,nan
18775,1,5,4,0,1,0,0,856,0,0,0,0,0,0,0,nan,nan,nan,14.298388621853519,nan,nan,nan
18776,1,5,4,0,1,0,0,856,0,0,0,0,0,0,0,nan,nan,nan,nan,nan,nan,nan
18777,1,5,4,0,1,0,1,856,0,0,0,0,0,1,0,nan,nan,nan,nan,nan,14.067883345247537,nan
18778,1,4,5,0,1,0,1,856,0,0,0,0,0,1,0,nan,15.301174757685658,nan,nan,nan,nan,nan
18779,1,4,5,0,1,0,0,857,0,0,0,0,0,1,0,nan,nan,nan,nan,nan,nan,41.42221980533577
18780,1,5,5,0,0,0,0,857,0,0,0,0,0,0,0,15.590630071030319,nan,nan,nan,30.598655256460916,nan,nan
18781,1,5,5,0,0,0,0,857,0,0,0,0,0,0,0,nan,nan,nan,nan,nan,nan,nan
18782,1,5,5,0,0,0,0,857,0,0,0,0,0,0,0,nan,nan,nan,nan,nan,nan,nan
18783,1,5,5,0,0,0,0,857,0,0,0,0,0,0,0,nan,nan,nan,nan,nan,nan,nan
18784,1,5,5,0,0,0,0,857,0,0,0,0,0,0,0,nan,nan,nan,nan,nan,nan,nan
18785,1,5,5,0,0,0,0,857,0,0,0,0,0,0,0,nan,nan,nan,nan,nan,nan,nan
18786,1,5,4,1,0,0,0,857,0,0,0,0,0,0,0,nan,nan,11.604456019063946,nan,nan,nan,nan
18787,1,5,4,1,0,0,0,857,0,0,0,0,0,0,0,nan,nan,nan,nan,nan,nan,nan
18788,1,5,4,1,0,0,0,857,0,0,0,0,0,0,0,nan,nan,nan,nan,nan,nan,nan
18789,1,5,4,1,0,0,0,857,0,0,0,0,0,0,0,nan,nan,nan,nan,nan,nan,nan
18790,1,5,4,0,1,0,0,857,0,0,0,0,0,0,0,nan,nan,nan,15.429538074331504,nan,nan,nan
18791,1,5,4,0,1,0,0,857,0,0,0,0,0,0,0,nan,nan,nan,nan,nan,nan,nan
18792,1,5,4,0,1,0,0,857,0,0,0,0,0,0,0,nan,nan,nan,nan,nan,nan,nan
18793,1,5,4,0,1,0,0,857,0,0,0,0,0,0,0,nan,nan,nan,nan,nan,nan,nan
18794,1,5,4,0,1,0,0,858,0,0,0,0,0,0,1,nan,nan,nan,nan,nan,nan,15.407641129571857
18795,1,4,5,0,1,0,0,858,0,0,0,0,0,0,1,nan,16.561838949146477,nan,nan,nan,nan,nan
18796,1,4,5,0,1,0,0,858,0,0,0,0,0,0,1,nan,nan,nan,nan,nan,nan,nan
18797,1,5,5,0,1,0,0,858,0,0,0,0,0,0,1,16.59054610464591,nan,nan,nan,nan,nan,nan
18798,1,5,5,0,1,0,0,858,0,0,0,0,0,0,1,nan,nan,nan,nan,nan,nan,nan
18799,1,5,5,0,0,1,0,858,0,0,0,0,0,0,1,nan,nan,nan,nan,18.783514201273647,nan,nan
18800,1,5,5,0,0,1,0,858,0,0,0,0,0,0,1,nan,nan,nan,nan,nan,nan,nan
18801,1,5,5,0,0,0,0,858,0,0,0,0,0,0,0,nan,nan,nan,nan,nan,23.94512998785649,nan
18802,1,5,5,0,0,0,0,858,0,0,0,0,0,0,0,nan,nan,nan,nan,nan,nan,nan
18803,1,5,5,0,1,0,0,858,0,0,0,1,0,0,0,nan,nan,nan,13.123119046154898,nan,nan,nan
18804,1,5,5,0,1,0,0,858,0,0,0,1,0,0,0,nan,nan,nan,nan,nan,nan,nan
18805,1,5,5,0,1,0,0,858,0,0,0,1,0,0,0,nan,nan,nan,nan,nan,nan,nan
18806,1,5,5,0,1,0,0,858,0,2,0,1,0,0,0,nan,11.315202620269702,nan,nan,nan,nan,nan
18807,1,5,5,0,1,0,0,858,0,2,0,1,0,0,0,nan,nan,nan,nan,nan,nan,nan
18808,1,5,5,0,1,0,0,858,0,2,0,1,0,0,0,nan,nan,nan,nan,nan,nan,nan
18809,1,5,5,0,1,0,0,858,0,2,0,1,0,0,0,nan,nan,nan,nan,nan,nan,nan
18810,1,5,5,0,1,0,0,858,0,2,0,1,0,0,0,nan,nan,nan,nan,nan,nan,nan
18811,1,5,5,0,1,0,0,858,0,2,0,1,0,0,0,nan,nan,nan,nan,nan,nan,nan
18812,1,5,5,0,1,0,0,858,0,2,0,1,0,0,0,nan,nan,nan,nan,nan,nan,nan
18813,1,4,5,0,1,0,0,858,0,0,0,0,0,0,0,nan,nan,27.62634137552959,nan,nan,nan,nan
18814,1,4,5,0,0,0,1,858,0,0,0,0,0,0,0,nan,nan,nan,nan,14.930926367735083,13.151980116064806,nan
18815,1,4,5,0,0,0,1,858,0,0,0,0,0,0,0,nan,nan,nan,nan,nan,nan,nan
18816,1,4,5,0,0,0,1,858,0,0,0,0,0,0,0,nan,nan,nan,nan,nan,nan,nan
18817,1,4,5,0,0,0,1,858,0,0,0,0,0,0,0,nan,nan,nan,nan,nan,nan,nan
18818,1,4,5,0,0,0,1,858,0,0,0,0,0,0,0,nan,nan,nan,nan,nan,nan,nan
18819,1,5,5,0,0,0,1,858,0,0,0,0,0,0,0,22.281262697306374,nan,nan,nan,nan,nan,nan
18820,1,5,5,0,0,0,1,858,0,0,0,0,0,0,0,nan,nan,nan,nan,nan,nan,nan
18821,1,5,5,0,0,0,1,858,0,0,0,0,0,0,0,nan,nan,nan,nan,nan,nan,nan
18822,1,5,5,0,0,0,1,858,0,0,0,0,0,0,0,nan,nan,nan,nan,nan,nan,nan
18823,1,5,5,0,1,0,1,858,0,0,0,1,0,0,0,nan,nan,nan,19.949784387448744,nan,nan,nan
18824,1,5,5,0,1,0,1,858,0,0,0,1,0,0,0,nan,nan,nan,nan,nan,nan,nan
18825,1,5,5,0,1,0,1,858,0,0,0,1,0,0,0,nan,nan,nan,nan,nan,nan,nan
18826,1,5,5,0,1,0,1,858,0,0,0,1,0,0,0,nan,nan,nan,nan,nan,nan,nan
18827,1,5,5,0,1,0,0,859,0,0,0,1,0,0,0,nan,nan,nan,nan,nan,nan,32.76287993200094
18828,1,5,5,0,1,0,0,859,0,0,0,1,0,0,0,nan,nan,nan,nan,nan,nan,nan
18829,1,5,5,0,1,0,0,859,0,0,0,1,0,0,0,nan,nan,nan,nan,nan,nan,nan
18830,1,5,5,0,1,0,0,859,0,2,0,1,0,0,0,nan,24.19580270757797,nan,nan,nan,nan,nan
18831,1,5,5,0,1,0,0,859,0,2,0,1,0,0,0,nan,nan,nan,nan,nan,nan,nan
18832,1,5,5,0,1,0,0,859,0,2,0,1,0,0,0,nan,nan,nan,nan,nan,nan,nan
18833,1,5,5,0,1,0,0,859,0,2,0,1,0,0,0,nan,nan,nan,nan,nan,nan,nan
18834,1,5,5,0,1,0,1,859,0,2,0,1,0,1,0,nan,nan,nan,nan,nan,20.124299522798538,nan
18835,1,5,5,0,1,0,1,859,0,2,0,1,0,1,0,nan,nan,nan,nan,nan,nan,nan
18836,1,5,5,0,0,0,1,859,0,2,0,1,0,0,0,nan,nan,nan,nan,21.80552462249034,nan,nan
18837,1,5,5,0,0,0,1,859,0,2,0,1,0,0,0,nan,nan,nan,nan,nan,nan,nan
18838,1,5,5,0,0,0,0,860,0,2,0,1,0,0,0,nan,nan,nan,nan,nan,nan,11.436743506113999
18839,1,5,5,0,0,0,0,860,2,2,0,1,0,0,0,20.114774155143095,nan,nan,nan,nan,nan,nan
18840,1,5,5,0,0,0,0,860,2,2,0,1,0,0,0,nan,nan,nan,nan,nan,nan,nan
18841,1,5,5,0,0,0,0,860,2,2,0,1,0,0,0,nan,nan,nan,nan,nan,nan,nan
18842,1,5,5,0,0,0,0,860,2,2,0,1,0,0,0,nan,nan,nan,nan,nan,nan,nan
18843,1,5,5,0,0,0,0,860,2,2,0,1,0,0,0,nan,nan,nan,nan,nan,nan,nan
18844,1,5,5,0,0,0,0,860,2,2,0,1,0,0,0,nan,nan,nan,nan,nan,nan,nan
18845,1,5,5,0,0,0,0,860,0,0,0,0,0,0,0,nan,nan,32.25591429688211,nan,nan,nan,nan
18846,1,5,5,0,0,1,0,860,0,0,0,0,1,0,0,nan,nan,nan,nan,9.839637266512,nan,nan
18847,1,5,5,0,0,1,0,860,0,0,0,0,1,0,0,nan,nan,nan,nan,nan,nan,nan
18848,1,5,5,0,0,1,0,860,0,0,0,0,1,0,0,nan,nan,nan,nan,nan,nan,nan
18849,1,5,5,0,0,1,0,860,0,0,0,0,1,0,0,nan,nan,nan,nan,nan,nan,nan
18850,1,5,5,0,0,1,0,860,0,0,0,0,1,0,0,nan,nan,nan,nan,nan,nan,nan
18851,1,5,5,0,0,1,0,860,0,0,0,0,1,0,0,nan,nan,nan,nan,nan,nan,nan
18852,1,5,5,0,0,1,0,860,0,0,0,0,1,0,0,nan,nan,nan,nan,nan,nan,nan
18853,1,5,5,0,0,1,0,860,0,0,0,0,1,0,0,nan,nan,nan,nan,nan,nan,nan
18854,1,5,5,0,0,1,0,860,0,0,0,0,1,0,0,nan,nan,nan,nan,nan,nan,nan
18855,1,5,5,0,0,1,0,861,0,0,0,0,1,0,1,nan,nan,nan,nan,nan,nan,17.0617012828734
18856,1,5,5,0,0,1,0,861,0,0,0,0,1,0,1,nan,nan,nan,nan,nan,nan,nan
18857,1,5,5,0,0,1,0,861,0,0,0,0,1,0,1,nan,nan,nan,nan,nan,nan,nan
18858,1,5,5,0,0,0,0,861,0,0,0,0,1,0,0,nan,nan,nan,nan,nan,24.194710788473458,nan
18859,1,5,5,0,0,0,0,861,0,2,0,0,1,0,0,nan,28.52506421808721,nan,nan,nan,nan,nan
18860,1,5,5,0,0,0,0,861,0,2,0,0,1,0,0,nan,nan,nan,nan,nan,nan,nan
18861,1,5,5,0,0,0,0,861,0,2,0,1,0,0,0,nan,nan,nan,37.87881670601928,nan,nan,nan
18862,1,5,5,0,0,0,0,861,2,2,0,1,0,0,0,22.567699037605053,nan,nan,nan,nan,nan,nan
18863,1,5,5,0,0,0,0,861,2,2,0,1,0,0,0,nan,nan,nan,nan,nan,nan,nan
18864,1,5,5,0,0,0,0,861,2,2,0,1,0,0,0,nan,nan,nan,nan,nan,nan,nan
18865,1,5,5,0,0,0,0,861,2,2,0,1,0,0,0,nan,nan,nan,nan,nan,nan,nan
18866,1,5,5,0,0,0,0,861,0,0,0,0,0,0,0,nan,nan,20.2342268837383,nan,nan,nan,nan
18867,1,5,5,0,0,0,0,861,0,0,0,0,0,0,0,nan,nan,nan,nan,nan,nan,nan
18868,1,5,5,0,0,0,0,861,0,0,0,0,0,0,0,nan,nan,nan,nan,nan,nan,nan
18869,1,5,5,0,0,0,1,861,0,0,0,0,0,1,0,nan,nan,nan,nan,nan,11.429877321512322,nan
18870,1,5,5,0,0,0,1,861,0,0,0,0,0,1,0,nan,nan,nan,nan,nan,nan,nan
18871,1,5,5,0,0,0,1,861,0,0,0,0,0,1,0,nan,nan,nan,nan,nan,nan,nan
18872,1,5,5,0,0,0,1,861,0,0,0,0,0,1,0,nan,nan,nan,nan,nan,nan,nan
18873,1,5,5,0,0,0,1,861,0,0,0,0,0,1,0,nan,nan,nan,nan,nan,nan,nan
18874,1,5,5,0,0,0,1,861,0,0,0,0,0,1,0,nan,nan,nan,nan,nan,nan,nan
18875,1,5,5,0,1,0,1,861,0,0,0,1,0,1,0,nan,nan,nan,14.113208807597402,nan,nan,nan
18876,1,5,5,0,1,0,0,862,0,0,0,1,0,1,0,nan,nan,nan,nan,nan,nan,20.594607748371345
18877,1,5,5,0,1,0,0,862,0,0,0,1,0,1,0,nan,nan,nan,nan,nan,nan,nan
18878,1,5,5,0,1,0,0,862,0,0,0,1,0,1,0,nan,nan,nan,nan,nan,nan,nan
18879,1,5,5,0,1,0,0,862,0,0,0,1,0,1,0,nan,nan,nan,nan,nan,nan,nan
18880,1,5,5,0,1,0,0,862,0,0,0,1,0,1,0,nan,nan,nan,nan,nan,nan,nan
18881,1,5,5,0,0,0,0,862,0,0,0,1,0,0,0,nan,nan,nan,nan,35.44206566359935,nan,nan
18882,1,5,5,0,0,0,0,862,0,0,0,1,0,0,0,nan,nan,nan,nan,nan,nan,nan
18883,1,5,5,0,0,0,0,862,0,0,0,1,0,0,0,nan,nan,nan,nan,nan,nan,nan
18884,1,5,5,0,0,0,0,862,2,0,0,1,0,0,0,21.910570421441662,nan,nan,nan,nan,nan,nan
18885,1,5,5,0,0,0,0,862,2,0,0,1,0,0,0,nan,nan,nan,nan,nan,nan,nan
18886,1,5,5,0,0,0,0,862,2,0,0,1,0,0,0,nan,nan,nan,nan,nan,nan,nan
18887,1,5,5,0,0,0,0,862,2,0,0,1,0,0,0,nan,nan,nan,nan,nan,nan,nan
18888,1,5,5,0,0,0,0,862,2,2,0,1,0,0,0,nan,29.740145184940047,nan,nan,nan,nan,nan
18889,1,5,5,0,0,0,0,862,2,2,0,1,0,0,0,nan,nan,nan,nan,nan,nan,nan
18890,1,5,5,0,0,0,0,862,2,2,0,1,0,0,0,nan,nan,nan,nan,nan,nan,nan
18891,1,5,5,0,0,0,0,862,2,2,0,1,0,0,0,nan,nan,nan,nan,nan,nan,nan
18892,1,5,5,0,0,0,0,863,2,2,0,1,0,0,1,nan,nan,nan,nan,nan,nan,16.45701840009133
18893,1,5,5,0,0,0,0,863,2,2,0,1,0,0,1,nan,nan,nan,nan,nan,nan,nan
18894,1,5,5,0,0,0,0,863,2,2,0,1,0,0,1,nan,nan,nan,nan,nan,nan,nan
18895,1,5,5,0,0,0,0,863,2,2,0,1,0,0,1,nan,nan,nan,nan,nan,nan,nan
18896,1,5,5,0,0,0,0,863,2,2,0,1,0,0,1,nan,nan,nan,nan,nan,nan,nan
18897,1,5,5,0,0,0,0,863,2,2,0,1,0,0,1,nan,nan,nan,nan,nan,nan,nan
18898,1,5,5,0,0,0,0,863,2,2,0,1,0,0,1,nan,nan,nan,nan,nan,nan,nan
18899,1,5,5,0,0,0,0,863,0,0,0,0,0,0,1,nan,nan,32.88416315232462,nan,nan,nan,nan
18900,1,5,5,0,0,0,0,863,0,0,0,0,0,1,0,nan,nan,nan,nan,nan,30.18105681772431,nan
18901,1,5,5,0,0,0,0,863,0,0,0,0,1,0,0,nan,nan,nan,nan,20.288063253268774,nan,nan
18902,1,5,5,0,0,0,0,863,0,0,0,0,1,0,0,nan,nan,nan,nan,nan,nan,nan
18903,1,5,5,0,0,0,0,863,0,0,0,0,1,0,0,nan,nan,nan,nan,nan,nan,nan
18904,1,5,5,0,0,0,0,863,0,0,0,0,1,0,0,nan,nan,nan,nan,nan,nan,nan
18905,1,5,5,0,0,0,0,863,0,0,0,0,1,0,0,nan,nan,nan,nan,nan,nan,nan
18906,1,5,5,0,0,0,0,863,0,0,0,0,1,0,0,nan,nan,nan,nan,nan,nan,nan
18907,1,5,5,0,0,0,0,863,0,0,0,0,1,0,0,nan,nan,nan,nan,nan,nan,nan
18908,1,5,5,0,0,0,0,863,0,0,0,0,1,0,0,nan,nan,nan,nan,nan,nan,nan
18909,1,5,5,0,0,0,0,863,0,0,0,0,1,0,0,nan,nan,nan,nan,nan,nan,nan
18910,1,5,5,0,0,0,0,863,0,0,0,0,1,0,0,nan,nan,nan,nan,nan,nan,nan
18911,1,5,4,1,0,0,0,863,0,0,0,0,1,0,0,nan,nan,12.45882905414328,nan,nan,nan,nan
18912,1,5,4,1,0,0,0,863,0,0,0,0,1,0,0,nan,nan,nan,nan,nan,nan,nan
18913,1,5,4,0,0,0,0,863,0,0,0,0,0,0,0,nan,nan,nan,37.76102559397623,nan,nan,nan
18914,1,5,4,0,0,0,0,863,0,0,0,0,0,0,0,nan,nan,nan,nan,nan,nan,nan
18915,1,4,5,0,0,0,0,863,0,0,0,0,0,0,0,nan,27.07514594946406,nan,nan,nan,nan,nan
18916,1,4,5,0,0,0,0,863,0,0,0,0,0,0,0,nan,nan,nan,nan,nan,nan,nan
18917,1,4,5,0,0,0,0,864,0,0,0,0,0,0,1,nan,nan,nan,nan,nan,nan,24.552844420271867
18918,1,4,5,0,0,0,0,864,0,0,0,0,0,0,1,nan,nan,nan,nan,nan,nan,nan
18919,1,4,5,0,0,0,0,864,0,0,0,0,0,0,1,nan,nan,nan,nan,nan,nan,nan
18920,1,4,5,0,0,0,0,864,0,0,0,0,0,0,1,nan,nan,nan,nan,nan,nan,nan
18921,1,5,5,0,0,0,0,864,0,0,0,0,0,0,1,37.57999404520524,nan,nan,nan,nan,nan,nan
18922,1,5,5,0,0,0,0,864,0,0,0,0,0,0,1,nan,nan,nan,nan,nan,nan,nan
18923,1,5,5,0,1,0,0,864,0,0,0,1,0,0,1,nan,nan,nan,9.388406193775154,nan,nan,nan
18924,1,5,4,0,1,0,0,864,0,0,0,0,0,0,1,nan,nan,12.461483783361473,nan,nan,nan,nan
18925,1,5,4,0,1,0,0,864,0,0,0,0,0,0,1,nan,nan,nan,nan,nan,nan,nan
18926,1,4,5,0,1,0,0,864,0,0,0,0,0,0,1,nan,10.781012425355584,nan,nan,nan,nan,nan
18927,1,4,5,0,0,1,0,864,0,0,0,0,0,0,1,nan,nan,nan,nan,25.096479136343987,nan,nan
18928,1,4,5,0,0,1,0,864,0,0,0,0,0,0,1,nan,nan,nan,nan,nan,nan,nan
18929,1,4,5,0,0,0,0,864,0,0,0,0,0,0,0,nan,nan,nan,nan,nan,29.091252696391166,nan
18930,1,4,5,0,0,0,0,864,0,0,0,0,0,0,0,nan,nan,nan,nan,nan,nan,nan
18931,1,4,5,0,0,0,0,864,0,0,0,0,0,0,0,nan,nan,nan,nan,nan,nan,nan
18932,1,4,5,0,0,0,0,864,0,0,0,0,0,0,0,nan,nan,nan,nan,nan,nan,nan
18933,1,4,5,0,0,0,0,864,0,0,0,0,0,0,0,nan,nan,nan,nan,nan,nan,nan
18934,1,4,5,0,0,0,0,864,0,0,0,0,0,0,0,nan,nan,nan,nan,nan,nan,nan
18935,1,4,5,0,0,0,0,864,0,0,0,0,0,0,0,nan,nan,nan,nan,nan,nan,nan
18936,1,4,5,0,0,0,0,864,0,0,0,0,0,0,0,nan,nan,nan,nan,nan,nan,nan
18937,1,5,5,0,0,0,0,864,0,0,0,0,0,0,0,15.652596809461102,nan,nan,nan,nan,nan,nan
18938,1,5,5,0,1,0,0,864,0,2,0,1,0,0,0,nan,12.168085943460028,nan,15.022820712740213,nan,nan,nan
18939,1,4,5,0,1,0,0,864,0,0,0,0,0,0,0,nan,nan,15.068178108966094,nan,nan,nan,nan
18940,1,4,5,0,1,0,0,864,0,0,0,0,0,0,0,nan,nan,nan,nan,nan,nan,nan
18941,1,4,5,0,1,0,1,864,0,0,0,0,0,1,0,nan,nan,nan,nan,nan,12.531326844047726,nan
18942,1,4,5,0,1,0,1,864,0,0,0,0,0,1,0,nan,nan,nan,nan,nan,nan,nan
18943,1,4,5,0,1,0,1,864,0,0,0,0,0,1,0,nan,nan,nan,nan,nan,nan,nan
18944,1,4,5,0,1,0,1,864,0,0,0,0,0,1,0,nan,nan,nan,nan,nan,nan,nan
18945,1,4,5,0,0,0,1,864,0,0,0,0,0,0,0,nan,nan,nan,nan,18.371369122287433,nan,nan
18946,1,4,5,0,0,0,1,864,0,0,0,0,0,0,0,nan,nan,nan,nan,nan,nan,nan
18947,1,4,5,0,0,0,1,864,0,0,0,0,0,0,0,nan,nan,nan,nan,nan,nan,nan
18948,1,4,5,0,0,0,0,865,0,0,0,0,0,0,0,nan,nan,nan,nan,nan,nan,31.20293012602633
18949,1,4,5,0,1,0,0,865,0,0,0,1,0,0,0,nan,nan,nan,11.596404680454725,nan,nan,nan
18950,1,4,5,0,1,0,0,865,0,0,0,1,0,0,0,nan,nan,nan,nan,nan,nan,nan
18951,1,4,5,0,1,0,0,865,0,0,0,1,0,0,0,nan,nan,nan,nan,nan,nan,nan
18952,1,4,5,0,1,0,0,865,0,0,0,1,0,0,0,nan,nan,nan,nan,nan,nan,nan
18953,1,4,5,0,1,0,0,865,0,0,0,1,0,0,0,nan,nan,nan,nan,nan,nan,nan
18954,1,4,5,0,1,0,0,865,0,0,0,1,0,0,0,nan,nan,nan,nan,nan,nan,nan
18955,1,5,5,0,1,0,0,865,0,0,0,1,0,0,0,18.33787210510127,nan,nan,nan,nan,nan,nan
18956,1,5,5,0,1,0,0,865,0,0,0,1,0,0,0,nan,nan,nan,nan,nan,nan,nan
18957,1,5,5,0,1,0,0,865,0,0,0,1,0,0,0,nan,nan,nan,nan,nan,nan,nan
18958,1,5,5,0,0,1,0,866,0,0,0,1,0,0,1,nan,nan,nan,nan,13.379070334478456,nan,10.352530518553976
18959,1,5,5,0,0,1,0,866,0,0,0,1,0,0,1,nan,nan,nan,nan,nan,nan,nan
18960,1,5,5,0,0,1,0,866,0,0,0,1,0,0,1,nan,nan,nan,nan,nan,nan,nan
18961,1,5,5,0,0,1,0,866,0,0,0,1,0,0,1,nan,nan,nan,nan,nan,nan,nan
18962,1,5,5,0,0,1,0,866,0,0,0,1,0,0,1,nan,nan,nan,nan,nan,nan,nan
18963,1,5,5,0,0,1,0,866,0,0,0,1,0,0,1,nan,nan,nan,nan,nan,nan,nan
18964,1,5,4,0,0,1,0,866,0,0,0,0,0,0,1,nan,nan,25.380365835055272,nan,nan,nan,nan
18965,1,5,4,0,0,0,0,866,0,0,0,0,0,0,0,nan,nan,nan,nan,nan,23.761021078455087,nan
18966,1,5,4,0,0,0,0,866,0,0,0,0,0,0,0,nan,nan,nan,nan,nan,nan,nan
18967,1,5,4,0,0,0,0,866,0,0,0,0,0,0,0,nan,nan,nan,nan,nan,nan,nan
18968,1,4,5,0,0,0,0,866,0,0,0,0,0,0,0,nan,30.039083913005015,nan,nan,nan,nan,nan
18969,1,4,5,0,0,0,0,866,0,0,0,0,0,0,0,nan,nan,nan,nan,nan,nan,nan
18970,1,4,5,0,0,0,0,866,0,0,0,0,0,0,0,nan,nan,nan,nan,nan,nan,nan
18971,1,4,5,0,0,0,0,866,0,0,0,0,0,0,0,nan,nan,nan,nan,nan,nan,nan
18972,1,4,5,0,0,0,0,866,0,0,0,0,0,0,0,nan,nan,nan,nan,nan,nan,nan
18973,1,5,5,0,0,0,0,866,0,0,0,0,0,0,0,18.08554537537566,nan,nan,nan,nan,nan,nan
18974,1,5,5,0,0,0,0,866,0,0,0,0,0,0,0,nan,nan,nan,nan,nan,nan,nan
18975,1,5,5,0,0,0,0,866,0,0,0,0,0,0,0,nan,nan,nan,nan,nan,nan,nan
18976,1,5,5,0,0,0,0,866,0,0,0,0,0,0,0,nan,nan,nan,nan,nan,nan,nan
18977,1,5,5,0,0,0,0,866,0,0,0,0,0,0,0,nan,nan,nan,nan,nan,nan,nan
18978,1,5,5,0,0,0,0,866,0,0,0,0,0,0,0,nan,nan,nan,nan,nan,nan,nan
18979,1,5,4,0,1,0,1,866,0,0,0,0,0,1,0,nan,nan,15.373126698606939,30.063436879692745,nan,14.182270276160125,nan
18980,1,5,4,0,1,0,1,866,0,0,0,0,0,1,0,nan,nan,nan,nan,nan,nan,nan
18981,1,5,4,0,0,0,1,866,0,0,0,0,0,0,0,nan,nan,nan,nan,22.607159575476544,nan,nan
18982,1,5,4,0,0,0,1,866,0,0,0,0,0,0,0,nan,nan,nan,nan,nan,nan,nan
18983,1,5,4,0,0,0,1,866,0,0,0,0,0,0,0,nan,nan,nan,nan,nan,nan,nan
18984,1,5,4,0,0,0,1,866,0,0,0,0,0,0,0,nan,nan,nan,nan,nan,nan,nan
18985,1,5,4,0,0,0,1,866,0,0,0,0,0,0,0,nan,nan,nan,nan,nan,nan,nan
18986,1,5,4,0,0,0,0,867,0,0,0,0,0,0,0,nan,nan,nan,nan,nan,nan,28.101545193054335
18987,1,5,4,0,0,0,0,867,0,0,0,0,0,0,0,nan,nan,nan,nan,nan,nan,nan
18988,1,5,4,0,0,0,0,867,0,0,0,0,0,0,0,nan,nan,nan,nan,nan,nan,nan
18989,1,5,4,0,0,0,0,867,0,0,0,0,0,0,0,nan,nan,nan,nan,nan,nan,nan
18990,1,5,4,0,0,0,0,867,0,0,0,0,0,0,0,nan,nan,nan,nan,nan,nan,nan
18991,1,5,4,0,0,0,0,867,0,0,0,0,0,0,0,nan,nan,nan,nan,nan,nan,nan
18992,1,5,4,0,0,0,0,867,0,0,0,0,0,0,0,nan,nan,nan,nan,nan,nan,nan
18993,1,5,3,1,0,0,0,867,0,0,0,0,0,0,0,nan,nan,14.11168867519882,nan,nan,nan,nan
18994,1,5,3,1,0,1,0,867,2,0,0,0,1,0,0,20.603820487551275,nan,nan,nan,13.428664033486712,nan,nan
18995,1,5,3,0,0,1,0,867,2,0,0,0,0,0,0,nan,nan,nan,16.14477625499785,nan,nan,nan
18996,1,5,3,0,0,1,0,867,2,0,0,0,0,0,0,nan,nan,nan,nan,nan,nan,nan
18997,1,5,3,0,0,0,1,867,2,0,0,0,0,0,0,nan,nan,nan,nan,nan,18.186242341682373,nan
18998,1,5,3,0,0,0,1,867,2,0,0,0,0,0,0,nan,nan,nan,nan,nan,nan,nan
18999,1,5,3,0,0,0,0,868,2,0,0,0,0,0,0,nan,nan,nan,nan,nan,nan,12.397720578959706
19000,1,5,3,0,0,0,0,868,2,0,0,0,0,0,0,nan,nan,nan,nan,nan,nan,nan
19001,1,5,4,0,0,0,0,868,0,0,0,0,0,0,0,nan,32.227455342064786,nan,nan,nan,nan,nan
19002,1,5,4,0,0,0,0,868,0,0,0,0,0,0,0,nan,nan,nan,nan,nan,nan,nan
19003,1,5,4,0,0,0,0,868,0,0,0,0,0,0,0,nan,nan,nan,nan,nan,nan,nan
19004,1,5,4,0,0,0,0,868,0,0,0,0,0,0,0,nan,nan,nan,nan,nan,nan,nan
19005,1,5,4,0,0,0,0,868,0,0,0,0,0,0,0,nan,nan,nan,nan,nan,nan,nan
19006,1,5,4,0,1,0,0,868,0,0,0,1,0,0,0,nan,nan,nan,10.675300176597375,nan,nan,nan
19007,1,5,4,0,1,0,0,868,0,0,0,1,0,0,0,nan,nan,nan,nan,nan,nan,nan
19008,1,5,4,0,1,0,0,868,0,0,0,1,0,0,0,nan,nan,nan,nan,nan,nan,nan
19009,1,5,4,0,1,0,0,868,0,0,0,1,0,0,0,nan,nan,nan,nan,nan,nan,nan
19010,1,5,4,0,1,0,0,868,0,0,0,1,0,0,0,nan,nan,nan,nan,nan,nan,nan
19011,1,5,4,0,1,0,0,868,0,0,0,1,0,0,0,nan,nan,nan,nan,nan,nan,nan
19012,1,5,4,0,0,1,0,868,0,0,0,1,0,0,0,nan,nan,nan,nan,17.93176709887848,nan,nan
19013,1,5,4,0,0,1,0,868,0,0,0,1,0,0,0,nan,nan,nan,nan,nan,nan,nan
19014,1,5,4,0,0,1,0,868,0,0,0,1,0,0,0,nan,nan,nan,nan,nan,nan,nan
19015,1,5,4,0,0,1,0,868,0,0,0,1,0,0,0,nan,nan,nan,nan,nan,nan,nan
19016,1,5,4,0,0,1,0,868,0,0,0,1,0,0,0,nan,nan,nan,nan,nan,nan,nan
19017,1,5,4,0,0,1,0,868,0,0,0,1,0,0,0,nan,nan,nan,nan,nan,nan,nan
19018,1,5,4,0,0,1,0,868,0,0,0,1,0,0,0,nan,nan,nan,nan,nan,nan,nan
19019,1,5,4,0,0,1,0,868,0,0,0,1,0,0,0,nan,nan,nan,nan,nan,nan,nan
19020,1,5,4,0,0,1,0,868,0,0,0,1,0,0,0,nan,nan,nan,nan,nan,nan,nan
19021,1,5,4,0,0,1,0,868,0,0,0,1,0,0,0,nan,nan,nan,nan,nan,nan,nan
19022,1,5,4,0,0,1,0,868,0,0,0,1,0,0,0,nan,nan,nan,nan,nan,nan,nan
19023,1,5,4,0,0,1,0,868,0,0,0,1,0,0,0,nan,nan,nan,nan,nan,nan,nan
19024,1,5,4,0,0,1,0,868,0,0,0,1,0,0,0,nan,nan,nan,nan,nan,nan,nan
19025,1,5,3,0,0,1,0,868,0,0,0,0,0,0,0,nan,nan,31.39821707999363,nan,nan,nan,nan
19026,1,5,3,0,0,1,0,868,0,0,0,0,0,0,0,nan,nan,nan,nan,nan,nan,nan
19027,1,5,3,0,0,1,0,868,0,0,0,0,0,0,0,nan,nan,nan,nan,nan,nan,nan
19028,1,5,3,0,0,1,0,868,0,0,0,0,0,0,0,nan,nan,nan,nan,nan,nan,nan
19029,1,5,3,0,0,1,0,868,0,0,0,0,0,0,0,nan,nan,nan,nan,nan,nan,nan
19030,1,4,4,0,0,1,0,869,0,0,0,0,0,0,1,nan,29.555982454847253,nan,nan,nan,nan,30.79809289264813
19031,1,5,4,0,0,1,0,869,0,0,0,0,0,0,1,37.203617811286676,nan,nan,nan,nan,nan,nan
19032,1,5,4,0,0,1,0,869,0,0,0,0,0,0,1,nan,nan,nan,nan,nan,nan,nan
19033,1,5,4,0,0,0,0,869,0,0,0,0,0,0,0,nan,nan,nan,nan,nan,35.488817597852176,nan
19034,1,5,4,0,0,0,0,869,0,0,0,0,0,0,0,nan,nan,nan,nan,nan,nan,nan
19035,1,5,4,0,1,0,0,869,0,0,0,1,0,0,0,nan,nan,nan,29.119519911986572,nan,nan,nan
19036,1,5,4,0,1,0,0,869,0,0,0,1,0,0,0,nan,nan,nan,nan,nan,nan,nan
19037,1,5,4,0,0,1,0,869,0,0,0,1,0,0,0,nan,nan,nan,nan,24.749491115315323,nan,nan
19038,1,5,4,0,0,1,0,869,0,0,0,1,0,0,0,nan,nan,nan,nan,nan,nan,nan
19039,1,5,4,0,0,1,0,869,0,0,0,1,0,0,0,nan,nan,nan,nan,nan,nan,nan
19040,1,5,3,0,0,1,0,869,0,0,0,0,0,0,0,nan,nan,14.913243977782258,nan,nan,nan,nan
19041,1,5,3,0,0,1,0,869,0,0,0,0,0,0,0,nan,nan,nan,nan,nan,nan,nan
19042,1,5,3,0,0,1,0,869,0,0,0,0,0,0,0,nan,nan,nan,nan,nan,nan,nan
19043,1,5,3,0,0,1,0,869,0,0,0,0,0,0,0,nan,nan,nan,nan,nan,nan,nan
19044,1,5,3,0,0,1,0,869,0,0,0,0,0,0,0,nan,nan,nan,nan,nan,nan,nan
19045,1,5,3,0,0,1,0,869,2,0,0,0,0,0,0,13.648006527604593,nan,nan,nan,nan,nan,nan
19046,1,5,3,0,0,1,0,869,2,0,0,0,0,0,0,nan,nan,nan,nan,nan,nan,nan
19047,1,5,4,0,0,1,0,869,0,0,0,0,0,0,0,nan,17.022413529164623,nan,nan,nan,nan,nan
19048,1,5,4,0,0,0,1,869,0,0,0,0,0,0,0,nan,nan,nan,nan,nan,15.575705415441917,nan
19049,1,5,4,0,0,0,1,869,0,0,0,0,0,0,0,nan,nan,nan,nan,nan,nan,nan
19050,1,5,4,0,0,1,1,869,0,0,0,0,1,0,0,nan,nan,nan,nan,13.391633056395222,nan,nan
19051,1,5,4,0,0,1,1,869,0,0,0,0,1,0,0,nan,nan,nan,nan,nan,nan,nan
19052,1,5,4,0,0,1,1,869,0,0,0,0,1,0,0,nan,nan,nan,nan,nan,nan,nan
19053,1,5,4,0,0,1,1,869,0,0,0,0,1,0,0,nan,nan,nan,nan,nan,nan,nan
19054,1,5,4,0,0,1,1,869,0,0,0,0,1,0,0,nan,nan,nan,nan,nan,nan,nan
19055,1,5,4,0,0,1,1,869,0,0,0,0,1,0,0,nan,nan,nan,nan,nan,nan,nan
19056,1,5,4,0,0,1,1,869,0,0,0,0,1,0,0,nan,nan,nan,nan,nan,nan,nan
19057,1,5,4,0,0,1,1,869,0,0,0,1,0,0,0,nan,nan,nan,22.15210062848564,nan,nan,nan
19058,1,5,4,0,0,1,0,870,0,0,0,1,0,0,0,nan,nan,nan,nan,nan,nan,28.28410140397318
19059,1,5,3,0,0,1,0,870,0,0,0,0,0,0,0,nan,nan,19.654796157472447,nan,nan,nan,nan
19060,1,5,3,0,0,1,0,870,0,0,0,0,0,0,0,nan,nan,nan,nan,nan,nan,nan
19061,1,5,3,0,0,1,0,870,0,0,0,0,0,0,0,nan,nan,nan,nan,nan,nan,nan
19062,1,5,3,0,0,1,0,870,2,0,0,0,0,0,0,17.25131615806822,nan,nan,nan,nan,nan,nan
19063,1,5,3,0,0,1,0,870,2,0,0,0,0,0,0,nan,nan,nan,nan,nan,nan,nan
19064,1,5,3,0,0,1,0,870,2,0,0,0,0,0,0,nan,nan,nan,nan,nan,nan,nan
19065,1,5,3,0,0,1,0,870,2,0,0,0,0,0,0,nan,nan,nan,nan,nan,nan,nan
19066,1,5,4,0,0,1,0,870,0,0,0,0,0,0,0,nan,18.424332205733663,nan,nan,nan,nan,nan
19067,1,5,4,0,0,1,0,870,0,0,0,0,0,0,0,nan,nan,nan,nan,nan,nan,nan
19068,1,5,4,0,0,1,0,870,0,0,0,0,0,0,0,nan,nan,nan,nan,nan,nan,nan
19069,1,5,4,0,0,1,0,870,0,0,0,0,0,0,0,nan,nan,nan,nan,nan,nan,nan
19070,1,5,4,0,0,1,0,870,0,0,0,0,0,0,0,nan,nan,nan,nan,nan,nan,nan
19071,1,5,4,0,0,0,1,870,0,0,0,0,0,0,0,nan,nan,nan,nan,nan,22.55320223682429,nan
19072,1,5,4,0,0,0,1,870,0,0,0,0,0,0,0,nan,nan,nan,nan,nan,nan,nan
19073,1,5,4,0,0,0,1,870,0,0,0,0,0,0,0,nan,nan,nan,nan,nan,nan,nan
19074,1,5,4,0,0,0,1,870,0,0,0,0,0,0,0,nan,nan,nan,nan,nan,nan,nan
19075,1,5,4,0,0,0,1,870,0,0,0,0,0,0,0,nan,nan,nan,nan,nan,nan,nan
19076,1,5,4,0,0,0,1,870,0,0,0,0,0,0,0,nan,nan,nan,nan,nan,nan,nan
19077,1,5,4,0,0,0,0,871,0,0,0,0,0,0,0,nan,nan,nan,nan,nan,nan,18.872895214124583
19078,1,5,4,0,0,0,0,871,0,0,0,0,0,0,0,nan,nan,nan,nan,nan,nan,nan
19079,1,5,4,0,0,0,0,871,0,0,0,0,0,0,0,nan,nan,nan,nan,nan,nan,nan
19080,1,5,4,0,0,0,0,871,0,0,0,0,0,0,0,nan,nan,nan,nan,nan,nan,nan
19081,1,5,4,0,1,0,0,871,0,0,0,1,0,0,0,nan,nan,nan,23.9459436906036,nan,nan,nan
19082,1,5,4,0,1,0,0,871,0,0,0,1,0,0,0,nan,nan,nan,nan,nan,nan,nan
19083,1,5,4,0,0,1,0,871,0,0,0,1,0,0,0,nan,nan,nan,nan,32.34503766987473,nan,nan
19084,1,5,4,0,0,1,0,871,0,0,0,1,0,0,0,nan,nan,nan,nan,nan,nan,nan
19085,1,5,4,0,0,0,1,871,0,0,0,1,0,0,0,nan,nan,nan,nan,nan,13.761293755527731,nan
19086,1,5,4,0,0,0,1,871,0,0,0,1,0,0,0,nan,nan,nan,nan,nan,nan,nan
19087,1,5,4,0,0,0,0,872,2,0,0,1,0,0,0,25.177034963118786,nan,nan,nan,nan,nan,10.644167597685737
19088,1,5,3,0,0,0,0,872,2,0,0,0,0,0,0,nan,nan,28.556146152925066,nan,nan,nan,nan
19089,1,5,3,0,0,0,0,872,2,0,0,0,0,0,0,nan,nan,nan,nan,nan,nan,nan
19090,1,5,3,0,0,0,0,872,2,0,0,0,0,0,0,nan,nan,nan,nan,nan,nan,nan
19091,1,5,3,0,0,0,0,872,2,0,0,0,0,0,0,nan,nan,nan,nan,nan,nan,nan
19092,1,5,3,0,0,0,0,872,2,0,0,0,0,0,0,nan,nan,nan,nan,nan,nan,nan
19093,1,5,3,0,0,0,0,872,2,0,0,0,0,0,0,nan,nan,nan,nan,nan,nan,nan
19094,1,5,3,0,0,0,0,872,2,0,0,0,0,0,0,nan,nan,nan,nan,nan,nan,nan
19095,1,5,3,0,0,0,0,872,2,0,0,0,0,0,0,nan,nan,nan,nan,nan,nan,nan
19096,1,5,4,0,0,0,0,872,0,0,0,0,0,0,0,nan,30.279828328129952,nan,nan,nan,nan,nan
19097,1,5,4,0,0,0,0,872,0,0,0,0,0,0,0,nan,nan,nan,nan,nan,nan,nan
19098,1,5,4,0,0,1,0,872,0,0,0,0,1,0,0,nan,nan,nan,nan,15.382847429878893,nan,nan
19099,1,5,4,0,0,1,0,872,0,0,0,0,1,0,0,nan,nan,nan,nan,nan,nan,nan
19100,1,5,4,0,0,1,0,872,0,0,0,0,1,0,0,nan,nan,nan,nan,nan,nan,nan
19101,1,5,4,0,0,1,0,872,0,0,0,0,1,0,0,nan,nan,nan,nan,nan,nan,nan
19102,1,5,4,0,0,1,0,873,0,0,0,0,1,0,1,nan,nan,nan,nan,nan,nan,14.711025259828602
19103,1,5,4,0,0,1,0,873,0,0,0,0,1,0,1,nan,nan,nan,nan,nan,nan,nan
19104,1,5,4,0,0,1,0,873,0,0,0,0,1,0,1,nan,nan,nan,nan,nan,nan,nan
19105,1,5,4,0,0,0,0,873,0,0,0,0,1,0,0,nan,nan,nan,nan,nan,19.82885876830551,nan
19106,1,5,4,0,0,0,0,873,0,0,0,0,1,0,0,nan,nan,nan,nan,nan,nan,nan
19107,1,5,4,0,0,0,0,873,0,0,0,0,1,0,0,nan,nan,nan,nan,nan,nan,nan
19108,1,5,4,0,0,0,0,873,0,0,0,0,1,0,0,nan,nan,nan,nan,nan,nan,nan
19109,1,5,4,0,0,0,0,873,0,0,0,0,1,0,0,nan,nan,nan,nan,nan,nan,nan
19110,1,4,5,0,0,0,0,873,0,0,0,0,1,0,0,nan,13.620836915655673,nan,nan,nan,nan,nan
19111,1,4,4,1,0,0,0,873,0,0,0,0,1,0,0,nan,nan,22.682043730423175,nan,nan,nan,nan
19112,1,4,4,0,0,0,0,873,0,0,0,0,0,0,0,nan,nan,nan,30.326186907124793,nan,nan,nan
19113,1,4,4,0,0,0,0,873,0,0,0,0,0,0,0,nan,nan,nan,nan,nan,nan,nan
19114,1,4,4,0,0,0,0,873,0,0,0,0,0,0,0,nan,nan,nan,nan,nan,nan,nan
19115,1,5,4,0,0,0,0,873,0,0,0,0,0,0,0,27.19910860861637,nan,nan,nan,nan,nan,nan
19116,1,5,4,0,0,0,0,873,0,0,0,0,0,0,0,nan,nan,nan,nan,nan,nan,nan
19117,1,5,4,0,0,0,0,874,0,0,0,0,0,0,1,nan,nan,nan,nan,nan,nan,14.48388319042715
19118,1,5,4,0,0,0,0,874,0,0,0,0,0,0,1,nan,nan,nan,nan,nan,nan,nan
19119,1,5,4,0,0,0,0,874,0,0,0,0,0,0,1,nan,nan,nan,nan,nan,nan,nan
19120,1,5,4,0,0,0,0,874,0,0,0,0,0,0,1,nan,nan,nan,nan,nan,nan,nan
19121,1,5,4,0,0,0,0,874,0,0,0,0,0,0,1,nan,nan,nan,nan,nan,nan,nan
19122,1,5,4,0,0,0,0,874,0,0,0,0,0,0,1,nan,nan,nan,nan,nan,nan,nan
19123,1,5,4,0,0,0,0,874,0,0,0,0,0,0,1,nan,nan,nan,nan,nan,nan,nan
19124,1,5,4,0,0,0,0,874,0,0,0,0,0,0,1,nan,nan,nan,nan,nan,nan,nan
19125,1,5,4,0,0,0,0,874,0,0,0,0,0,0,1,nan,nan,nan,nan,nan,nan,nan
19126,1,5,4,0,0,0,0,874,2,0,0,0,0,0,1,11.832908120632055,nan,nan,nan,nan,nan,nan
19127,1,5,4,0,0,0,0,874,2,0,0,0,0,0,1,nan,nan,nan,nan,nan,nan,nan
19128,1,5,4,0,0,0,0,874,2,0,0,0,0,0,1,nan,nan,nan,nan,nan,nan,nan
19129,1,5,5,0,0,1,0,874,0,0,0,0,1,0,1,nan,19.608578541512543,nan,nan,30.77000829246026,nan,nan
19130,1,5,5,0,0,1,0,874,0,0,0,0,1,0,1,nan,nan,nan,nan,nan,nan,nan
19131,1,5,5,0,0,1,0,874,0,0,0,0,1,0,1,nan,nan,nan,nan,nan,nan,nan
19132,1,5,5,0,0,1,0,874,0,0,0,0,1,0,1,nan,nan,nan,nan,nan,nan,nan
19133,1,5,5,0,0,1,0,874,0,0,0,0,1,0,1,nan,nan,nan,nan,nan,nan,nan
19134,1,5,5,0,0,1,0,874,0,0,0,0,1,0,1,nan,nan,nan,nan,nan,nan,nan
19135,1,5,5,0,0,1,0,874,0,0,0,0,1,0,1,nan,nan,nan,nan,nan,nan,nan
19136,1,5,4,1,0,1,0,874,0,0,0,0,1,0,1,nan,nan,24.852156247281528,nan,nan,nan,nan
19137,1,5,4,1,0,0,0,874,0,0,0,0,1,0,0,nan,nan,nan,nan,nan,32.14320157385373,nan
19138,1,5,4,1,0,0,0,874,0,0,0,0,1,0,0,nan,nan,nan,nan,nan,nan,nan
19139,1,5,4,1,0,0,0,874,0,0,0,0,1,0,0,nan,nan,nan,nan,nan,nan,nan
19140,1,5,4,0,0,0,0,874,0,0,0,0,0,0,0,nan,nan,nan,28.47574845350755,nan,nan,nan
19141,1,5,4,0,0,0,0,874,0,0,0,0,0,0,0,nan,nan,nan,nan,nan,nan,nan
19142,1,5,4,0,0,0,0,874,0,0,0,0,0,0,0,nan,nan,nan,nan,nan,nan,nan
19143,1,4,5,0,0,0,0,874,0,0,0,0,0,0,0,nan,14.24137619035173,nan,nan,nan,nan,nan
19144,1,4,5,0,0,0,0,874,0,0,0,0,0,0,0,nan,nan,nan,nan,nan,nan,nan
19145,1,4,5,0,0,0,0,874,0,0,0,0,0,0,0,nan,nan,nan,nan,nan,nan,nan
19146,1,4,5,0,0,0,0,874,0,0,0,0,0,0,0,nan,nan,nan,nan,nan,nan,nan
19147,1,5,5,0,0,0,0,874,0,0,0,0,0,0,0,20.684837437114766,nan,nan,nan,nan,nan,nan
19148,1,5,5,0,0,0,0,874,0,0,0,0,0,0,0,nan,nan,nan,nan,nan,nan,nan
19149,1,5,5,0,0,0,0,874,0,0,0,0,0,0,0,nan,nan,nan,nan,nan,nan,nan
19150,1,5,5,0,0,0,0,874,0,0,0,0,0,0,0,nan,nan,nan,nan,nan,nan,nan
19151,1,5,5,0,0,0,0,874,0,0,0,0,0,0,0,nan,nan,nan,nan,nan,nan,nan
19152,1,5,5,0,0,0,0,874,0,0,0,0,0,0,0,nan,nan,nan,nan,nan,nan,nan
19153,1,5,5,0,0,0,0,874,0,0,0,0,0,0,0,nan,nan,nan,nan,nan,nan,nan
19154,1,5,5,0,0,0,0,874,0,0,0,0,0,0,0,nan,nan,nan,nan,nan,nan,nan
19155,1,5,5,0,0,0,0,874,0,0,0,0,0,0,0,nan,nan,nan,nan,nan,nan,nan
19156,1,5,5,0,0,0,1,874,0,0,0,0,0,1,0,nan,nan,nan,nan,nan,19.29081597556069,nan
19157,1,5,5,0,0,0,1,874,0,0,0,0,0,1,0,nan,nan,nan,nan,nan,nan,nan
19158,1,5,5,0,0,0,1,874,0,0,0,0,0,1,0,nan,nan,nan,nan,nan,nan,nan
19159,1,5,5,0,0,0,1,874,0,0,0,0,0,1,0,nan,nan,nan,nan,nan,nan,nan
19160,1,5,5,0,0,0,1,874,0,0,0,0,0,1,0,nan,nan,nan,nan,nan,nan,nan
19161,1,5,5,0,0,0,1,874,0,0,0,0,0,1,0,nan,nan,nan,nan,nan,nan,nan
19162,1,5,5,0,0,0,1,874,0,0,0,0,1,0,0,nan,nan,nan,nan,33.05083691856635,nan,nan
19163,1,5,5,0,0,0,1,874,0,0,0,0,1,0,0,nan,nan,nan,nan,nan,nan,nan
19164,1,5,5,0,0,0,0,875,0,2,0,0,1,0,0,nan,20.51650098904429,nan,nan,nan,nan,47.4989069657895
19165,1,5,5,0,0,0,0,875,0,2,0,0,1,0,0,nan,nan,nan,nan,nan,nan,nan
19166,1,5,5,0,0,0,0,875,0,2,0,0,1,0,0,nan,nan,nan,nan,nan,nan,nan
19167,1,5,5,0,0,0,0,875,0,2,0,0,1,0,0,nan,nan,nan,nan,nan,nan,nan
19168,1,5,5,0,0,0,0,875,0,2,0,0,1,0,0,nan,nan,nan,nan,nan,nan,nan
19169,1,5,5,0,0,0,0,875,0,2,0,0,1,0,0,nan,nan,nan,nan,nan,nan,nan
19170,1,5,5,0,0,0,0,875,0,2,0,1,0,0,0,nan,nan,nan,29.46564846133697,nan,nan,nan
19171,1,5,5,0,0,0,0,875,0,2,0,1,0,0,0,nan,nan,nan,nan,nan,nan,nan
19172,1,5,5,0,0,0,0,875,2,2,0,1,0,0,0,24.848948143837333,nan,nan,nan,nan,nan,nan
19173,1,5,5,0,0,0,0,875,2,2,0,1,0,0,0,nan,nan,nan,nan,nan,nan,nan
19174,1,5,5,0,0,0,0,875,2,2,0,1,0,0,0,nan,nan,nan,nan,nan,nan,nan
19175,1,5,5,0,0,0,0,875,2,2,0,1,0,0,0,nan,nan,nan,nan,nan,nan,nan
19176,1,5,5,0,0,0,0,875,2,2,0,1,0,0,0,nan,nan,nan,nan,nan,nan,nan
19177,1,5,5,0,0,0,1,875,0,0,0,0,0,1,0,nan,nan,41.30113101165989,nan,nan,21.406547656461044,nan
19178,1,5,5,0,0,0,1,875,0,0,0,0,0,1,0,nan,nan,nan,nan,nan,nan,nan
19179,1,5,5,0,0,0,1,875,0,0,0,0,0,1,0,nan,nan,nan,nan,nan,nan,nan
19180,1,5,5,0,0,0,1,875,0,0,0,0,0,1,0,nan,nan,nan,nan,nan,nan,nan
19181,1,5,5,0,0,0,1,875,0,0,0,0,0,1,0,nan,nan,nan,nan,nan,nan,nan
19182,1,5,5,0,0,0,1,875,0,0,0,0,0,1,0,nan,nan,nan,nan,nan,nan,nan
19183,1,5,5,0,0,0,1,875,0,0,0,0,0,1,0,nan,nan,nan,nan,nan,nan,nan
19184,1,5,5,0,0,0,0,876,0,0,0,0,0,1,0,nan,nan,nan,nan,nan,nan,19.57812969506267
19185,1,5,5,0,0,0,0,876,0,0,0,0,0,1,0,nan,nan,nan,nan,nan,nan,nan
19186,1,5,5,0,0,0,0,876,0,0,0,0,0,1,0,nan,nan,nan,nan,nan,nan,nan
19187,1,5,5,0,0,0,0,876,0,0,0,0,0,1,0,nan,nan,nan,nan,nan,nan,nan
19188,1,5,5,0,0,0,0,876,2,0,0,0,0,1,0,16.421483506648656,nan,nan,nan,nan,nan,nan
19189,1,5,5,0,0,0,0,876,2,2,0,0,0,1,0,nan,24.79248462302712,nan,nan,nan,nan,nan
19190,1,5,5,0,1,0,0,876,2,2,0,1,0,1,0,nan,nan,nan,20.0706144349424,nan,nan,nan
19191,1,5,5,0,1,0,0,876,2,2,0,1,0,1,0,nan,nan,nan,nan,nan,nan,nan
19192,1,5,5,0,1,0,0,876,0,0,0,0,0,1,0,nan,nan,15.540410906680336,nan,nan,nan,nan
19193,1,5,5,0,1,0,0,876,0,0,0,0,0,1,0,nan,nan,nan,nan,nan,nan,nan
19194,1,5,5,0,1,0,0,876,0,0,0,0,0,1,0,nan,nan,nan,nan,nan,nan,nan
19195,1,5,5,0,1,0,0,876,0,0,0,0,0,1,0,nan,nan,nan,nan,nan,nan,nan
19196,1,5,5,0,1,0,0,876,0,0,0,0,0,1,0,nan,nan,nan,nan,nan,nan,nan
19197,1,5,5,0,1,0,0,876,0,0,0,0,0,1,0,nan,nan,nan,nan,nan,nan,nan
19198,1,5,5,0,1,0,0,876,0,0,0,0,0,1,0,nan,nan,nan,nan,nan,nan,nan
19199,1,5,5,0,0,0,0,876,0,0,0,0,0,0,0,nan,nan,nan,nan,37.45652156124561,nan,nan
19200,1,5,5,0,0,0,0,876,0,0,0,0,0,0,0,nan,nan,nan,nan,nan,nan,nan
19201,1,5,5,0,0,0,0,876,0,0,0,0,0,0,0,nan,nan,nan,nan,nan,nan,nan
19202,1,5,5,0,0,0,0,876,0,0,0,0,0,0,0,nan,nan,nan,nan,nan,nan,nan
19203,1,5,5,0,0,0,0,876,0,2,0,0,0,0,0,nan,14.697654184743442,nan,nan,nan,nan,nan
19204,1,5,5,0,0,0,0,876,0,2,0,0,0,0,0,nan,nan,nan,nan,nan,nan,nan
19205,1,4,5,1,0,0,0,876,0,0,0,0,0,0,0,nan,nan,12.942287776506419,nan,nan,nan,nan
19206,1,5,5,1,0,0,0,876,0,0,0,0,0,0,0,17.93496317469544,nan,nan,nan,nan,nan,nan
19207,1,5,5,1,0,0,0,876,0,0,0,0,0,0,0,nan,nan,nan,nan,nan,nan,nan
19208,1,5,5,1,0,0,0,876,0,0,0,0,0,0,0,nan,nan,nan,nan,nan,nan,nan
19209,1,5,5,1,0,0,0,876,0,0,0,0,0,0,0,nan,nan,nan,nan,nan,nan,nan
19210,1,5,5,0,1,0,0,876,0,0,0,0,0,0,0,nan,nan,nan,20.05085801390669,nan,nan,nan
19211,1,5,5,0,1,0,0,876,0,0,0,0,0,0,0,nan,nan,nan,nan,nan,nan,nan
19212,1,5,5,0,1,0,0,876,0,0,0,0,0,0,0,nan,nan,nan,nan,nan,nan,nan
19213,1,5,5,0,1,0,0,876,0,0,0,0,0,0,0,nan,nan,nan,nan,nan,nan,nan
19214,1,5,5,0,1,0,0,877,0,0,0,0,0,0,1,nan,nan,nan,nan,nan,nan,29.99528067265055
19215,1,5,5,0,1,0,0,877,0,0,0,0,0,1,0,nan,nan,nan,nan,nan,37.957844473094156,nan
19216,1,5,5,0,1,0,0,877,0,0,0,0,0,1,0,nan,nan,nan,nan,nan,nan,nan
19217,1,5,5,0,1,0,0,877,0,0,0,0,0,1,0,nan,nan,nan,nan,nan,nan,nan
19218,1,5,5,0,1,0,0,877,0,0,0,0,0,1,0,nan,nan,nan,nan,nan,nan,nan
19219,1,5,5,0,1,0,0,877,0,2,0,0,0,1,0,nan,15.96924339150064,nan,nan,nan,nan,nan
19220,1,5,5,0,1,0,0,877,0,2,0,0,0,1,0,nan,nan,nan,nan,nan,nan,nan
19221,1,5,5,0,1,0,0,877,0,2,0,0,0,1,0,nan,nan,nan,nan,nan,nan,nan
19222,1,5,5,0,1,0,0,877,0,2,0,1,0,0,0,nan,nan,nan,12.18252334907811,22.80247667447111,nan,nan
19223,1,5,5,0,1,0,0,877,2,2,0,1,0,0,0,17.106362122682185,nan,nan,nan,nan,nan,nan
19224,1,5,5,0,1,0,0,877,2,2,0,1,0,0,0,nan,nan,nan,nan,nan,nan,nan
19225,1,5,5,0,1,0,0,877,2,2,0,1,0,0,0,nan,nan,nan,nan,nan,nan,nan
19226,1,5,5,0,1,0,0,877,2,2,0,1,0,0,0,nan,nan,nan,nan,nan,nan,nan
19227,1,5,5,0,1,0,0,877,2,2,0,1,0,0,0,nan,nan,nan,nan,nan,nan,nan
19228,1,5,5,0,1,0,0,877,2,2,0,1,0,0,0,nan,nan,nan,nan,nan,nan,nan
19229,1,5,5,0,1,0,0,877,2,2,0,1,0,0,0,nan,nan,nan,nan,nan,nan,nan
19230,1,5,5,0,1,0,0,877,0,0,0,0,0,0,0,nan,nan,25.19486059418341,nan,nan,nan,nan
19231,1,5,5,0,1,0,0,877,0,0,0,0,0,0,0,nan,nan,nan,nan,nan,nan,nan
19232,1,5,5,0,1,0,0,877,0,0,0,0,0,0,0,nan,nan,nan,nan,nan,nan,nan
19233,1,5,5,0,1,0,0,877,0,0,0,0,0,0,0,nan,nan,nan,nan,nan,nan,nan
19234,1,5,5,0,1,0,0,877,0,0,0,0,0,0,0,nan,nan,nan,nan,nan,nan,nan
19235,1,5,5,0,1,0,0,877,0,0,0,0,0,0,0,nan,nan,nan,nan,nan,nan,nan
19236,1,5,5,0,1,0,0,877,0,0,0,0,0,0,0,nan,nan,nan,nan,nan,nan,nan
19237,1,5,5,0,1,0,0,877,0,0,0,0,0,0,0,nan,nan,nan,nan,nan,nan,nan
19238,1,5,5,0,1,0,0,877,0,0,0,0,0,0,0,nan,nan,nan,nan,nan,nan,nan
19239,1,5,5,0,1,0,0,878,0,0,0,0,0,0,1,nan,nan,nan,nan,nan,nan,24.90996273906785
19240,1,5,5,0,0,1,0,878,0,0,0,0,0,0,1,nan,nan,nan,nan,17.82264989297255,nan,nan
19241,1,5,5,0,0,0,0,878,0,0,0,0,0,0,0,nan,nan,nan,nan,nan,25.932895131023542,nan
19242,1,5,5,0,0,0,0,878,0,0,0,0,0,0,0,nan,nan,nan,nan,nan,nan,nan
19243,1,5,5,0,0,0,0,878,0,0,0,0,0,0,0,nan,nan,nan,nan,nan,nan,nan
19244,1,5,5,0,0,0,0,878,2,0,0,0,0,0,0,20.220155408547726,nan,nan,nan,nan,nan,nan
19245,1,5,5,0,0,0,0,878,2,0,0,0,0,0,0,nan,nan,nan,nan,nan,nan,nan
19246,1,5,5,0,0,0,0,878,2,0,0,0,0,0,0,nan,nan,nan,nan,nan,nan,nan
19247,1,5,5,0,0,0,0,878,2,0,0,0,0,0,0,nan,nan,nan,nan,nan,nan,nan
19248,1,5,5,0,1,0,0,878,2,0,0,1,0,0,0,nan,nan,nan,26.037525325795286,nan,nan,nan
19249,1,5,5,0,1,0,0,878,2,0,0,1,0,0,0,nan,nan,nan,nan,nan,nan,nan
19250,1,5,5,0,1,0,0,878,2,2,0,1,0,0,0,nan,30.78019230682912,nan,nan,nan,nan,nan
19251,1,5,5,0,1,0,0,878,2,2,0,1,0,0,0,nan,nan,nan,nan,nan,nan,nan
19252,1,5,5,0,1,0,0,878,2,2,0,1,0,0,0,nan,nan,nan,nan,nan,nan,nan
19253,1,5,5,0,1,0,0,878,2,2,0,1,0,0,0,nan,nan,nan,nan,nan,nan,nan
19254,1,5,5,0,1,0,0,878,2,2,0,1,0,0,0,nan,nan,nan,nan,nan,nan,nan
19255,1,5,5,0,1,0,0,878,2,2,0,1,0,0,0,nan,nan,nan,nan,nan,nan,nan
19256,1,5,5,0,1,0,0,878,2,2,0,1,0,0,0,nan,nan,nan,nan,nan,nan,nan
19257,1,5,5,0,1,0,0,878,2,2,0,1,0,0,0,nan,nan,nan,nan,nan,nan,nan
19258,1,5,5,0,1,0,1,878,2,2,0,1,0,1,0,nan,nan,nan,nan,nan,17.016055071304436,nan
19259,1,5,5,0,1,0,1,878,2,2,0,1,0,1,0,nan,nan,nan,nan,nan,nan,nan
19260,1,5,5,0,1,0,1,878,2,2,0,1,0,1,0,nan,nan,nan,nan,nan,nan,nan
19261,1,5,5,0,1,0,1,878,2,2,0,1,0,1,0,nan,nan,nan,nan,nan,nan,nan
19262,1,5,5,0,1,0,1,878,2,2,0,1,0,1,0,nan,nan,nan,nan,nan,nan,nan
19263,1,5,5,0,1,0,0,879,0,0,0,0,0,1,0,nan,nan,32.04933170341974,nan,nan,nan,24.027890122186363
19264,1,5,5,0,1,0,0,879,0,0,0,0,0,1,0,nan,nan,nan,nan,nan,nan,nan
19265,1,5,5,0,1,0,0,879,0,0,0,0,0,1,0,nan,nan,nan,nan,nan,nan,nan
19266,1,5,5,0,1,0,0,879,0,0,0,0,0,1,0,nan,nan,nan,nan,nan,nan,nan
19267,1,5,5,0,1,0,0,879,0,0,0,0,0,1,0,nan,nan,nan,nan,nan,nan,nan
19268,1,5,5,0,1,0,0,879,0,0,0,0,0,1,0,nan,nan,nan,nan,nan,nan,nan
19269,1,5,5,0,0,0,0,879,0,0,0,0,0,0,0,nan,nan,nan,nan,28.59119309722155,nan,nan
19270,1,5,5,0,0,0,0,879,0,0,0,0,0,0,0,nan,nan,nan,nan,nan,nan,nan
19271,1,5,5,0,0,0,0,879,0,0,0,0,0,0,0,nan,nan,nan,nan,nan,nan,nan
19272,1,5,5,0,0,0,0,879,0,0,0,0,0,0,0,nan,nan,nan,nan,nan,nan,nan
19273,1,5,5,0,0,0,0,879,0,0,0,0,0,0,0,nan,nan,nan,nan,nan,nan,nan
19274,1,5,5,0,0,0,0,879,0,0,0,0,0,0,0,nan,nan,nan,nan,nan,nan,nan
19275,1,5,5,0,0,0,0,879,0,0,0,0,0,0,0,nan,nan,nan,nan,nan,nan,nan
19276,1,5,5,0,0,0,0,879,2,0,0,0,0,0,0,32.65509954088702,nan,nan,nan,nan,nan,nan
19277,1,5,5,0,0,0,0,879,2,0,0,0,0,0,0,nan,nan,nan,nan,nan,nan,nan
19278,1,5,5,0,0,0,0,879,2,0,0,0,0,0,0,nan,nan,nan,nan,nan,nan,nan
19279,1,5,5,0,0,0,0,879,2,0,0,0,0,0,0,nan,nan,nan,nan,nan,nan,nan
19280,1,5,5,0,0,0,0,879,2,0,0,0,0,0,0,nan,nan,nan,nan,nan,nan,nan
19281,1,5,5,0,0,0,0,880,2,0,0,0,0,0,1,nan,nan,nan,nan,nan,nan,18.65298724989043
19282,1,5,5,0,0,0,0,880,2,0,0,0,0,0,1,nan,nan,nan,nan,nan,nan,nan
19283,1,5,5,0,0,0,0,880,2,0,0,0,0,0,1,nan,nan,nan,nan,nan,nan,nan
19284,1,5,5,0,0,0,0,880,2,0,0,0,0,1,0,nan,nan,nan,nan,nan,26.081398058024206,nan
19285,1,5,5,0,0,0,0,880,2,0,0,0,0,1,0,nan,nan,nan,nan,nan,nan,nan
19286,1,5,4,1,0,0,0,880,2,0,0,0,0,1,0,nan,nan,23.66757386475001,nan,nan,nan,nan
19287,1,5,5,1,0,0,0,880,0,0,0,0,0,1,0,nan,36.72548783495586,nan,nan,nan,nan,nan
19288,1,5,5,1,0,0,0,880,0,0,0,0,0,1,0,nan,nan,nan,nan,nan,nan,nan
19289,1,5,5,1,0,0,0,880,0,0,0,0,0,1,0,nan,nan,nan,nan,nan,nan,nan
19290,1,5,5,1,0,0,0,880,0,0,0,0,0,1,0,nan,nan,nan,nan,nan,nan,nan
19291,1,5,5,1,0,0,0,880,0,0,0,0,0,1,0,nan,nan,nan,nan,nan,nan,nan
19292,1,5,5,1,0,0,0,880,0,0,0,0,0,1,0,nan,nan,nan,nan,nan,nan,nan
19293,1,5,5,0,1,0,0,880,0,0,0,0,0,1,0,nan,nan,nan,44.78151961585172,nan,nan,nan
19294,1,5,5,0,1,0,0,880,0,0,0,0,0,1,0,nan,nan,nan,nan,nan,nan,nan
19295,1,5,5,0,1,0,0,880,0,0,0,0,0,1,0,nan,nan,nan,nan,nan,nan,nan
19296,1,5,5,0,1,0,0,880,0,0,0,0,0,1,0,nan,nan,nan,nan,nan,nan,nan
19297,1,5,5,0,1,0,0,881,0,0,0,0,0,1,1,nan,nan,nan,nan,nan,nan,15.521104594481585
19298,1,5,5,0,1,0,0,881,0,0,0,0,0,1,1,nan,nan,nan,nan,nan,nan,nan
19299,1,5,5,0,1,0,0,881,0,0,0,0,0,1,1,nan,nan,nan,nan,nan,nan,nan
19300,1,5,5,0,1,0,0,881,0,0,0,0,0,1,1,nan,nan,nan,nan,nan,nan,nan
19301,1,5,5,0,1,0,0,881,0,2,0,0,0,1,1,nan,14.141158571408596,nan,nan,nan,nan,nan
19302,1,5,5,0,1,0,0,881,0,2,0,0,0,1,1,nan,nan,nan,nan,nan,nan,nan
19303,1,5,5,0,0,0,0,881,2,2,0,0,0,0,1,27.09571234028772,nan,nan,nan,34.75003202513108,nan,nan
19304,1,5,5,0,0,0,0,881,2,2,0,0,0,0,1,nan,nan,nan,nan,nan,nan,nan
19305,1,5,5,1,0,0,0,881,0,0,0,0,0,0,1,nan,nan,18.40510623486989,nan,nan,nan,nan
19306,1,5,5,1,0,0,0,881,0,0,0,0,0,0,1,nan,nan,nan,nan,nan,nan,nan
19307,1,5,5,1,0,0,0,881,0,0,0,0,0,0,1,nan,nan,nan,nan,nan,nan,nan
19308,1,5,5,1,0,0,0,881,0,0,0,0,0,0,1,nan,nan,nan,nan,nan,nan,nan
19309,1,5,5,1,0,0,0,881,0,0,0,0,0,0,1,nan,nan,nan,nan,nan,nan,nan
19310,1,5,5,1,0,0,0,881,0,0,0,0,0,0,1,nan,nan,nan,nan,nan,nan,nan
19311,1,5,5,0,1,0,0,881,0,0,0,0,0,0,1,nan,nan,nan,18.31338794347539,nan,nan,nan
19312,1,5,5,0,1,0,0,881,0,0,0,0,0,0,1,nan,nan,nan,nan,nan,nan,nan
19313,1,5,5,0,1,0,0,881,0,0,0,0,0,0,1,nan,nan,nan,nan,nan,nan,nan
19314,1,5,5,0,1,0,0,881,0,0,0,0,0,0,1,nan,nan,nan,nan,nan,nan,nan
19315,1,5,5,0,1,0,0,881,0,0,0,0,0,1,0,nan,nan,nan,nan,nan,31.067332975246245,nan
19316,1,5,5,0,1,0,0,881,0,0,0,0,0,1,0,nan,nan,nan,nan,nan,nan,nan
19317,1,5,5,0,1,0,0,881,0,0,0,0,0,1,0,nan,nan,nan,nan,nan,nan,nan
19318,1,5,5,0,1,0,0,881,0,0,0,0,0,1,0,nan,nan,nan,nan,nan,nan,nan
19319,1,5,5,0,1,0,0,881,0,0,0,0,0,1,0,nan,nan,nan,nan,nan,nan,nan
19320,1,5,5,0,1,0,0,881,0,0,0,0,0,1,0,nan,nan,nan,nan,nan,nan,nan
19321,1,5,5,0,0,0,0,881,0,0,0,0,0,0,0,nan,nan,nan,nan,17.88332727449597,nan,nan
19322,1,5,5,0,0,0,0,881,0,0,0,0,0,0,0,nan,nan,nan,nan,nan,nan,nan
19323,1,5,5,0,0,0,0,881,0,0,0,0,0,0,0,nan,nan,nan,nan,nan,nan,nan
19324,1,5,5,0,0,0,0,881,2,0,0,0,0,0,0,21.028185375398607,nan,nan,nan,nan,nan,nan
19325,1,5,4,1,0,0,0,881,2,0,0,0,0,0,0,nan,nan,20.127305876027094,nan,nan,nan,nan
19326,1,5,4,0,1,0,0,881,2,0,0,0,0,0,0,nan,nan,nan,14.890729641141661,nan,nan,nan
19327,1,5,4,0,1,0,0,881,2,0,0,0,0,0,0,nan,nan,nan,nan,nan,nan,nan
19328,1,5,4,0,1,0,0,881,2,0,0,0,0,0,0,nan,nan,nan,nan,nan,nan,nan
19329,1,5,4,0,1,0,0,881,2,0,0,0,0,0,0,nan,nan,nan,nan,nan,nan,nan
19330,1,5,4,0,1,0,0,881,2,0,0,0,0,0,0,nan,nan,nan,nan,nan,nan,nan
19331,1,5,4,0,1,0,0,882,2,0,0,0,0,0,1,nan,nan,nan,nan,nan,nan,33.99157972134344
19332,1,5,4,0,1,0,0,882,2,0,0,0,0,0,1,nan,nan,nan,nan,nan,nan,nan
19333,1,5,4,0,1,0,0,882,2,0,0,0,0,0,1,nan,nan,nan,nan,nan,nan,nan
19334,1,5,4,0,1,0,0,882,2,0,0,0,0,0,1,nan,nan,nan,nan,nan,nan,nan
19335,1,5,4,0,1,0,0,882,2,0,0,0,0,0,1,nan,nan,nan,nan,nan,nan,nan
19336,1,5,4,0,0,1,0,882,2,0,0,0,0,0,1,nan,nan,nan,nan,14.691658207822911,nan,nan
19337,1,5,4,0,0,1,0,882,2,0,0,0,0,0,1,nan,nan,nan,nan,nan,nan,nan
19338,1,5,5,0,1,1,0,882,0,0,0,1,0,0,1,nan,37.37673833662848,nan,11.930196425524628,nan,nan,nan
19339,1,5,5,0,1,1,0,882,0,0,0,1,0,0,1,nan,nan,nan,nan,nan,nan,nan
19340,1,5,5,0,1,1,0,882,0,0,0,1,0,0,1,nan,nan,nan,nan,nan,nan,nan
19341,1,5,5,0,1,1,0,882,0,0,0,1,0,0,1,nan,nan,nan,nan,nan,nan,nan
19342,1,5,5,0,1,1,0,882,0,0,0,1,0,0,1,nan,nan,nan,nan,nan,nan,nan
19343,1,5,5,0,1,1,0,882,0,0,0,1,0,0,1,nan,nan,nan,nan,nan,nan,nan
19344,1,5,4,0,1,1,0,882,0,0,0,0,0,0,1,nan,nan,18.940392733846238,nan,nan,nan,nan
19345,1,5,4,0,1,1,0,882,0,0,0,0,0,0,1,nan,nan,nan,nan,nan,nan,nan
19346,1,5,4,0,1,1,0,882,0,0,0,0,0,0,1,nan,nan,nan,nan,nan,nan,nan
19347,1,5,4,0,1,1,0,882,0,0,0,0,0,0,1,nan,nan,nan,nan,nan,nan,nan
19348,1,5,4,0,1,0,0,882,0,0,0,0,0,0,0,nan,nan,nan,nan,nan,32.148269128119864,nan
19349,1,5,4,0,1,0,0,882,0,0,0,0,0,0,0,nan,nan,nan,nan,nan,nan,nan
19350,1,5,4,0,1,0,0,882,0,0,0,0,0,0,0,nan,nan,nan,nan,nan,nan,nan
19351,1,4,5,0,1,0,0,882,0,0,0,0,0,0,0,nan,12.738921372547338,nan,nan,nan,nan,nan
19352,1,4,5,0,1,0,0,882,0,0,0,0,0,0,0,nan,nan,nan,nan,nan,nan,nan
19353,1,5,5,0,1,0,0,882,0,0,0,0,0,0,0,28.411874973102385,nan,nan,nan,nan,nan,nan
19354,1,5,5,0,0,1,0,882,0,0,0,0,0,0,0,nan,nan,nan,nan,18.034026424887998,nan,nan
19355,1,5,5,0,0,1,0,882,0,0,0,0,0,0,0,nan,nan,nan,nan,nan,nan,nan
19356,1,5,4,1,0,0,1,882,0,0,0,0,0,0,0,nan,nan,11.888191151803767,nan,nan,8.406334596566012,nan
19357,1,5,4,1,0,0,1,882,0,0,0,0,0,0,0,nan,nan,nan,nan,nan,nan,nan
19358,1,5,4,1,0,0,1,882,0,0,0,0,0,0,0,nan,nan,nan,nan,nan,nan,nan
19359,1,5,4,1,0,0,1,882,0,0,0,0,0,0,0,nan,nan,nan,nan,nan,nan,nan
19360,1,5,4,1,0,0,1,882,0,0,0,0,0,0,0,nan,nan,nan,nan,nan,nan,nan
19361,1,5,4,1,0,0,1,882,0,0,0,0,0,0,0,nan,nan,nan,nan,nan,nan,nan
19362,1,5,4,0,1,0,1,882,0,0,0,0,0,0,0,nan,nan,nan,24.240403063122358,nan,nan,nan
19363,1,5,4,0,1,0,0,883,0,0,0,0,0,0,0,nan,nan,nan,nan,nan,nan,32.06001652001578
19364,1,5,4,0,1,0,0,883,0,0,0,0,0,0,0,nan,nan,nan,nan,nan,nan,nan
19365,1,5,4,0,1,0,0,883,0,0,0,0,0,0,0,nan,nan,nan,nan,nan,nan,nan
19366,1,5,4,0,1,0,0,883,0,0,0,0,0,0,0,nan,nan,nan,nan,nan,nan,nan
19367,1,5,4,0,1,0,0,883,2,0,0,0,0,0,0,14.006872148846014,nan,nan,nan,nan,nan,nan
19368,1,5,5,0,1,0,0,883,0,0,0,0,0,0,0,nan,17.15475344931474,nan,nan,nan,nan,nan
19369,1,5,5,0,0,1,0,883,0,0,0,0,0,0,0,nan,nan,nan,nan,14.670762953923258,nan,nan
19370,1,5,5,0,0,1,0,883,0,0,0,0,0,0,0,nan,nan,nan,nan,nan,nan,nan
19371,1,5,5,0,0,1,0,883,0,0,0,0,0,0,0,nan,nan,nan,nan,nan,nan,nan
19372,1,5,5,0,0,1,0,883,0,0,0,0,0,0,0,nan,nan,nan,nan,nan,nan,nan
19373,1,5,5,0,0,1,0,883,0,0,0,0,0,0,0,nan,nan,nan,nan,nan,nan,nan
19374,1,5,4,1,0,1,0,883,0,0,0,0,0,0,0,nan,nan,18.64259403941105,nan,nan,nan,nan
19375,1,5,4,1,0,1,0,883,0,0,0,0,0,0,0,nan,nan,nan,nan,nan,nan,nan
19376,1,5,4,1,0,1,0,883,0,0,0,0,0,0,0,nan,nan,nan,nan,nan,nan,nan
19377,1,5,4,1,0,1,0,883,0,0,0,0,0,0,0,nan,nan,nan,nan,nan,nan,nan
19378,1,5,4,1,0,1,0,883,0,0,0,0,0,0,0,nan,nan,nan,nan,nan,nan,nan
19379,1,5,4,1,0,1,0,883,0,0,0,0,0,0,0,nan,nan,nan,nan,nan,nan,nan
19380,1,5,4,1,0,0,0,884,0,0,0,0,0,0,0,nan,nan,nan,nan,nan,24.416063083950576,17.0821022588716
19381,1,5,4,1,0,0,0,884,0,0,0,0,0,0,0,nan,nan,nan,nan,nan,nan,nan
19382,1,5,4,1,0,0,0,884,0,0,0,0,0,0,0,nan,nan,nan,nan,nan,nan,nan
19383,1,5,4,1,0,0,0,884,0,0,0,0,0,0,0,nan,nan,nan,nan,nan,nan,nan
19384,1,5,4,1,0,0,0,884,0,0,0,0,0,0,0,nan,nan,nan,nan,nan,nan,nan
19385,1,5,4,0,1,0,0,884,0,0,0,0,0,0,0,nan,nan,nan,22.516930978126766,nan,nan,nan
19386,1,5,4,0,1,0,0,884,0,0,0,0,0,0,0,nan,nan,nan,nan,nan,nan,nan
19387,1,5,4,0,0,1,0,884,0,0,0,0,0,0,0,nan,nan,nan,nan,18.219505003355152,nan,nan
19388,1,5,3,1,0,1,0,884,0,0,0,0,0,0,0,nan,nan,13.574648731275374,nan,nan,nan,nan
19389,1,5,3,1,0,1,0,884,0,0,0,0,0,0,0,nan,nan,nan,nan,nan,nan,nan
19390,1,5,3,1,0,1,0,884,0,0,0,0,0,0,0,nan,nan,nan,nan,nan,nan,nan
19391,1,5,3,1,0,1,0,884,0,0,0,0,0,0,0,nan,nan,nan,nan,nan,nan,nan
19392,1,5,3,1,0,1,0,884,2,0,0,0,0,0,0,25.18975699515795,nan,nan,nan,nan,nan,nan
19393,1,5,3,1,0,1,0,884,2,0,0,0,0,0,0,nan,nan,nan,nan,nan,nan,nan
19394,1,5,3,1,0,1,0,884,2,0,0,0,0,0,0,nan,nan,nan,nan,nan,nan,nan
19395,1,5,3,1,0,1,0,884,2,0,0,0,0,0,0,nan,nan,nan,nan,nan,nan,nan
19396,1,5,4,1,0,1,0,884,0,0,0,0,0,0,0,nan,27.592421541216027,nan,nan,nan,nan,nan
19397,1,5,4,1,0,1,0,884,0,0,0,0,0,0,0,nan,nan,nan,nan,nan,nan,nan
19398,1,5,4,1,0,0,1,884,0,0,0,0,0,0,0,nan,nan,nan,nan,nan,17.735410100194713,nan
19399,1,5,4,1,0,0,1,884,0,0,0,0,0,0,0,nan,nan,nan,nan,nan,nan,nan
19400,1,5,4,1,0,0,1,884,0,0,0,0,0,0,0,nan,nan,nan,nan,nan,nan,nan
19401,1,5,4,1,0,0,1,884,0,0,0,0,0,0,0,nan,nan,nan,nan,nan,nan,nan
19402,1,5,4,1,0,0,1,884,0,0,0,0,0,0,0,nan,nan,nan,nan,nan,nan,nan
19403,1,5,3,2,0,0,1,884,0,0,0,0,0,0,0,nan,nan,15.599268210367882,nan,nan,nan,nan
19404,1,5,3,2,0,0,1,884,0,0,0,0,0,0,0,nan,nan,nan,nan,nan,nan,nan
19405,1,5,3,1,1,0,1,884,0,0,0,0,0,0,0,nan,nan,nan,20.179064799795015,nan,nan,nan
19406,1,5,3,1,1,0,1,884,0,0,0,0,0,0,0,nan,nan,nan,nan,nan,nan,nan
19407,1,5,3,1,1,0,1,884,0,0,0,0,0,0,0,nan,nan,nan,nan,nan,nan,nan
19408,1,5,3,1,1,0,1,884,0,0,0,0,0,0,0,nan,nan,nan,nan,nan,nan,nan
19409,1,5,3,1,1,0,1,884,0,0,0,0,0,0,0,nan,nan,nan,nan,nan,nan,nan
19410,1,5,3,1,1,0,1,884,0,0,0,0,0,0,0,nan,nan,nan,nan,nan,nan,nan
19411,1,5,3,1,1,0,1,884,2,0,0,0,0,0,0,19.079856733813358,nan,nan,nan,nan,nan,nan
19412,1,5,3,1,0,1,1,884,2,0,0,0,0,0,0,nan,nan,nan,nan,25.10347246406309,nan,nan
19413,1,5,3,1,0,1,0,885,2,0,0,0,0,0,0,nan,nan,nan,nan,nan,nan,32.958121049909096
19414,1,5,3,1,0,1,0,885,2,0,0,0,0,0,0,nan,nan,nan,nan,nan,nan,nan
19415,1,5,3,1,0,1,0,885,2,0,0,0,0,0,0,nan,nan,nan,nan,nan,nan,nan
19416,1,5,3,1,0,1,0,885,2,0,0,0,0,0,0,nan,nan,nan,nan,nan,nan,nan
19417,1,5,3,1,0,1,0,885,2,0,0,0,0,0,0,nan,nan,nan,nan,nan,nan,nan
19418,1,5,3,1,0,1,0,885,2,0,0,0,0,0,0,nan,nan,nan,nan,nan,nan,nan
19419,1,5,3,1,0,1,0,885,2,0,0,0,0,0,0,nan,nan,nan,nan,nan,nan,nan
19420,1,5,3,1,0,1,0,885,2,0,0,0,0,0,0,nan,nan,nan,nan,nan,nan,nan
19421,1,5,4,1,0,0,1,885,0,0,0,0,0,0,0,nan,24.892504426596133,nan,nan,nan,22.60774830625087,nan
19422,1,5,4,1,0,0,1,885,0,0,0,0,0,0,0,nan,nan,nan,nan,nan,nan,nan
19423,1,5,4,1,0,0,1,885,0,0,0,0,0,0,0,nan,nan,nan,nan,nan,nan,nan
19424,1,5,4,1,0,0,1,885,0,0,0,0,0,0,0,nan,nan,nan,nan,nan,nan,nan
19425,1,5,4,1,0,0,1,885,0,0,0,0,0,0,0,nan,nan,nan,nan,nan,nan,nan
19426,1,5,4,0,0,1,1,885,0,0,0,0,0,0,0,nan,nan,nan,21.292261493061233,13.794838679368695,nan,nan
19427,1,5,4,0,0,1,1,885,0,0,0,0,0,0,0,nan,nan,nan,nan,nan,nan,nan
19428,1,5,4,0,0,1,1,885,0,0,0,0,0,0,0,nan,nan,nan,nan,nan,nan,nan
19429,1,5,3,1,0,1,1,885,0,0,0,0,0,0,0,nan,nan,25.24129655995057,nan,nan,nan,nan
19430,1,5,3,1,0,1,0,886,0,0,0,0,0,0,0,nan,nan,nan,nan,nan,nan,17.039516346620076
19431,1,5,3,1,0,1,0,886,0,0,0,0,0,0,0,nan,nan,nan,nan,nan,nan,nan
19432,1,5,3,1,0,1,0,886,0,0,0,0,0,0,0,nan,nan,nan,nan,nan,nan,nan
19433,1,4,4,1,0,1,0,886,0,0,0,0,0,0,0,nan,12.654443877661834,nan,nan,nan,nan,nan
19434,1,4,4,1,0,1,0,886,0,0,0,0,0,0,0,nan,nan,nan,nan,nan,nan,nan
19435,1,4,4,1,0,1,0,886,0,0,0,0,0,0,0,nan,nan,nan,nan,nan,nan,nan
19436,1,4,4,1,0,1,0,886,0,0,0,0,0,0,0,nan,nan,nan,nan,nan,nan,nan
19437,1,4,4,1,0,1,0,886,0,0,0,0,0,0,0,nan,nan,nan,nan,nan,nan,nan
19438,1,4,4,1,0,1,0,886,0,0,0,0,0,0,0,nan,nan,nan,nan,nan,nan,nan
19439,1,4,4,0,1,1,0,886,0,0,0,0,0,0,0,nan,nan,nan,12.865770724845788,nan,nan,nan
19440,1,4,4,0,1,1,0,886,0,0,0,0,0,0,0,nan,nan,nan,nan,nan,nan,nan
19441,1,4,4,0,1,1,0,886,0,0,0,0,0,0,0,nan,nan,nan,nan,nan,nan,nan
19442,1,4,4,0,1,1,0,887,0,0,0,0,0,0,1,nan,nan,nan,nan,nan,nan,12.287522540482314
19443,1,4,4,0,1,1,0,887,0,0,0,0,0,0,1,nan,nan,nan,nan,nan,nan,nan
19444,1,4,3,1,0,2,0,887,0,0,0,0,0,0,1,nan,nan,15.555350284397718,nan,18.158534874888574,nan,nan
19445,1,4,3,1,0,2,0,887,0,0,0,0,0,0,1,nan,nan,nan,nan,nan,nan,nan
19446,1,5,3,1,0,1,0,887,0,0,0,0,0,0,0,34.65384440789785,nan,nan,nan,nan,25.69434746515617,nan
19447,1,5,3,1,0,1,0,887,0,0,0,0,0,0,0,nan,nan,nan,nan,nan,nan,nan
19448,1,5,3,1,0,1,0,887,0,0,0,0,0,0,0,nan,nan,nan,nan,nan,nan,nan
19449,1,5,3,1,0,1,0,887,0,0,0,0,0,0,0,nan,nan,nan,nan,nan,nan,nan
19450,1,5,3,1,0,1,0,887,0,0,0,0,0,0,0,nan,nan,nan,nan,nan,nan,nan
19451,1,4,4,1,0,1,0,887,0,0,0,0,0,0,0,nan,17.693330403086293,nan,nan,nan,nan,nan
19452,1,4,4,1,0,1,0,887,0,0,0,0,0,0,0,nan,nan,nan,nan,nan,nan,nan
19453,1,4,4,1,0,1,0,887,0,0,0,0,0,0,0,nan,nan,nan,nan,nan,nan,nan
19454,1,4,4,1,0,1,0,887,0,0,0,0,0,0,0,nan,nan,nan,nan,nan,nan,nan
19455,1,4,4,0,1,1,0,887,0,0,0,0,0,0,0,nan,nan,nan,16.544493545257865,nan,nan,nan
19456,1,5,4,0,1,1,0,887,0,0,0,0,0,0,0,10.544172308891575,nan,nan,nan,nan,nan,nan
19457,1,5,4,0,1,1,0,887,0,0,0,0,0,0,0,nan,nan,nan,nan,nan,nan,nan
19458,1,5,4,0,1,1,0,887,0,0,0,0,0,0,0,nan,nan,nan,nan,nan,nan,nan
19459,1,5,4,0,1,1,0,887,0,0,0,0,0,0,0,nan,nan,nan,nan,nan,nan,nan
19460,1,5,3,1,1,1,0,887,0,0,0,0,0,0,0,nan,nan,15.688301000656793,nan,nan,nan,nan
19461,1,5,3,1,1,0,0,888,0,0,0,0,0,0,0,nan,nan,nan,nan,nan,14.723785516158387,19.131524087508296
19462,1,5,3,1,1,0,0,888,0,0,0,0,0,0,0,nan,nan,nan,nan,nan,nan,nan
19463,1,5,3,1,0,1,0,888,0,0,0,0,0,0,0,nan,nan,nan,nan,19.068186410429917,nan,nan
19464,1,5,3,1,0,1,0,888,0,0,0,0,0,0,0,nan,nan,nan,nan,nan,nan,nan
19465,1,5,3,1,0,1,0,888,0,0,0,0,0,0,0,nan,nan,nan,nan,nan,nan,nan
19466,1,5,3,1,0,1,0,888,0,0,0,0,0,0,0,nan,nan,nan,nan,nan,nan,nan
19467,1,5,3,1,0,1,0,888,0,0,0,0,0,0,0,nan,nan,nan,nan,nan,nan,nan
19468,1,5,3,1,0,1,0,888,0,0,0,0,0,0,0,nan,nan,nan,nan,nan,nan,nan
19469,1,4,4,1,0,1,0,888,0,0,0,0,0,0,0,nan,18.397366200842953,nan,nan,nan,nan,nan
19470,1,4,4,1,0,1,0,888,0,0,0,0,0,0,0,nan,nan,nan,nan,nan,nan,nan
19471,1,4,4,1,0,1,0,888,0,0,0,0,0,0,0,nan,nan,nan,nan,nan,nan,nan
19472,1,4,4,1,0,1,0,888,0,0,0,0,0,0,0,nan,nan,nan,nan,nan,nan,nan
19473,1,4,4,1,0,0,1,888,0,0,0,0,0,0,0,nan,nan,nan,nan,nan,12.28198763128239,nan
19474,1,4,4,1,0,0,0,889,0,0,0,0,0,0,0,nan,nan,nan,nan,nan,nan,12.466176519927103
19475,1,4,4,1,0,0,0,889,0,0,0,0,0,0,0,nan,nan,nan,nan,nan,nan,nan
19476,1,4,4,1,0,0,0,889,0,0,0,0,0,0,0,nan,nan,nan,nan,nan,nan,nan
19477,1,4,4,1,0,0,0,889,0,0,0,0,0,0,0,nan,nan,nan,nan,nan,nan,nan
19478,1,4,4,1,0,0,0,889,0,0,0,0,0,0,0,nan,nan,nan,nan,nan,nan,nan
19479,1,5,4,1,0,0,0,889,0,0,0,0,0,0,0,23.120589653681236,nan,nan,nan,nan,nan,nan
19480,1,5,4,1,0,0,0,889,0,0,0,0,0,0,0,nan,nan,nan,nan,nan,nan,nan
19481,1,5,4,1,0,0,0,889,0,0,0,0,0,0,0,nan,nan,nan,nan,nan,nan,nan
19482,1,5,4,1,0,0,0,889,0,0,0,0,0,0,0,nan,nan,nan,nan,nan,nan,nan
19483,1,5,4,0,1,0,0,889,0,0,0,0,0,0,0,nan,nan,nan,27.890624104333256,nan,nan,nan
19484,1,5,3,1,1,0,0,889,0,0,0,0,0,0,0,nan,nan,23.723779605625168,nan,nan,nan,nan
19485,1,5,3,1,1,0,0,889,0,0,0,0,0,0,0,nan,nan,nan,nan,nan,nan,nan
19486,1,5,3,1,1,0,0,889,0,0,0,0,0,0,0,nan,nan,nan,nan,nan,nan,nan
19487,1,5,3,1,1,0,1,889,0,0,0,0,0,1,0,nan,nan,nan,nan,nan,13.312351824151847,nan
19488,1,5,3,1,1,0,1,889,0,0,0,0,0,1,0,nan,nan,nan,nan,nan,nan,nan
19489,1,5,3,1,0,0,0,890,0,0,0,0,0,0,0,nan,nan,nan,nan,25.950116473173694,nan,14.862890916909237
19490,1,5,3,1,0,0,0,890,0,0,0,0,0,0,0,nan,nan,nan,nan,nan,nan,nan
19491,1,5,3,1,0,0,0,890,0,0,0,0,0,0,0,nan,nan,nan,nan,nan,nan,nan
19492,1,5,3,1,0,0,0,890,2,0,0,0,0,0,0,12.600425082855509,nan,nan,nan,nan,nan,nan
19493,1,5,4,1,0,0,0,890,0,0,0,0,0,0,0,nan,23.670338017684116,nan,nan,nan,nan,nan
19494,1,5,4,1,0,0,0,890,0,0,0,0,0,0,0,nan,nan,nan,nan,nan,nan,nan
19495,1,5,4,1,0,0,0,890,0,0,0,0,0,0,0,nan,nan,nan,nan,nan,nan,nan
19496,1,5,4,1,0,0,0,890,0,0,0,0,0,0,0,nan,nan,nan,nan,nan,nan,nan
19497,1,5,4,0,1,0,0,890,0,0,0,0,0,0,0,nan,nan,nan,13.5439296772347,nan,nan,nan
19498,1,5,4,0,1,0,0,890,0,0,0,0,0,0,0,nan,nan,nan,nan,nan,nan,nan
19499,1,5,3,1,1,0,0,890,0,0,0,0,0,0,0,nan,nan,14.988357199461461,nan,nan,nan,nan
19500,1,5,3,1,1,0,0,890,0,0,0,0,0,0,0,nan,nan,nan,nan,nan,nan,nan
19501,1,5,3,1,1,0,0,890,0,0,0,0,0,0,0,nan,nan,nan,nan,nan,nan,nan
19502,1,4,4,1,1,0,0,890,0,0,0,0,0,0,0,nan,9.173532811117184,nan,nan,nan,nan,nan
19503,1,4,4,1,0,1,0,890,0,0,0,0,0,0,0,nan,nan,nan,nan,14.263758056567895,nan,nan
19504,1,4,4,1,0,1,0,890,0,0,0,0,0,0,0,nan,nan,nan,nan,nan,nan,nan
19505,1,4,4,1,0,1,0,890,0,0,0,0,0,0,0,nan,nan,nan,nan,nan,nan,nan
19506,1,4,4,1,0,1,0,890,0,0,0,0,0,0,0,nan,nan,nan,nan,nan,nan,nan
19507,1,4,4,1,0,1,0,891,0,0,0,0,0,0,1,nan,nan,nan,nan,nan,nan,18.10609748700881
19508,1,4,4,1,0,1,0,891,0,0,0,0,0,0,1,nan,nan,nan,nan,nan,nan,nan
19509,1,4,4,1,0,1,0,891,0,0,0,0,0,0,1,nan,nan,nan,nan,nan,nan,nan
19510,1,5,4,1,0,0,0,891,0,0,0,0,0,0,0,18.287662771734176,nan,nan,nan,nan,22.929619968570478,nan
19511,1,5,3,2,0,0,0,891,0,0,0,0,0,0,0,nan,nan,12.623717737391416,nan,nan,nan,nan
19512,1,5,3,2,0,0,0,891,0,0,0,0,0,0,0,nan,nan,nan,nan,nan,nan,nan
19513,1,5,3,2,0,0,0,891,0,0,0,0,0,0,0,nan,nan,nan,nan,nan,nan,nan
19514,1,5,3,2,0,0,0,891,0,0,0,0,0,0,0,nan,nan,nan,nan,nan,nan,nan
19515,1,5,3,2,0,0,0,891,0,0,0,0,0,0,0,nan,nan,nan,nan,nan,nan,nan
19516,1,5,3,2,0,1,0,891,0,0,0,0,1,0,0,nan,nan,nan,nan,12.988915466772596,nan,nan
19517,1,5,3,2,0,1,0,891,0,0,0,0,1,0,0,nan,nan,nan,nan,nan,nan,nan
19518,1,5,3,2,0,1,0,891,0,0,0,0,1,0,0,nan,nan,nan,nan,nan,nan,nan
19519,1,5,3,1,0,1,0,891,0,0,0,0,0,0,0,nan,nan,nan,22.268524913608417,nan,nan,nan
19520,1,5,3,1,0,1,0,891,2,0,0,0,0,0,0,10.213751785024215,nan,nan,nan,nan,nan,nan
19521,1,5,3,1,0,1,0,891,2,0,0,0,0,0,0,nan,nan,nan,nan,nan,nan,nan
19522,1,5,4,1,0,1,0,891,0,0,0,0,0,0,0,nan,19.889144711429253,nan,nan,nan,nan,nan
19523,1,5,4,1,0,1,0,891,0,0,0,0,0,0,0,nan,nan,nan,nan,nan,nan,nan
19524,1,5,3,2,0,1,0,892,0,0,0,0,0,0,1,nan,nan,12.589413138954114,nan,nan,nan,16.945039156296843
19525,1,5,3,2,0,1,0,892,0,0,0,0,0,0,1,nan,nan,nan,nan,nan,nan,nan
19526,1,5,3,2,0,1,0,892,0,0,0,0,0,0,1,nan,nan,nan,nan,nan,nan,nan
19527,1,5,3,2,0,1,0,892,0,0,0,0,0,0,1,nan,nan,nan,nan,nan,nan,nan
19528,1,5,3,2,0,0,0,892,0,0,0,0,0,0,0,nan,nan,nan,nan,nan,18.521553191687417,nan
19529,1,5,3,2,0,0,0,892,0,0,0,0,0,0,0,nan,nan,nan,nan,nan,nan,nan
19530,1,5,3,2,0,0,0,892,0,0,0,0,0,0,0,nan,nan,nan,nan,nan,nan,nan
19531,1,5,3,2,0,0,0,892,0,0,0,0,0,0,0,nan,nan,nan,nan,nan,nan,nan
19532,1,5,3,2,0,0,0,892,0,0,0,0,0,0,0,nan,nan,nan,nan,nan,nan,nan
19533,1,5,3,2,0,0,0,892,0,0,0,0,0,0,0,nan,nan,nan,nan,nan,nan,nan
19534,1,5,3,2,0,0,0,892,2,0,0,0,0,0,0,13.378090613376116,nan,nan,nan,nan,nan,nan
19535,1,5,4,2,0,0,0,892,0,0,0,0,0,0,0,nan,12.690589457528404,nan,nan,nan,nan,nan
19536,1,5,4,2,0,0,0,892,0,0,0,0,0,0,0,nan,nan,nan,nan,nan,nan,nan
19537,1,5,4,1,1,0,0,892,0,0,0,0,0,0,0,nan,nan,nan,17.648381661532767,nan,nan,nan
19538,1,5,4,1,1,0,1,892,0,0,0,0,0,1,0,nan,nan,nan,nan,nan,9.50956651330489,nan
19539,1,5,4,1,1,0,1,892,0,0,0,0,0,1,0,nan,nan,nan,nan,nan,nan,nan
19540,1,5,4,1,1,0,1,892,0,0,0,0,0,1,0,nan,nan,nan,nan,nan,nan,nan
19541,1,5,4,1,1,0,1,892,0,0,0,0,0,1,0,nan,nan,nan,nan,nan,nan,nan
19542,1,5,4,1,1,0,1,892,0,0,0,0,0,1,0,nan,nan,nan,nan,nan,nan,nan
19543,1,5,4,1,1,0,1,892,0,0,0,0,0,1,0,nan,nan,nan,nan,nan,nan,nan
19544,1,5,3,2,0,0,1,892,0,0,0,0,0,0,0,nan,nan,20.31581832775919,nan,27.496332107515627,nan,nan
19545,1,5,3,2,0,0,1,892,0,0,0,0,0,0,0,nan,nan,nan,nan,nan,nan,nan
19546,1,5,3,2,0,0,1,892,0,0,0,0,0,0,0,nan,nan,nan,nan,nan,nan,nan
19547,1,5,3,2,0,0,0,893,0,0,0,0,0,0,0,nan,nan,nan,nan,nan,nan,23.204653087381303
19548,1,5,3,2,0,0,0,893,0,0,0,0,0,0,0,nan,nan,nan,nan,nan,nan,nan
19549,1,5,3,2,0,0,0,893,0,0,0,0,0,0,0,nan,nan,nan,nan,nan,nan,nan
19550,1,5,3,2,0,0,0,893,0,0,0,0,0,0,0,nan,nan,nan,nan,nan,nan,nan
19551,1,5,3,2,0,0,0,893,0,0,0,0,0,0,0,nan,nan,nan,nan,nan,nan,nan
19552,1,5,3,2,0,0,0,893,2,0,0,0,0,0,0,18.100438478038996,nan,nan,nan,nan,nan,nan
19553,1,5,3,2,0,1,0,893,2,0,0,0,1,0,0,nan,nan,nan,nan,9.448654674095451,nan,nan
19554,1,5,3,2,0,1,0,893,2,0,0,0,1,0,0,nan,nan,nan,nan,nan,nan,nan
19555,1,5,4,2,0,1,0,893,0,0,0,0,1,0,0,nan,20.002818145465426,nan,nan,nan,nan,nan
19556,1,5,4,1,0,1,0,893,0,0,0,0,0,0,0,nan,nan,nan,19.3321931244609,nan,nan,nan
19557,1,5,4,1,0,1,0,893,0,0,0,0,0,0,0,nan,nan,nan,nan,nan,nan,nan
19558,1,5,4,1,0,1,0,893,0,0,0,0,0,0,0,nan,nan,nan,nan,nan,nan,nan
19559,1,5,4,1,0,1,0,893,0,0,0,0,0,0,0,nan,nan,nan,nan,nan,nan,nan
19560,1,5,4,1,0,1,0,893,0,0,0,0,0,0,0,nan,nan,nan,nan,nan,nan,nan
19561,1,5,3,2,0,0,1,893,0,0,0,0,0,0,0,nan,nan,16.524159366181266,nan,nan,23.516542170444154,nan
19562,1,5,3,2,0,0,1,893,0,0,0,0,0,0,0,nan,nan,nan,nan,nan,nan,nan
19563,1,5,3,2,0,0,1,893,0,0,0,0,0,0,0,nan,nan,nan,nan,nan,nan,nan
19564,1,5,3,2,0,0,1,893,0,0,0,0,0,0,0,nan,nan,nan,nan,nan,nan,nan
19565,1,5,3,2,0,0,1,893,0,0,0,0,0,0,0,nan,nan,nan,nan,nan,nan,nan
19566,1,5,3,2,0,0,0,894,0,0,0,0,0,0,0,nan,nan,nan,nan,nan,nan,18.522450460459368
19567,1,5,3,2,0,0,0,894,0,0,0,0,0,0,0,nan,nan,nan,nan,nan,nan,nan
19568,1,5,3,2,0,0,0,894,0,0,0,0,0,0,0,nan,nan,nan,nan,nan,nan,nan
19569,1,5,3,2,0,0,0,894,0,0,0,0,0,0,0,nan,nan,nan,nan,nan,nan,nan
19570,1,5,3,1,1,0,0,894,0,0,0,0,0,0,0,nan,nan,nan,13.485988261716557,nan,nan,nan
19571,1,5,3,1,1,0,0,894,0,0,0,0,0,0,0,nan,nan,nan,nan,nan,nan,nan
19572,1,4,4,1,1,0,0,894,0,0,0,0,0,0,0,nan,17.320039371781604,nan,nan,nan,nan,nan
19573,1,4,4,1,1,0,1,894,0,0,0,0,0,1,0,nan,nan,nan,nan,nan,12.109629993705312,nan
19574,1,4,4,1,1,0,1,894,0,0,0,0,0,1,0,nan,nan,nan,nan,nan,nan,nan
19575,1,4,4,1,0,0,1,894,0,0,0,0,0,0,0,nan,nan,nan,nan,22.170212256667583,nan,nan
19576,1,4,4,1,0,0,1,894,0,0,0,0,0,0,0,nan,nan,nan,nan,nan,nan,nan
19577,1,5,4,1,0,0,0,895,0,0,0,0,0,0,0,24.845921001156967,nan,nan,nan,nan,nan,11.994351388882933
19578,1,5,4,1,0,0,0,895,0,0,0,0,0,0,0,nan,nan,nan,nan,nan,nan,nan
19579,1,5,4,1,0,0,0,895,0,0,0,0,0,0,0,nan,nan,nan,nan,nan,nan,nan
19580,1,5,4,1,0,0,0,895,0,0,0,0,0,0,0,nan,nan,nan,nan,nan,nan,nan
19581,1,5,3,2,0,0,0,895,0,0,0,0,0,0,0,nan,nan,20.676048115357844,nan,nan,nan,nan
19582,1,5,3,2,0,0,0,895,0,0,0,0,0,0,0,nan,nan,nan,nan,nan,nan,nan
19583,1,5,3,1,1,0,0,895,0,0,0,0,0,0,0,nan,nan,nan,13.47271092590745,nan,nan,nan
19584,1,5,3,1,1,0,0,895,0,0,0,0,0,0,0,nan,nan,nan,nan,nan,nan,nan
19585,1,5,3,1,0,1,0,895,0,0,0,0,0,0,0,nan,nan,nan,nan,10.072596861275088,nan,nan
19586,1,5,3,1,0,1,0,895,0,0,0,0,0,0,0,nan,nan,nan,nan,nan,nan,nan
19587,1,5,3,1,0,1,0,895,0,0,0,0,0,0,0,nan,nan,nan,nan,nan,nan,nan
19588,1,4,4,1,0,1,0,895,0,0,0,0,0,0,0,nan,15.813824824304902,nan,nan,nan,nan,nan
19589,1,4,4,1,0,1,0,896,0,0,0,0,0,0,1,nan,nan,nan,nan,nan,nan,11.103110822838062
19590,1,4,4,1,0,1,0,896,0,0,0,0,0,0,1,nan,nan,nan,nan,nan,nan,nan
19591,1,4,4,1,0,0,0,896,0,0,0,0,0,0,0,nan,nan,nan,nan,nan,17.819247567000275,nan
19592,1,4,4,1,0,0,0,896,0,0,0,0,0,0,0,nan,nan,nan,nan,nan,nan,nan
19593,1,4,4,1,0,0,0,896,0,0,0,0,0,0,0,nan,nan,nan,nan,nan,nan,nan
19594,1,4,4,1,0,0,0,896,0,0,0,0,0,0,0,nan,nan,nan,nan,nan,nan,nan
19595,1,4,4,1,0,0,0,896,0,0,0,0,0,0,0,nan,nan,nan,nan,nan,nan,nan
19596,1,4,4,1,0,0,0,896,0,0,0,0,0,0,0,nan,nan,nan,nan,nan,nan,nan
19597,1,4,4,1,0,0,0,896,0,0,0,0,0,0,0,nan,nan,nan,nan,nan,nan,nan
19598,1,4,3,2,0,0,0,896,0,0,0,0,0,0,0,nan,nan,17.081930819949775,nan,nan,nan,nan
19599,1,5,3,2,0,0,0,896,0,0,0,0,0,0,0,22.604814287420595,nan,nan,nan,nan,nan,nan
19600,1,5,3,2,0,1,0,896,0,0,0,0,1,0,0,nan,nan,nan,nan,14.958549153900094,nan,nan
19601,1,5,3,2,0,1,0,896,0,0,0,0,1,0,0,nan,nan,nan,nan,nan,nan,nan
19602,1,5,3,2,0,1,0,896,0,0,0,0,1,0,0,nan,nan,nan,nan,nan,nan,nan
19603,1,5,3,2,0,0,1,896,0,0,0,0,1,0,0,nan,nan,nan,nan,nan,11.522008297797584,nan
19604,1,5,3,1,0,0,1,896,0,0,0,0,0,0,0,nan,nan,nan,21.40569772523304,nan,nan,nan
19605,1,5,3,1,0,0,1,896,0,0,0,0,0,0,0,nan,nan,nan,nan,nan,nan,nan
19606,1,5,3,1,0,0,1,896,0,0,0,0,0,0,0,nan,nan,nan,nan,nan,nan,nan
19607,1,5,3,1,0,0,1,896,0,0,0,0,0,0,0,nan,nan,nan,nan,nan,nan,nan
19608,1,5,3,1,0,0,1,896,0,0,0,0,0,0,0,nan,nan,nan,nan,nan,nan,nan
19609,1,5,3,1,0,0,1,896,0,0,0,0,0,0,0,nan,nan,nan,nan,nan,nan,nan
19610,1,5,3,1,0,0,1,896,0,0,0,0,0,0,0,nan,nan,nan,nan,nan,nan,nan
19611,1,5,3,1,0,0,1,896,0,0,0,0,0,0,0,nan,nan,nan,nan,nan,nan,nan
19612,1,5,3,1,0,0,0,897,0,0,0,0,0,0,0,nan,nan,nan,nan,nan,nan,22.96552672726102
19613,1,5,3,1,0,0,0,897,0,0,0,0,0,0,0,nan,nan,nan,nan,nan,nan,nan
19614,1,5,3,0,1,0,0,897,0,0,0,0,0,0,0,nan,nan,nan,9.356966035324149,nan,nan,nan
19615,1,4,4,0,1,0,0,897,0,0,0,0,0,0,0,nan,27.107094300270546,nan,nan,nan,nan,nan
19616,1,4,4,0,1,0,0,897,0,0,0,0,0,0,0,nan,nan,nan,nan,nan,nan,nan
19617,1,4,4,0,1,0,0,897,0,0,0,0,0,0,0,nan,nan,nan,nan,nan,nan,nan
19618,1,4,3,1,0,1,0,897,0,0,0,0,0,0,0,nan,nan,19.734953524315642,nan,17.13822698268268,nan,nan
19619,1,4,3,1,0,1,0,897,0,0,0,0,0,0,0,nan,nan,nan,nan,nan,nan,nan
19620,1,4,3,1,0,1,0,897,0,0,0,0,0,0,0,nan,nan,nan,nan,nan,nan,nan
19621,1,4,3,1,0,1,0,897,0,0,0,0,0,0,0,nan,nan,nan,nan,nan,nan,nan
19622,1,4,3,1,0,1,0,897,0,0,0,0,0,0,0,nan,nan,nan,nan,nan,nan,nan
19623,1,4,3,1,0,1,0,897,0,0,0,0,0,0,0,nan,nan,nan,nan,nan,nan,nan
19624,1,4,3,1,0,1,0,897,0,0,0,0,0,0,0,nan,nan,nan,nan,nan,nan,nan
19625,1,5,3,1,0,1,0,897,0,0,0,0,0,0,0,25.4659094562885,nan,nan,nan,nan,nan,nan
19626,1,5,3,1,0,0,1,897,0,0,0,0,0,0,0,nan,nan,nan,nan,nan,23.538397457865358,nan
19627,1,5,3,1,0,0,1,897,0,0,0,0,0,0,0,nan,nan,nan,nan,nan,nan,nan
19628,1,5,3,1,0,0,0,898,0,0,0,0,0,0,0,nan,nan,nan,nan,nan,nan,16.898073215976183
19629,1,5,3,1,0,0,0,898,0,0,0,0,0,0,0,nan,nan,nan,nan,nan,nan,nan
19630,1,5,3,1,0,0,0,898,0,0,0,0,0,0,0,nan,nan,nan,nan,nan,nan,nan
19631,1,5,3,1,0,0,0,898,0,0,0,0,0,0,0,nan,nan,nan,nan,nan,nan,nan
19632,1,5,3,1,0,0,0,898,0,0,0,0,0,0,0,nan,nan,nan,nan,nan,nan,nan
19633,1,5,3,1,0,0,0,898,0,0,0,0,0,0,0,nan,nan,nan,nan,nan,nan,nan
19634,1,5,3,1,0,0,0,898,0,0,0,0,0,0,0,nan,nan,nan,nan,nan,nan,nan
19635,1,5,3,1,0,0,0,898,0,0,0,0,0,0,0,nan,nan,nan,nan,nan,nan,nan
19636,1,5,2,2,0,0,0,898,0,0,0,0,0,0,0,nan,nan,18.279679558836506,nan,nan,nan,nan
19637,1,5,2,2,0,0,1,898,0,0,0,0,0,1,0,nan,nan,nan,nan,nan,10.949048891357961,nan
19638,1,5,2,1,0,0,1,898,0,0,0,0,0,0,0,nan,nan,nan,24.397151661050884,20.172485147591942,nan,nan
19639,1,5,2,1,0,0,1,898,0,0,0,0,0,0,0,nan,nan,nan,nan,nan,nan,nan
19640,1,5,2,1,0,0,1,898,0,0,0,0,0,0,0,nan,nan,nan,nan,nan,nan,nan
19641,1,4,3,1,0,0,1,898,0,0,0,0,0,0,0,nan,25.483413853547972,nan,nan,nan,nan,nan
19642,1,4,3,1,0,0,1,898,0,0,0,0,0,0,0,nan,nan,nan,nan,nan,nan,nan
19643,1,4,3,1,0,0,1,898,0,0,0,0,0,0,0,nan,nan,nan,nan,nan,nan,nan
19644,1,4,3,1,0,0,1,898,0,0,0,0,0,0,0,nan,nan,nan,nan,nan,nan,nan
19645,1,4,3,1,0,0,1,898,0,0,0,0,0,0,0,nan,nan,nan,nan,nan,nan,nan
19646,1,4,3,1,0,0,1,898,0,0,0,0,0,0,0,nan,nan,nan,nan,nan,nan,nan
19647,1,4,3,1,0,0,0,899,0,0,0,0,0,0,0,nan,nan,nan,nan,nan,nan,18.23785419278647
19648,1,4,3,1,0,0,0,899,0,0,0,0,0,0,0,nan,nan,nan,nan,nan,nan,nan
19649,1,5,3,1,0,0,0,899,0,0,0,0,0,0,0,23.808277671101678,nan,nan,nan,nan,nan,nan
19650,1,5,3,1,0,0,0,899,0,0,0,0,0,0,0,nan,nan,nan,nan,nan,nan,nan
19651,1,5,3,1,0,0,0,899,0,0,0,0,0,0,0,nan,nan,nan,nan,nan,nan,nan
19652,1,5,3,0,1,0,1,899,0,0,0,0,0,1,0,nan,nan,nan,13.68966845556497,nan,14.512971434000065,nan
19653,1,5,3,0,1,0,1,899,0,0,0,0,0,1,0,nan,nan,nan,nan,nan,nan,nan
19654,1,5,3,0,1,0,1,899,0,0,0,0,0,1,0,nan,nan,nan,nan,nan,nan,nan
19655,1,5,3,0,1,0,1,899,0,0,0,0,0,1,0,nan,nan,nan,nan,nan,nan,nan
19656,1,5,3,0,1,0,1,899,0,0,0,0,0,1,0,nan,nan,nan,nan,nan,nan,nan
19657,1,5,3,0,0,0,1,899,0,0,0,0,0,0,0,nan,nan,nan,nan,19.411814486291405,nan,nan
19658,1,5,3,0,0,0,1,899,0,0,0,0,0,0,0,nan,nan,nan,nan,nan,nan,nan
19659,1,5,3,0,0,0,1,899,0,0,0,0,0,0,0,nan,nan,nan,nan,nan,nan,nan
19660,1,5,3,0,0,0,1,899,0,0,0,0,0,0,0,nan,nan,nan,nan,nan,nan,nan
19661,1,5,3,0,0,0,0,900,0,0,0,0,0,0,0,nan,nan,nan,nan,nan,nan,13.835367834741191
19662,1,5,3,0,0,0,0,900,0,0,0,0,0,0,0,nan,nan,nan,nan,nan,nan,nan
19663,1,5,2,0,1,0,0,900,0,0,0,0,0,0,0,nan,nan,26.8045073078938,11.236911646243243,nan,nan,nan
19664,1,5,2,0,1,0,0,900,0,0,0,0,0,0,0,nan,nan,nan,nan,nan,nan,nan
19665,1,5,2,0,1,0,0,900,0,0,0,0,0,0,0,nan,nan,nan,nan,nan,nan,nan
19666,1,5,2,0,1,0,0,900,0,0,0,0,0,0,0,nan,nan,nan,nan,nan,nan,nan
19667,1,5,2,0,1,0,0,900,0,0,0,0,0,0,0,nan,nan,nan,nan,nan,nan,nan
19668,1,5,2,0,1,0,0,900,0,0,0,0,0,0,0,nan,nan,nan,nan,nan,nan,nan
19669,1,5,2,0,1,0,0,900,0,0,0,0,0,0,0,nan,nan,nan,nan,nan,nan,nan
19670,1,5,2,0,1,0,0,900,0,0,0,0,0,0,0,nan,nan,nan,nan,nan,nan,nan
19671,1,4,3,0,0,1,0,900,0,0,0,0,0,0,0,nan,30.10020423756214,nan,nan,14.224902118694445,nan,nan
19672,1,5,3,0,0,1,0,900,0,0,0,0,0,0,0,23.66056029729225,nan,nan,nan,nan,nan,nan
19673,1,5,3,0,0,1,0,900,0,0,0,0,0,0,0,nan,nan,nan,nan,nan,nan,nan
19674,1,5,3,0,0,1,0,900,0,0,0,0,0,0,0,nan,nan,nan,nan,nan,nan,nan
19675,1,5,3,0,0,1,0,901,0,0,0,0,0,0,1,nan,nan,nan,nan,nan,nan,14.839134988131264
19676,1,5,3,0,0,1,0,901,0,0,0,0,0,0,1,nan,nan,nan,nan,nan,nan,nan
19677,1,5,3,0,0,1,0,901,0,0,0,0,0,0,1,nan,nan,nan,nan,nan,nan,nan
19678,1,5,3,0,0,1,0,901,0,0,0,0,0,0,1,nan,nan,nan,nan,nan,nan,nan
19679,1,5,3,0,0,1,0,901,0,0,0,0,0,0,1,nan,nan,nan,nan,nan,nan,nan
19680,1,5,3,0,1,1,0,901,0,0,0,1,0,0,1,nan,nan,nan,17.225284184285556,nan,nan,nan
19681,1,5,3,0,1,1,0,901,0,0,0,1,0,0,1,nan,nan,nan,nan,nan,nan,nan
19682,1,4,4,0,0,2,0,901,0,0,0,1,0,0,1,nan,11.545866170959926,nan,nan,10.760225245801848,nan,nan
19683,1,4,4,0,0,2,0,901,0,0,0,1,0,0,1,nan,nan,nan,nan,nan,nan,nan
19684,1,4,4,0,0,1,0,901,0,0,0,1,0,0,0,nan,nan,nan,nan,nan,32.651688263882534,nan
19685,1,4,4,0,0,1,0,901,0,0,0,1,0,0,0,nan,nan,nan,nan,nan,nan,nan
19686,1,4,4,0,0,1,0,901,0,0,0,1,0,0,0,nan,nan,nan,nan,nan,nan,nan
19687,1,4,4,0,0,1,0,901,0,0,0,1,0,0,0,nan,nan,nan,nan,nan,nan,nan
19688,1,4,4,0,0,1,0,901,0,0,0,1,0,0,0,nan,nan,nan,nan,nan,nan,nan
19689,1,4,4,0,0,1,0,901,0,0,0,1,0,0,0,nan,nan,nan,nan,nan,nan,nan
19690,1,4,4,0,0,1,0,901,0,0,0,1,0,0,0,nan,nan,nan,nan,nan,nan,nan
19691,1,4,4,0,0,1,0,901,0,0,0,1,0,0,0,nan,nan,nan,nan,nan,nan,nan
19692,1,4,4,0,0,1,0,901,0,0,0,1,0,0,0,nan,nan,nan,nan,nan,nan,nan
19693,1,4,4,0,0,1,0,901,0,0,0,1,0,0,0,nan,nan,nan,nan,nan,nan,nan
19694,1,3,5,0,0,1,0,901,0,0,0,1,0,0,0,nan,11.618352083231002,nan,nan,nan,nan,nan
19695,1,3,5,0,0,2,0,901,0,0,0,1,1,0,0,nan,nan,nan,nan,12.411811480295,nan,nan
19696,1,3,5,0,0,2,0,901,0,0,0,1,1,0,0,nan,nan,nan,nan,nan,nan,nan
19697,1,3,5,0,0,2,0,901,0,0,0,1,1,0,0,nan,nan,nan,nan,nan,nan,nan
19698,1,3,5,0,0,2,0,901,0,0,0,1,1,0,0,nan,nan,nan,nan,nan,nan,nan
19699,1,3,5,0,0,1,1,901,0,0,0,1,1,0,0,nan,nan,nan,nan,nan,15.080109626811463,nan
19700,1,3,5,0,0,1,1,901,0,0,0,1,1,0,0,nan,nan,nan,nan,nan,nan,nan
19701,1,4,5,0,0,1,1,901,0,0,0,1,1,0,0,29.09469651981999,nan,nan,nan,nan,nan,nan
19702,1,4,5,0,0,1,1,901,0,0,0,1,1,0,0,nan,nan,nan,nan,nan,nan,nan
19703,1,4,4,0,0,1,1,901,0,0,0,0,1,0,0,nan,nan,39.37976261691438,nan,nan,nan,nan
19704,1,4,4,0,0,1,1,901,0,0,0,0,1,0,0,nan,nan,nan,nan,nan,nan,nan
19705,1,4,4,0,0,1,1,901,0,0,0,0,1,0,0,nan,nan,nan,nan,nan,nan,nan
19706,1,4,4,0,0,1,0,902,0,0,0,0,1,0,0,nan,nan,nan,nan,nan,nan,30.13896883939742
19707,1,4,4,0,0,1,0,902,0,0,0,0,1,0,0,nan,nan,nan,nan,nan,nan,nan
19708,1,4,4,0,0,1,0,902,0,0,0,0,1,0,0,nan,nan,nan,nan,nan,nan,nan
19709,1,4,4,0,0,1,0,902,0,0,0,0,1,0,0,nan,nan,nan,nan,nan,nan,nan
19710,1,4,4,0,0,1,0,902,0,0,0,0,1,0,0,nan,nan,nan,nan,nan,nan,nan
19711,1,4,4,0,0,0,1,902,0,0,0,0,1,0,0,nan,nan,nan,nan,nan,11.303419320844114,nan
19712,1,4,4,0,0,0,1,902,0,0,0,0,1,0,0,nan,nan,nan,nan,nan,nan,nan
19713,1,4,4,0,0,0,1,902,0,0,0,0,1,0,0,nan,nan,nan,nan,nan,nan,nan
19714,1,4,4,0,0,0,1,902,0,0,0,0,1,0,0,nan,nan,nan,nan,nan,nan,nan
19715,1,4,4,0,0,0,1,902,0,0,0,0,1,0,0,nan,nan,nan,nan,nan,nan,nan
19716,1,5,4,0,0,0,1,902,0,0,0,0,1,0,0,14.682859897897288,nan,nan,nan,nan,nan,nan
19717,1,5,4,0,0,0,1,902,0,0,0,0,1,0,0,nan,nan,nan,nan,nan,nan,nan
19718,1,5,4,0,0,0,1,902,0,0,0,0,1,0,0,nan,nan,nan,nan,nan,nan,nan
19719,1,4,5,0,0,0,1,902,0,0,0,0,1,0,0,nan,24.629703885424533,nan,nan,nan,nan,nan
19720,1,4,5,0,0,0,1,902,0,0,0,0,1,0,0,nan,nan,nan,nan,nan,nan,nan
19721,1,4,5,0,0,0,1,902,0,0,0,0,1,0,0,nan,nan,nan,nan,nan,nan,nan
19722,1,4,5,0,0,0,1,902,0,0,0,0,1,0,0,nan,nan,nan,nan,nan,nan,nan
19723,1,4,5,0,0,0,1,902,0,0,0,0,1,0,0,nan,nan,nan,nan,nan,nan,nan
19724,1,4,5,0,0,0,1,902,0,0,0,1,0,0,0,nan,nan,nan,43.67702498416838,nan,nan,nan
19725,1,4,5,0,0,0,1,902,0,0,0,1,0,0,0,nan,nan,nan,nan,nan,nan,nan
19726,1,4,5,0,0,0,1,902,0,0,0,1,0,0,0,nan,nan,nan,nan,nan,nan,nan
19727,1,4,5,0,0,0,1,902,0,0,0,1,0,0,0,nan,nan,nan,nan,nan,nan,nan
19728,1,4,5,0,0,0,0,903,0,0,0,1,0,0,0,nan,nan,nan,nan,nan,nan,22.166957186720538
19729,1,5,5,0,0,0,0,903,0,0,0,1,0,0,0,13.20564985772944,nan,nan,nan,nan,nan,nan
19730,1,5,5,0,0,0,0,903,0,0,0,1,0,0,0,nan,nan,nan,nan,nan,nan,nan
19731,1,5,5,0,0,0,0,903,0,0,0,1,0,0,0,nan,nan,nan,nan,nan,nan,nan
19732,1,5,5,0,0,0,0,903,0,0,0,1,0,0,0,nan,nan,nan,nan,nan,nan,nan
19733,1,5,5,0,0,0,0,903,0,0,0,1,0,0,0,nan,nan,nan,nan,nan,nan,nan
19734,1,5,4,0,0,0,0,903,0,0,0,0,0,0,0,nan,nan,31.78020507729525,nan,nan,nan,nan
19735,1,5,4,0,0,0,0,903,0,0,0,0,0,0,0,nan,nan,nan,nan,nan,nan,nan
19736,1,5,4,0,0,0,1,903,0,0,0,0,0,1,0,nan,nan,nan,nan,nan,25.397720282573573,nan
19737,1,5,4,0,0,0,1,903,0,0,0,0,0,1,0,nan,nan,nan,nan,nan,nan,nan
19738,1,5,4,0,0,0,1,903,0,0,0,0,0,1,0,nan,nan,nan,nan,nan,nan,nan
19739,1,5,4,0,0,0,1,903,0,0,0,0,1,0,0,nan,nan,nan,nan,44.84946985843999,nan,nan
19740,1,5,4,0,0,0,1,903,0,0,0,0,1,0,0,nan,nan,nan,nan,nan,nan,nan
19741,1,5,4,0,0,0,1,903,0,0,0,0,1,0,0,nan,nan,nan,nan,nan,nan,nan
19742,1,5,4,0,0,0,0,904,0,0,0,0,1,0,0,nan,nan,nan,nan,nan,nan,14.035548241048673
19743,1,4,5,0,0,0,0,904,0,0,0,0,1,0,0,nan,24.028216085254826,nan,nan,nan,nan,nan
19744,1,4,5,0,0,0,0,904,0,0,0,0,1,0,0,nan,nan,nan,nan,nan,nan,nan
19745,1,4,5,0,0,0,0,904,0,0,0,0,1,0,0,nan,nan,nan,nan,nan,nan,nan
19746,1,4,5,0,0,0,0,904,0,0,0,0,1,0,0,nan,nan,nan,nan,nan,nan,nan
19747,1,4,5,0,0,0,0,904,0,0,0,0,1,0,0,nan,nan,nan,nan,nan,nan,nan
19748,1,4,4,1,0,0,0,904,0,0,0,0,1,0,0,nan,nan,13.245966674759984,nan,nan,nan,nan
19749,1,5,4,0,0,0,0,904,0,0,0,0,0,0,0,19.309778224538604,nan,nan,24.599274778614927,nan,nan,nan
19750,1,5,4,0,0,0,0,904,0,0,0,0,0,0,0,nan,nan,nan,nan,nan,nan,nan
19751,1,5,4,0,0,0,0,904,0,0,0,0,0,0,0,nan,nan,nan,nan,nan,nan,nan
19752,1,5,4,0,0,0,0,904,0,0,0,0,0,0,0,nan,nan,nan,nan,nan,nan,nan
19753,1,5,4,0,0,0,0,905,0,0,0,0,0,1,0,nan,nan,nan,nan,nan,16.614318847055983,10.997023583844566
19754,1,5,4,0,0,0,0,905,0,0,0,0,0,1,0,nan,nan,nan,nan,nan,nan,nan
19755,1,5,4,0,0,0,0,905,0,0,0,0,0,1,0,nan,nan,nan,nan,nan,nan,nan
19756,1,4,5,0,0,0,0,905,0,0,0,0,0,1,0,nan,13.262413607673807,nan,nan,nan,nan,nan
19757,1,4,5,0,0,0,0,905,0,0,0,0,0,1,0,nan,nan,nan,nan,nan,nan,nan
19758,1,4,5,0,0,0,0,905,0,0,0,0,0,1,0,nan,nan,nan,nan,nan,nan,nan
19759,1,4,5,0,0,0,0,905,0,0,0,0,0,1,0,nan,nan,nan,nan,nan,nan,nan
19760,1,4,5,0,0,0,0,905,0,0,0,0,0,1,0,nan,nan,nan,nan,nan,nan,nan
19761,1,4,5,0,0,0,0,905,0,0,0,0,0,1,0,nan,nan,nan,nan,nan,nan,nan
19762,1,4,5,0,0,0,0,905,0,0,0,0,0,1,0,nan,nan,nan,nan,nan,nan,nan
19763,1,4,5,0,0,0,0,905,0,0,0,0,0,1,0,nan,nan,nan,nan,nan,nan,nan
19764,1,4,5,0,1,0,0,905,0,0,0,1,0,1,0,nan,nan,nan,14.918371859825129,nan,nan,nan
19765,1,4,5,0,1,0,0,905,0,0,0,1,0,1,0,nan,nan,nan,nan,nan,nan,nan
19766,1,5,5,0,1,0,0,905,0,0,0,1,0,1,0,16.93500833505459,nan,nan,nan,nan,nan,nan
19767,1,5,5,0,1,0,0,905,0,0,0,1,0,1,0,nan,nan,nan,nan,nan,nan,nan
19768,1,5,5,0,1,0,0,906,0,0,0,1,0,1,1,nan,nan,nan,nan,nan,nan,15.310073399352405
19769,1,5,5,0,0,0,0,906,0,0,0,1,0,0,1,nan,nan,nan,nan,29.813503739362204,nan,nan
19770,1,5,5,0,0,0,0,906,0,0,0,1,0,0,1,nan,nan,nan,nan,nan,nan,nan
19771,1,5,5,0,0,0,0,906,0,0,0,1,0,0,1,nan,nan,nan,nan,nan,nan,nan
19772,1,5,5,0,0,0,0,906,0,0,0,1,0,0,1,nan,nan,nan,nan,nan,nan,nan
19773,1,5,5,0,0,0,0,906,0,2,0,1,0,0,1,nan,17.312438780139928,nan,nan,nan,nan,nan
19774,1,5,5,0,0,0,0,906,0,2,0,1,0,0,1,nan,nan,nan,nan,nan,nan,nan
19775,1,5,5,0,0,0,0,906,0,2,0,1,0,0,1,nan,nan,nan,nan,nan,nan,nan
19776,1,5,5,0,0,0,0,906,0,2,0,1,0,0,1,nan,nan,nan,nan,nan,nan,nan
19777,1,5,5,0,0,0,0,906,0,2,0,1,0,0,1,nan,nan,nan,nan,nan,nan,nan
19778,1,4,5,0,0,0,0,906,0,0,0,0,0,0,1,nan,nan,30.502895263773098,nan,nan,nan,nan
19779,1,4,5,0,0,0,0,906,0,0,0,0,0,0,1,nan,nan,nan,nan,nan,nan,nan
19780,1,4,5,0,0,0,0,906,0,0,0,0,0,0,1,nan,nan,nan,nan,nan,nan,nan
19781,1,4,5,0,0,0,0,906,0,0,0,0,0,0,1,nan,nan,nan,nan,nan,nan,nan
19782,1,4,5,0,0,0,0,906,0,0,0,0,0,0,1,nan,nan,nan,nan,nan,nan,nan
19783,1,4,5,0,0,1,0,906,0,0,0,0,1,0,1,nan,nan,nan,nan,13.901231403753627,nan,nan
19784,1,4,5,0,0,1,0,906,0,0,0,0,1,0,1,nan,nan,nan,nan,nan,nan,nan
19785,1,4,5,0,0,1,0,906,0,0,0,0,1,0,1,nan,nan,nan,nan,nan,nan,nan
19786,1,4,5,0,0,1,0,906,0,0,0,0,1,0,1,nan,nan,nan,nan,nan,nan,nan
19787,1,4,5,0,0,1,0,906,0,0,0,0,1,0,1,nan,nan,nan,nan,nan,nan,nan
19788,1,4,5,0,0,1,0,906,0,0,0,0,1,0,1,nan,nan,nan,nan,nan,nan,nan
19789,1,4,5,0,0,1,0,906,0,0,0,0,1,0,1,nan,nan,nan,nan,nan,nan,nan
19790,1,4,5,0,0,1,0,906,0,0,0,0,1,0,1,nan,nan,nan,nan,nan,nan,nan
19791,1,4,5,0,0,0,0,906,0,0,0,0,1,0,0,nan,nan,nan,nan,nan,38.0021248234043,nan
19792,1,4,5,0,0,0,0,906,0,0,0,1,0,0,0,nan,nan,nan,28.03317488870016,nan,nan,nan
19793,1,4,5,0,0,0,0,906,0,0,0,1,0,0,0,nan,nan,nan,nan,nan,nan,nan
19794,1,4,5,0,0,0,0,906,0,0,0,1,0,0,0,nan,nan,nan,nan,nan,nan,nan
19795,1,4,5,0,0,0,0,906,0,0,0,1,0,0,0,nan,nan,nan,nan,nan,nan,nan
19796,1,4,5,0,0,0,0,906,0,0,0,1,0,0,0,nan,nan,nan,nan,nan,nan,nan
19797,1,4,4,0,0,0,0,906,0,0,0,0,0,0,0,nan,nan,18.83606782143397,nan,nan,nan,nan
19798,1,4,4,0,0,0,0,906,0,0,0,0,0,0,0,nan,nan,nan,nan,nan,nan,nan
19799,1,4,4,0,0,0,0,906,0,0,0,0,0,0,0,nan,nan,nan,nan,nan,nan,nan
19800,1,5,4,0,0,0,0,906,0,0,0,0,0,0,0,34.621733724528895,nan,nan,nan,nan,nan,nan
19801,1,5,4,0,0,0,0,906,0,0,0,0,0,0,0,nan,nan,nan,nan,nan,nan,nan
19802,1,4,5,0,0,0,1,906,0,0,0,0,0,1,0,nan,28.99704959147857,nan,nan,nan,11.327725610179186,nan
19803,1,4,5,0,0,0,1,906,0,0,0,0,0,1,0,nan,nan,nan,nan,nan,nan,nan
19804,1,4,5,0,0,0,1,906,0,0,0,0,0,1,0,nan,nan,nan,nan,nan,nan,nan
19805,1,4,5,0,0,0,1,906,0,0,0,0,0,1,0,nan,nan,nan,nan,nan,nan,nan
19806,1,4,5,0,0,0,1,906,0,0,0,0,0,1,0,nan,nan,nan,nan,nan,nan,nan
19807,1,4,5,0,0,0,1,906,0,0,0,0,0,1,0,nan,nan,nan,nan,nan,nan,nan
19808,1,4,5,0,0,0,1,906,0,0,0,0,0,1,0,nan,nan,nan,nan,nan,nan,nan
19809,1,4,5,0,0,0,1,906,0,0,0,0,0,1,0,nan,nan,nan,nan,nan,nan,nan
19810,1,4,5,0,0,0,1,906,0,0,0,0,0,1,0,nan,nan,nan,nan,nan,nan,nan
19811,1,4,5,0,0,0,1,906,0,0,0,0,0,1,0,nan,nan,nan,nan,nan,nan,nan
19812,1,4,5,0,0,0,1,906,0,0,0,0,1,0,0,nan,nan,nan,nan,29.30951691100563,nan,nan
19813,1,4,5,0,0,0,1,906,0,0,0,1,0,0,0,nan,nan,nan,21.368753796185047,nan,nan,nan
19814,1,4,5,0,0,0,1,906,0,2,0,1,0,0,0,nan,11.792068290233146,nan,nan,nan,nan,nan
19815,1,4,5,0,0,0,0,907,0,2,0,1,0,0,0,nan,nan,nan,nan,nan,nan,47.047470417859586
19816,1,4,5,0,0,0,0,907,0,2,0,1,0,0,0,nan,nan,nan,nan,nan,nan,nan
19817,1,4,5,0,0,0,0,907,0,2,0,1,0,0,0,nan,nan,nan,nan,nan,nan,nan
19818,1,3,5,0,0,0,0,907,0,0,0,0,0,0,0,nan,nan,21.014030967460712,nan,nan,nan,nan
19819,1,3,5,0,0,0,0,907,0,0,0,0,0,0,0,nan,nan,nan,nan,nan,nan,nan
19820,1,3,5,0,0,0,0,907,0,0,0,0,0,0,0,nan,nan,nan,nan,nan,nan,nan
19821,1,3,5,0,0,0,0,907,0,0,0,0,0,0,0,nan,nan,nan,nan,nan,nan,nan
19822,1,3,5,0,0,0,0,907,0,0,0,0,0,0,0,nan,nan,nan,nan,nan,nan,nan
19823,1,3,5,0,0,0,1,907,0,0,0,0,0,1,0,nan,nan,nan,nan,nan,20.68678511249891,nan
19824,1,3,5,0,0,0,1,907,0,0,0,0,0,1,0,nan,nan,nan,nan,nan,nan,nan
19825,1,3,5,0,0,0,1,907,0,0,0,0,1,0,0,nan,nan,nan,nan,12.250142760680319,nan,nan
19826,1,3,5,0,0,0,1,907,0,0,0,0,1,0,0,nan,nan,nan,nan,nan,nan,nan
19827,1,3,5,0,0,0,1,907,0,0,0,0,1,0,0,nan,nan,nan,nan,nan,nan,nan
19828,1,3,5,0,0,0,0,908,0,0,0,0,1,0,0,nan,nan,nan,nan,nan,nan,12.570380085442594
19829,1,3,5,0,0,0,0,908,0,0,0,0,1,0,0,nan,nan,nan,nan,nan,nan,nan
19830,1,3,5,0,0,0,0,908,0,0,0,0,1,0,0,nan,nan,nan,nan,nan,nan,nan
19831,1,3,5,0,0,0,0,908,0,0,0,0,1,0,0,nan,nan,nan,nan,nan,nan,nan
19832,1,3,5,0,0,0,0,908,0,0,0,0,1,0,0,nan,nan,nan,nan,nan,nan,nan
19833,1,3,5,0,0,0,0,908,0,0,0,0,1,0,0,nan,nan,nan,nan,nan,nan,nan
19834,1,3,5,0,0,0,0,908,0,0,0,0,1,0,0,nan,nan,nan,nan,nan,nan,nan
19835,1,3,5,0,0,0,0,908,0,0,0,0,1,0,0,nan,nan,nan,nan,nan,nan,nan
19836,1,3,5,0,0,0,0,908,0,0,0,0,1,0,0,nan,nan,nan,nan,nan,nan,nan
19837,1,3,5,0,0,0,0,908,0,0,0,0,1,0,0,nan,nan,nan,nan,nan,nan,nan
19838,1,3,5,0,0,0,0,908,0,2,0,0,1,0,0,nan,23.647201817791938,nan,nan,nan,nan,nan
19839,1,3,5,0,0,0,0,908,0,2,0,0,1,0,0,nan,nan,nan,nan,nan,nan,nan
19840,1,3,5,0,0,0,0,908,0,2,0,0,1,0,0,nan,nan,nan,nan,nan,nan,nan
19841,1,3,5,0,0,0,0,908,0,2,0,0,1,0,0,nan,nan,nan,nan,nan,nan,nan
19842,1,3,5,0,0,0,1,908,0,2,0,0,1,1,0,nan,nan,nan,nan,nan,19.708475839299354,nan
19843,1,3,5,0,0,0,1,908,0,2,0,0,1,1,0,nan,nan,nan,nan,nan,nan,nan
19844,1,4,5,0,0,0,1,908,0,2,0,0,1,1,0,43.45761432042127,nan,nan,nan,nan,nan,nan
19845,1,4,5,0,0,0,0,909,0,2,0,0,1,1,0,nan,nan,nan,nan,nan,nan,17.80275841916955
19846,1,3,5,0,0,0,0,909,0,0,0,0,0,1,0,nan,nan,28.49345265547163,33.3462680321536,nan,nan,nan
19847,1,3,5,0,0,0,0,909,0,0,0,0,0,1,0,nan,nan,nan,nan,nan,nan,nan
19848,1,3,5,0,0,0,0,909,0,0,0,0,0,1,0,nan,nan,nan,nan,nan,nan,nan
19849,1,3,5,0,0,0,0,909,0,0,0,0,0,1,0,nan,nan,nan,nan,nan,nan,nan
19850,1,3,5,0,0,0,0,909,0,0,0,0,0,1,0,nan,nan,nan,nan,nan,nan,nan
19851,1,3,5,0,0,0,0,909,0,0,0,0,0,1,0,nan,nan,nan,nan,nan,nan,nan
19852,1,3,5,0,0,0,0,909,0,0,0,0,0,1,0,nan,nan,nan,nan,nan,nan,nan
19853,1,3,5,0,0,0,0,909,0,0,0,0,0,1,0,nan,nan,nan,nan,nan,nan,nan
19854,1,3,5,0,0,0,0,909,0,0,0,0,0,1,0,nan,nan,nan,nan,nan,nan,nan
19855,1,4,5,0,0,0,0,909,0,0,0,0,0,1,0,10.899311953289725,nan,nan,nan,nan,nan,nan
19856,1,4,5,0,0,0,0,909,0,0,0,0,0,1,0,nan,nan,nan,nan,nan,nan,nan
19857,1,4,5,0,0,0,0,909,0,0,0,0,0,1,0,nan,nan,nan,nan,nan,nan,nan
19858,1,4,5,0,0,0,0,909,0,0,0,0,0,1,0,nan,nan,nan,nan,nan,nan,nan
19859,1,4,5,0,0,0,0,909,0,0,0,0,0,1,0,nan,nan,nan,nan,nan,nan,nan
19860,1,4,5,0,0,0,0,909,0,0,0,0,0,1,0,nan,nan,nan,nan,nan,nan,nan
19861,1,4,5,0,1,0,0,909,0,0,0,1,0,1,0,nan,nan,nan,14.354582100506377,nan,nan,nan
19862,1,4,5,0,1,0,0,909,0,0,0,1,0,1,0,nan,nan,nan,nan,nan,nan,nan
19863,1,4,5,0,1,0,0,909,0,0,0,1,0,1,0,nan,nan,nan,nan,nan,nan,nan
19864,1,4,5,0,1,0,0,909,0,0,0,1,0,1,0,nan,nan,nan,nan,nan,nan,nan
19865,1,4,5,0,1,0,0,909,0,0,0,1,0,1,0,nan,nan,nan,nan,nan,nan,nan
19866,1,4,5,0,1,0,0,909,0,0,0,1,0,1,0,nan,nan,nan,nan,nan,nan,nan
19867,1,4,5,0,1,0,0,909,0,0,0,1,0,1,0,nan,nan,nan,nan,nan,nan,nan
19868,1,4,4,0,1,0,0,909,0,0,0,0,0,1,0,nan,nan,21.94285860421951,nan,nan,nan,nan
19869,1,4,4,0,0,0,0,909,0,0,0,0,0,0,0,nan,nan,nan,nan,44.13987663981243,nan,nan
19870,1,4,4,0,0,0,0,909,0,0,0,0,0,0,0,nan,nan,nan,nan,nan,nan,nan
19871,1,4,4,0,0,0,0,909,0,0,0,0,0,0,0,nan,nan,nan,nan,nan,nan,nan
19872,1,4,4,0,0,0,0,910,0,0,0,0,0,0,1,nan,nan,nan,nan,nan,nan,26.922885596271954
19873,1,4,4,0,0,0,0,910,0,0,0,0,0,0,1,nan,nan,nan,nan,nan,nan,nan
19874,1,4,4,0,0,0,0,910,0,0,0,0,0,0,1,nan,nan,nan,nan,nan,nan,nan
19875,1,4,4,0,0,0,0,910,0,0,0,0,0,0,1,nan,nan,nan,nan,nan,nan,nan
19876,1,4,4,0,0,0,0,910,0,0,0,0,0,0,1,nan,nan,nan,nan,nan,nan,nan
19877,1,4,4,0,0,0,0,910,0,0,0,0,0,0,1,nan,nan,nan,nan,nan,nan,nan
19878,1,5,4,0,0,0,0,910,0,0,0,0,0,0,1,23.918392702689744,nan,nan,nan,nan,nan,nan
19879,1,5,4,0,0,0,0,910,0,0,0,0,0,0,1,nan,nan,nan,nan,nan,nan,nan
19880,1,4,5,0,0,1,0,910,0,0,0,0,1,0,1,nan,42.43877395371601,nan,nan,11.02683934176821,nan,nan
19881,1,4,5,0,0,1,0,910,0,0,0,0,1,0,1,nan,nan,nan,nan,nan,nan,nan
19882,1,4,5,0,0,1,0,910,0,0,0,0,1,0,1,nan,nan,nan,nan,nan,nan,nan
19883,1,4,5,0,0,1,0,910,0,0,0,0,1,0,1,nan,nan,nan,nan,nan,nan,nan
19884,1,4,4,1,0,1,0,910,0,0,0,0,1,0,1,nan,nan,15.644254463564721,nan,nan,nan,nan
19885,1,4,4,1,0,1,0,910,0,0,0,0,1,0,1,nan,nan,nan,nan,nan,nan,nan
19886,1,4,4,1,0,1,0,910,0,0,0,0,1,0,1,nan,nan,nan,nan,nan,nan,nan
19887,1,4,4,1,0,1,0,910,0,0,0,0,1,0,1,nan,nan,nan,nan,nan,nan,nan
19888,1,4,4,1,0,1,0,910,0,0,0,0,1,0,1,nan,nan,nan,nan,nan,nan,nan
19889,1,4,4,1,0,1,0,910,0,0,0,0,1,0,1,nan,nan,nan,nan,nan,nan,nan
19890,1,4,4,0,0,1,0,910,0,0,0,0,0,0,1,nan,nan,nan,29.327212943808263,nan,nan,nan
19891,1,4,4,0,0,1,0,910,0,0,0,0,0,0,1,nan,nan,nan,nan,nan,nan,nan
19892,1,4,4,0,0,1,0,910,0,0,0,0,0,0,1,nan,nan,nan,nan,nan,nan,nan
19893,1,4,4,0,0,1,0,910,0,0,0,0,0,0,1,nan,nan,nan,nan,nan,nan,nan
19894,1,4,4,0,0,1,0,910,0,0,0,0,0,0,1,nan,nan,nan,nan,nan,nan,nan
19895,1,4,4,0,0,1,0,910,0,0,0,0,0,0,1,nan,nan,nan,nan,nan,nan,nan
19896,1,4,4,0,0,1,0,910,0,0,0,0,0,0,1,nan,nan,nan,nan,nan,nan,nan
19897,1,4,4,0,0,1,0,910,0,0,0,0,0,0,1,nan,nan,nan,nan,nan,nan,nan
19898,1,4,4,0,0,0,0,910,0,0,0,0,0,0,0,nan,nan,nan,nan,nan,55.141572467862716,nan
19899,1,4,4,0,0,0,0,910,0,0,0,0,0,0,0,nan,nan,nan,nan,nan,nan,nan
19900,1,4,4,0,0,0,0,910,0,0,0,0,0,0,0,nan,nan,nan,nan,nan,nan,nan
19901,1,5,4,0,0,0,0,910,0,0,0,0,0,0,0,22.07852340541649,nan,nan,nan,nan,nan,nan
19902,1,4,5,0,0,0,0,910,0,0,0,0,0,0,0,nan,21.537990160959453,nan,nan,nan,nan,nan
19903,1,4,5,0,0,1,0,910,0,0,0,0,1,0,0,nan,nan,nan,nan,23.562612287973025,nan,nan
19904,1,4,5,0,0,1,0,910,0,0,0,0,1,0,0,nan,nan,nan,nan,nan,nan,nan
19905,1,4,5,0,0,1,0,910,0,0,0,0,1,0,0,nan,nan,nan,nan,nan,nan,nan
19906,1,4,5,0,0,1,0,910,0,0,0,1,0,0,0,nan,nan,nan,15.571190755537827,nan,nan,nan
19907,1,4,5,0,0,1,0,910,0,0,0,1,0,0,0,nan,nan,nan,nan,nan,nan,nan
19908,1,4,5,0,0,1,0,910,0,0,0,1,0,0,0,nan,nan,nan,nan,nan,nan,nan
19909,1,4,5,0,0,1,0,910,0,0,0,1,0,0,0,nan,nan,nan,nan,nan,nan,nan
19910,1,4,5,0,0,1,0,910,0,0,0,1,0,0,0,nan,nan,nan,nan,nan,nan,nan
19911,1,4,5,0,0,1,0,910,0,0,0,1,0,0,0,nan,nan,nan,nan,nan,nan,nan
19912,1,4,5,0,0,1,0,910,0,2,0,1,0,0,0,nan,10.332373189856298,nan,nan,nan,nan,nan
19913,1,5,5,0,0,0,1,910,0,2,0,1,0,0,0,12.441713363099552,nan,nan,nan,nan,15.761976532063272,nan
19914,1,5,5,0,0,0,1,910,0,2,0,1,0,0,0,nan,nan,nan,nan,nan,nan,nan
19915,1,5,5,0,0,0,1,910,0,2,0,1,0,0,0,nan,nan,nan,nan,nan,nan,nan
19916,1,5,5,0,0,0,1,910,0,2,0,1,0,0,0,nan,nan,nan,nan,nan,nan,nan
19917,1,4,5,0,0,0,1,910,0,0,0,0,0,0,0,nan,nan,33.26125011811018,nan,nan,nan,nan
19918,1,4,5,0,0,1,1,910,0,0,0,0,1,0,0,nan,nan,nan,nan,14.500402026977099,nan,nan
19919,1,4,5,0,0,1,1,910,0,0,0,0,1,0,0,nan,nan,nan,nan,nan,nan,nan
19920,1,4,5,0,0,1,1,910,0,0,0,0,1,0,0,nan,nan,nan,nan,nan,nan,nan
19921,1,4,5,0,0,1,0,911,0,0,0,0,1,0,0,nan,nan,nan,nan,nan,nan,48.14946130688986
19922,1,4,5,0,0,1,0,911,0,0,0,0,1,0,0,nan,nan,nan,nan,nan,nan,nan
19923,1,4,5,0,0,1,0,911,0,0,0,0,1,0,0,nan,nan,nan,nan,nan,nan,nan
19924,1,4,5,0,0,1,0,911,0,0,0,0,1,0,0,nan,nan,nan,nan,nan,nan,nan
19925,1,4,5,0,0,1,0,911,0,0,0,0,1,0,0,nan,nan,nan,nan,nan,nan,nan
19926,1,4,5,0,0,1,0,911,0,0,0,0,1,0,0,nan,nan,nan,nan,nan,nan,nan
19927,1,4,5,0,0,1,0,911,0,0,0,0,1,0,0,nan,nan,nan,nan,nan,nan,nan
19928,1,4,5,0,0,1,0,911,0,0,0,0,1,0,0,nan,nan,nan,nan,nan,nan,nan
19929,1,4,5,0,0,1,0,911,0,0,0,1,0,0,0,nan,nan,nan,22.95413605361682,nan,nan,nan
19930,1,4,5,0,0,1,0,911,0,0,0,1,0,0,0,nan,nan,nan,nan,nan,nan,nan
19931,1,4,5,0,0,0,1,911,0,0,0,1,0,0,0,nan,nan,nan,nan,nan,17.697236274558236,nan
19932,1,4,5,0,0,0,1,911,0,0,0,1,0,0,0,nan,nan,nan,nan,nan,nan,nan
19933,1,4,5,0,0,0,1,911,0,0,0,1,0,0,0,nan,nan,nan,nan,nan,nan,nan
19934,1,4,5,0,0,0,1,911,0,0,0,1,0,0,0,nan,nan,nan,nan,nan,nan,nan
19935,1,4,5,0,0,0,1,911,0,0,0,1,0,0,0,nan,nan,nan,nan,nan,nan,nan
19936,1,4,5,0,0,0,1,911,0,0,0,1,0,0,0,nan,nan,nan,nan,nan,nan,nan
19937,1,5,5,0,0,0,1,911,0,0,0,1,0,0,0,23.557864485333994,nan,nan,nan,nan,nan,nan
19938,1,5,5,0,0,0,1,911,0,0,0,1,0,0,0,nan,nan,nan,nan,nan,nan,nan
19939,1,5,5,0,0,0,1,911,0,0,0,1,0,0,0,nan,nan,nan,nan,nan,nan,nan
19940,1,5,5,0,0,0,1,911,0,0,0,1,0,0,0,nan,nan,nan,nan,nan,nan,nan
19941,1,5,4,0,0,0,0,912,0,0,0,0,0,0,0,nan,nan,23.442445047061483,nan,nan,nan,19.995239957759622
19942,1,5,4,0,0,1,0,912,0,0,0,0,1,0,0,nan,nan,nan,nan,23.947389986540657,nan,nan
19943,1,5,4,0,0,1,0,912,0,0,0,0,1,0,0,nan,nan,nan,nan,nan,nan,nan
19944,1,5,4,0,0,0,1,912,0,0,0,0,1,0,0,nan,nan,nan,nan,nan,12.72848321175843,nan
19945,1,5,4,0,0,0,1,912,0,0,0,0,1,0,0,nan,nan,nan,nan,nan,nan,nan
19946,1,5,4,0,0,0,1,912,2,0,0,0,1,0,0,9.946480323676951,nan,nan,nan,nan,nan,nan
19947,1,5,4,0,0,0,1,912,2,0,0,0,1,0,0,nan,nan,nan,nan,nan,nan,nan
19948,1,5,4,0,0,0,1,912,2,0,0,0,1,0,0,nan,nan,nan,nan,nan,nan,nan
19949,1,5,4,0,0,0,1,912,2,0,0,0,1,0,0,nan,nan,nan,nan,nan,nan,nan
19950,1,5,4,0,0,0,1,912,2,0,0,0,1,0,0,nan,nan,nan,nan,nan,nan,nan
19951,1,5,4,0,0,0,1,912,2,0,0,0,1,0,0,nan,nan,nan,nan,nan,nan,nan
19952,1,5,4,0,0,0,1,912,2,0,0,0,1,0,0,nan,nan,nan,nan,nan,nan,nan
19953,1,5,4,0,0,0,1,912,2,0,0,0,1,0,0,nan,nan,nan,nan,nan,nan,nan
19954,1,5,4,0,0,0,1,912,2,0,0,0,1,0,0,nan,nan,nan,nan,nan,nan,nan
19955,1,5,5,0,0,0,1,912,0,0,0,0,1,0,0,nan,43.192427451285766,nan,nan,nan,nan,nan
19956,1,5,5,0,0,0,1,912,0,0,0,0,1,0,0,nan,nan,nan,nan,nan,nan,nan
19957,1,5,5,0,0,0,1,912,0,0,0,1,0,0,0,nan,nan,nan,28.435842187896924,nan,nan,nan
19958,1,5,5,0,0,0,1,912,0,0,0,1,0,0,0,nan,nan,nan,nan,nan,nan,nan
19959,1,5,5,0,0,0,0,913,0,0,0,1,0,0,0,nan,nan,nan,nan,nan,nan,18.745301925882814
19960,1,5,5,0,0,0,0,913,0,0,0,1,0,0,0,nan,nan,nan,nan,nan,nan,nan
19961,1,5,5,0,0,0,0,913,0,0,0,1,0,0,0,nan,nan,nan,nan,nan,nan,nan
19962,1,5,5,0,0,0,0,913,0,0,0,1,0,0,0,nan,nan,nan,nan,nan,nan,nan
19963,1,5,5,0,0,0,0,913,0,0,0,1,0,0,0,nan,nan,nan,nan,nan,nan,nan
19964,1,5,5,0,0,0,0,913,0,0,0,1,0,0,0,nan,nan,nan,nan,nan,nan,nan
19965,1,5,5,0,0,0,0,913,0,0,0,1,0,0,0,nan,nan,nan,nan,nan,nan,nan
19966,1,5,5,0,0,0,0,913,0,0,0,1,0,0,0,nan,nan,nan,nan,nan,nan,nan
19967,1,5,5,0,0,0,0,913,0,0,0,1,0,0,0,nan,nan,nan,nan,nan,nan,nan
19968,1,5,5,0,0,0,0,913,0,0,0,1,0,0,0,nan,nan,nan,nan,nan,nan,nan
19969,1,5,5,0,0,0,0,913,0,0,0,1,0,0,0,nan,nan,nan,nan,nan,nan,nan
19970,1,5,5,0,0,0,0,913,0,0,0,1,0,0,0,nan,nan,nan,nan,nan,nan,nan
19971,1,5,5,0,0,0,0,914,0,0,0,1,0,0,1,nan,nan,nan,nan,nan,nan,12.172400357987499
19972,1,5,4,0,0,0,0,914,0,0,0,0,0,0,1,nan,nan,31.682907249531127,nan,nan,nan,nan
19973,1,5,4,0,0,0,0,914,0,0,0,0,0,0,1,nan,nan,nan,nan,nan,nan,nan
19974,1,5,4,0,0,0,0,914,0,0,0,0,0,0,1,nan,nan,nan,nan,nan,nan,nan
19975,1,4,5,0,0,0,0,914,0,0,0,0,0,0,1,nan,20.20940516759947,nan,nan,nan,nan,nan
19976,1,4,5,0,0,0,0,914,0,0,0,0,0,0,1,nan,nan,nan,nan,nan,nan,nan
19977,1,4,5,0,0,0,0,914,0,0,0,0,0,0,1,nan,nan,nan,nan,nan,nan,nan
19978,1,4,5,0,0,0,0,914,0,0,0,0,0,0,1,nan,nan,nan,nan,nan,nan,nan
19979,1,4,5,0,0,0,0,914,0,0,0,0,0,1,0,nan,nan,nan,nan,nan,34.93250530174555,nan
19980,1,4,5,0,0,0,0,914,0,0,0,0,0,1,0,nan,nan,nan,nan,nan,nan,nan
19981,1,4,5,0,0,0,0,914,0,0,0,0,0,1,0,nan,nan,nan,nan,nan,nan,nan
19982,1,4,5,0,0,0,0,914,0,0,0,0,1,0,0,nan,nan,nan,nan,39.99327847857785,nan,nan
19983,1,4,5,0,0,0,0,914,0,0,0,0,1,0,0,nan,nan,nan,nan,nan,nan,nan
19984,1,4,5,0,0,0,0,914,0,0,0,0,1,0,0,nan,nan,nan,nan,nan,nan,nan
19985,1,4,5,0,0,0,0,914,0,0,0,0,1,0,0,nan,nan,nan,nan,nan,nan,nan
19986,1,5,5,0,0,0,0,914,0,0,0,0,1,0,0,39.45032686206105,nan,nan,nan,nan,nan,nan
19987,1,5,4,1,0,0,0,914,0,0,0,0,1,0,0,nan,nan,14.895146836006461,nan,nan,nan,nan
19988,1,5,4,1,0,0,0,914,0,0,0,0,1,0,0,nan,nan,nan,nan,nan,nan,nan
19989,1,4,5,1,0,0,0,914,0,0,0,0,1,0,0,nan,13.643225533647637,nan,nan,nan,nan,nan
19990,1,4,5,1,0,0,0,914,0,0,0,0,1,0,0,nan,nan,nan,nan,nan,nan,nan
19991,1,4,5,1,0,0,0,914,0,0,0,0,1,0,0,nan,nan,nan,nan,nan,nan,nan
19992,1,4,5,1,0,0,0,914,0,0,0,0,1,0,0,nan,nan,nan,nan,nan,nan,nan
19993,1,4,5,1,0,0,0,914,0,0,0,0,1,0,0,nan,nan,nan,nan,nan,nan,nan
19994,1,4,5,0,0,0,1,914,0,0,0,0,0,1,0,nan,nan,nan,36.7785621524381,nan,15.493989927083021,nan
19995,1,4,5,0,0,0,1,914,0,0,0,0,0,1,0,nan,nan,nan,nan,nan,nan,nan
19996,1,4,5,0,0,0,1,914,0,0,0,0,0,1,0,nan,nan,nan,nan,nan,nan,nan
19997,1,4,5,0,0,0,1,914,0,0,0,0,0,1,0,nan,nan,nan,nan,nan,nan,nan
19998,1,4,5,0,0,0,1,914,0,0,0,0,0,1,0,nan,nan,nan,nan,nan,nan,nan
19999,1,4,5,0,0,0,1,914,0,0,0,0,0,1,0,nan,nan,nan,nan,nan,nan,nan
20000,1,4,5,0,0,0,1,914,0,0,0,0,0,1,0,nan,nan,nan,nan,nan,nan,nan
20001,1,5,4,1,0,0,1,914,0,0,0,0,0,1,0,14.90255394835549,nan,13.804572842433117,nan,nan,nan,nan
20002,1,5,4,1,0,0,1,914,0,0,0,0,0,1,0,nan,nan,nan,nan,nan,nan,nan
20003,1,5,4,1,0,0,0,915,0,0,0,0,0,1,0,nan,nan,nan,nan,nan,nan,31.231667605581606
20004,1,5,4,1,0,0,0,915,0,0,0,0,0,1,0,nan,nan,nan,nan,nan,nan,nan
20005,1,5,4,1,0,0,0,915,0,0,0,0,0,1,0,nan,nan,nan,nan,nan,nan,nan
20006,1,5,4,0,1,0,0,915,0,0,0,0,0,1,0,nan,nan,nan,12.566179460700369,nan,nan,nan
20007,1,5,4,0,1,0,0,915,0,0,0,0,0,1,0,nan,nan,nan,nan,nan,nan,nan
20008,1,5,4,0,1,0,0,915,0,0,0,0,0,1,0,nan,nan,nan,nan,nan,nan,nan
20009,1,4,5,0,1,0,0,915,0,0,0,0,0,1,0,nan,19.97024713744031,nan,nan,nan,nan,nan
20010,1,4,5,0,1,0,0,915,0,0,0,0,0,1,0,nan,nan,nan,nan,nan,nan,nan
20011,1,4,5,0,1,0,0,915,0,0,0,0,0,1,0,nan,nan,nan,nan,nan,nan,nan
20012,1,4,5,0,1,0,0,915,0,0,0,0,0,1,0,nan,nan,nan,nan,nan,nan,nan
20013,1,4,4,1,1,0,0,915,0,0,0,0,0,1,0,nan,nan,12.196585221336136,nan,nan,nan,nan
20014,1,4,4,1,1,0,0,915,0,0,0,0,0,1,0,nan,nan,nan,nan,nan,nan,nan
20015,1,4,4,1,1,0,0,915,0,0,0,0,0,1,0,nan,nan,nan,nan,nan,nan,nan
20016,1,5,4,1,1,0,0,916,0,0,0,0,0,1,1,14.949840082743322,nan,nan,nan,nan,nan,13.474143238327088
20017,1,5,4,1,0,0,0,916,0,0,0,0,0,0,1,nan,nan,nan,nan,35.44620371795827,nan,nan
20018,1,5,4,1,0,0,0,916,0,0,0,0,0,0,1,nan,nan,nan,nan,nan,nan,nan
20019,1,4,5,1,0,0,0,916,0,0,0,0,0,0,1,nan,10.239381493098335,nan,nan,nan,nan,nan
20020,1,4,5,1,0,0,0,916,0,0,0,0,0,0,1,nan,nan,nan,nan,nan,nan,nan
20021,1,4,5,1,0,0,0,916,0,0,0,0,0,0,1,nan,nan,nan,nan,nan,nan,nan
20022,1,4,5,1,0,0,0,916,0,0,0,0,0,0,1,nan,nan,nan,nan,nan,nan,nan
20023,1,4,5,1,0,0,0,916,0,0,0,0,0,0,1,nan,nan,nan,nan,nan,nan,nan
20024,1,4,5,1,0,0,0,916,0,0,0,0,0,0,1,nan,nan,nan,nan,nan,nan,nan
20025,1,4,5,0,1,0,0,916,0,0,0,0,0,0,1,nan,nan,nan,18.67753768331022,nan,nan,nan
20026,1,4,5,0,1,0,0,916,0,0,0,0,0,0,1,nan,nan,nan,nan,nan,nan,nan
20027,1,4,5,0,1,0,0,916,0,0,0,0,0,0,1,nan,nan,nan,nan,nan,nan,nan
20028,1,4,5,0,1,0,0,916,0,0,0,0,0,0,1,nan,nan,nan,nan,nan,nan,nan
20029,1,4,5,0,1,0,0,916,0,0,0,0,0,0,1,nan,nan,nan,nan,nan,nan,nan
20030,1,4,4,1,1,0,0,916,0,0,0,0,0,0,1,nan,nan,16.63807835099942,nan,nan,nan,nan
20031,1,4,4,1,1,0,0,916,0,0,0,0,0,0,1,nan,nan,nan,nan,nan,nan,nan
20032,1,3,5,1,1,0,0,916,0,0,0,0,0,1,0,nan,12.620902073187608,nan,nan,nan,37.31034632844239,nan
20033,1,3,5,1,1,0,0,916,0,0,0,0,0,1,0,nan,nan,nan,nan,nan,nan,nan
20034,1,3,5,1,1,0,0,916,0,0,0,0,0,1,0,nan,nan,nan,nan,nan,nan,nan
20035,1,3,5,1,1,0,0,916,0,0,0,0,0,1,0,nan,nan,nan,nan,nan,nan,nan
20036,1,4,5,1,1,0,0,916,0,0,0,0,0,1,0,20.69512589193255,nan,nan,nan,nan,nan,nan
20037,1,4,5,1,0,0,0,916,0,0,0,0,0,0,0,nan,nan,nan,nan,19.550598329864442,nan,nan
20038,1,4,5,1,0,0,0,916,0,0,0,0,0,0,0,nan,nan,nan,nan,nan,nan,nan
20039,1,4,5,1,0,0,0,916,0,0,0,0,0,0,0,nan,nan,nan,nan,nan,nan,nan
20040,1,4,5,1,0,0,0,916,0,0,0,0,0,0,0,nan,nan,nan,nan,nan,nan,nan
20041,1,4,5,1,0,0,0,916,0,0,0,0,0,0,0,nan,nan,nan,nan,nan,nan,nan
20042,1,4,5,1,0,0,0,916,0,0,0,0,0,0,0,nan,nan,nan,nan,nan,nan,nan
20043,1,4,5,1,0,0,0,916,0,0,0,0,0,0,0,nan,nan,nan,nan,nan,nan,nan
20044,1,4,5,1,0,0,0,916,0,0,0,0,0,0,0,nan,nan,nan,nan,nan,nan,nan
20045,1,4,5,1,0,0,0,916,0,0,0,0,0,0,0,nan,nan,nan,nan,nan,nan,nan
20046,1,4,5,1,0,0,0,916,0,0,0,0,0,0,0,nan,nan,nan,nan,nan,nan,nan
20047,1,4,5,1,0,0,0,916,0,0,0,0,0,0,0,nan,nan,nan,nan,nan,nan,nan
20048,1,4,5,1,0,0,0,916,0,0,0,0,0,0,0,nan,nan,nan,nan,nan,nan,nan
20049,1,4,5,1,0,0,0,916,0,0,0,0,0,0,0,nan,nan,nan,nan,nan,nan,nan
20050,1,4,5,1,0,0,0,916,0,0,0,0,0,0,0,nan,nan,nan,nan,nan,nan,nan
20051,1,4,5,1,0,0,0,916,0,0,0,0,0,0,0,nan,nan,nan,nan,nan,nan,nan
20052,1,4,5,1,0,0,0,916,0,0,0,0,0,0,0,nan,nan,nan,nan,nan,nan,nan
20053,1,4,5,1,0,0,0,916,0,0,0,0,0,0,0,nan,nan,nan,nan,nan,nan,nan
20054,1,4,5,1,0,1,0,916,0,0,0,0,1,0,0,nan,nan,nan,nan,17.37037706731644,nan,nan
20055,1,5,5,1,0,1,0,916,0,2,0,0,1,0,0,18.24125678916971,23.579669956856378,nan,nan,nan,nan,nan
20056,1,5,5,0,0,1,0,916,0,2,0,0,0,0,0,nan,nan,nan,31.501522352802567,nan,nan,nan
20057,1,5,5,0,0,1,0,916,0,2,0,0,0,0,0,nan,nan,nan,nan,nan,nan,nan
20058,1,5,5,0,0,1,0,917,0,2,0,0,0,0,1,nan,nan,nan,nan,nan,nan,42.17610949457594
20059,1,5,5,0,0,1,0,917,0,2,0,0,0,0,1,nan,nan,nan,nan,nan,nan,nan
20060,1,5,5,0,0,0,0,917,0,2,0,0,0,0,0,nan,nan,nan,nan,nan,28.70166511661955,nan
20061,1,5,5,0,0,0,0,917,0,2,0,0,0,0,0,nan,nan,nan,nan,nan,nan,nan
20062,1,4,5,1,0,0,0,917,0,0,0,0,0,0,0,nan,nan,32.26549818375497,nan,nan,nan,nan
20063,1,5,5,1,0,0,0,917,0,0,0,0,0,0,0,8.711251005232043,nan,nan,nan,nan,nan,nan
20064,1,5,5,1,0,0,0,917,0,0,0,0,0,0,0,nan,nan,nan,nan,nan,nan,nan
20065,1,5,5,1,0,0,0,917,0,0,0,0,0,0,0,nan,nan,nan,nan,nan,nan,nan
20066,1,5,5,1,0,0,0,917,0,0,0,0,0,0,0,nan,nan,nan,nan,nan,nan,nan
20067,1,5,5,1,0,0,0,917,0,0,0,0,0,0,0,nan,nan,nan,nan,nan,nan,nan
20068,1,5,5,1,0,0,0,917,0,0,0,0,0,0,0,nan,nan,nan,nan,nan,nan,nan
20069,1,5,5,1,0,0,0,917,0,0,0,0,0,0,0,nan,nan,nan,nan,nan,nan,nan
20070,1,5,5,0,1,0,0,917,0,0,0,0,0,0,0,nan,nan,nan,13.862438690048293,nan,nan,nan
20071,1,5,5,0,1,0,0,917,0,0,0,0,0,0,0,nan,nan,nan,nan,nan,nan,nan
20072,1,5,5,0,1,0,0,918,0,0,0,0,0,0,1,nan,nan,nan,nan,nan,nan,13.53895299692158
20073,1,5,5,0,1,0,0,918,0,0,0,0,0,0,1,nan,nan,nan,nan,nan,nan,nan
20074,1,5,5,0,1,0,0,918,0,2,0,0,0,1,0,nan,18.961319140355045,nan,nan,nan,13.408401111522835,nan
20075,1,5,5,0,1,0,0,918,0,2,0,0,0,1,0,nan,nan,nan,nan,nan,nan,nan
20076,1,5,5,0,1,0,0,918,2,2,0,0,0,1,0,12.377215549066023,nan,nan,nan,nan,nan,nan
20077,1,5,5,0,1,0,0,918,2,2,0,0,0,1,0,nan,nan,nan,nan,nan,nan,nan
20078,1,5,5,0,1,0,0,918,2,2,0,0,0,1,0,nan,nan,nan,nan,nan,nan,nan
20079,1,5,5,1,1,0,0,918,0,0,0,0,0,1,0,nan,nan,16.554927374152612,nan,nan,nan,nan
20080,1,5,5,1,1,0,0,918,0,0,0,0,0,1,0,nan,nan,nan,nan,nan,nan,nan
20081,1,5,5,1,1,0,0,918,0,0,0,0,0,1,0,nan,nan,nan,nan,nan,nan,nan
20082,1,5,5,1,0,0,0,918,0,0,0,0,0,0,0,nan,nan,nan,nan,28.115935529574926,nan,nan
20083,1,5,5,1,0,0,0,918,0,0,0,0,0,0,0,nan,nan,nan,nan,nan,nan,nan
20084,1,5,5,1,0,0,0,918,0,0,0,0,0,0,0,nan,nan,nan,nan,nan,nan,nan
20085,1,5,5,1,0,0,0,918,0,0,0,0,0,0,0,nan,nan,nan,nan,nan,nan,nan
20086,1,5,5,1,0,0,0,918,0,0,0,0,0,0,0,nan,nan,nan,nan,nan,nan,nan
20087,1,5,5,1,0,0,0,918,0,0,0,0,0,0,0,nan,nan,nan,nan,nan,nan,nan
20088,1,5,5,1,0,0,0,918,0,0,0,0,0,0,0,nan,nan,nan,nan,nan,nan,nan
20089,1,5,5,1,0,0,0,918,0,0,0,0,0,0,0,nan,nan,nan,nan,nan,nan,nan
20090,1,5,5,1,0,0,0,918,0,2,0,0,0,0,0,nan,15.407944690548902,nan,nan,nan,nan,nan
20091,1,5,5,1,0,0,0,918,0,2,0,0,0,0,0,nan,nan,nan,nan,nan,nan,nan
20092,1,5,5,1,0,0,0,918,0,2,0,0,0,0,0,nan,nan,nan,nan,nan,nan,nan
20093,1,5,5,1,0,0,1,918,0,2,0,0,0,1,0,nan,nan,nan,nan,nan,19.77027943021676,nan
20094,1,5,5,0,1,0,1,918,0,2,0,0,0,1,0,nan,nan,nan,23.980200373542175,nan,nan,nan
20095,1,5,5,0,1,0,1,918,0,2,0,0,0,1,0,nan,nan,nan,nan,nan,nan,nan
20096,1,5,5,0,0,0,1,918,0,2,0,0,0,0,0,nan,nan,nan,nan,13.682457252496533,nan,nan
20097,1,5,5,0,0,0,1,918,0,2,0,0,0,0,0,nan,nan,nan,nan,nan,nan,nan
20098,1,5,5,0,0,0,1,918,0,2,0,0,0,0,0,nan,nan,nan,nan,nan,nan,nan
20099,1,5,5,0,0,0,1,918,2,2,0,0,0,0,0,23.015081807599927,nan,nan,nan,nan,nan,nan
20100,1,5,5,0,0,0,1,918,2,2,0,0,0,0,0,nan,nan,nan,nan,nan,nan,nan
20101,1,5,5,0,0,0,1,918,2,2,0,0,0,0,0,nan,nan,nan,nan,nan,nan,nan
20102,1,5,5,1,0,0,1,918,0,0,0,0,0,0,0,nan,nan,22.88983672921313,nan,nan,nan,nan
20103,1,5,5,1,0,0,1,918,0,0,0,0,0,0,0,nan,nan,nan,nan,nan,nan,nan
20104,1,5,5,1,0,0,1,918,0,0,0,0,0,0,0,nan,nan,nan,nan,nan,nan,nan
20105,1,5,5,0,1,0,0,919,0,0,0,0,0,0,0,nan,nan,nan,10.565817273884022,nan,nan,33.02184773728368
20106,1,5,5,0,1,0,0,919,0,0,0,0,0,0,0,nan,nan,nan,nan,nan,nan,nan
20107,1,5,5,0,1,0,0,919,0,0,0,0,0,0,0,nan,nan,nan,nan,nan,nan,nan
20108,1,5,5,0,1,0,0,919,0,0,0,0,0,0,0,nan,nan,nan,nan,nan,nan,nan
20109,1,5,5,0,1,0,0,919,0,0,0,0,0,0,0,nan,nan,nan,nan,nan,nan,nan
20110,1,5,5,0,1,0,0,919,0,0,0,0,0,0,0,nan,nan,nan,nan,nan,nan,nan
20111,1,5,5,0,1,0,0,919,0,0,0,0,0,0,0,nan,nan,nan,nan,nan,nan,nan
20112,1,5,5,0,1,0,0,919,0,2,0,0,0,0,0,nan,22.565502164416102,nan,nan,nan,nan,nan
20113,1,5,5,0,1,0,0,919,0,2,0,0,0,0,0,nan,nan,nan,nan,nan,nan,nan
20114,1,5,5,0,1,0,0,919,0,2,0,0,0,0,0,nan,nan,nan,nan,nan,nan,nan
20115,1,5,5,0,1,0,1,919,0,2,0,0,0,1,0,nan,nan,nan,nan,nan,21.8983862341629,nan
20116,1,5,5,0,1,0,1,919,0,2,0,0,0,1,0,nan,nan,nan,nan,nan,nan,nan
20117,1,4,5,1,1,0,1,919,0,0,0,0,0,1,0,nan,nan,14.973958149312239,nan,nan,nan,nan
20118,1,4,5,1,1,0,1,919,0,0,0,0,0,1,0,nan,nan,nan,nan,nan,nan,nan
20119,1,4,5,1,1,0,1,919,0,0,0,0,0,1,0,nan,nan,nan,nan,nan,nan,nan
20120,1,4,5,1,0,0,1,919,0,0,0,0,0,0,0,nan,nan,nan,nan,24.007625938611454,nan,nan
20121,1,4,5,1,0,0,0,920,0,0,0,0,0,0,0,nan,nan,nan,nan,nan,nan,16.586697834613005
20122,1,4,5,1,0,0,0,920,0,0,0,0,0,0,0,nan,nan,nan,nan,nan,nan,nan
20123,1,5,5,1,0,0,0,920,0,0,0,0,0,0,0,24.486336246249266,nan,nan,nan,nan,nan,nan
20124,1,5,5,1,0,0,0,920,0,0,0,0,0,0,0,nan,nan,nan,nan,nan,nan,nan
20125,1,5,5,1,0,0,0,920,0,0,0,0,0,0,0,nan,nan,nan,nan,nan,nan,nan
20126,1,5,5,1,0,0,0,920,0,0,0,0,0,0,0,nan,nan,nan,nan,nan,nan,nan
20127,1,5,5,1,0,0,0,920,0,0,0,0,0,0,0,nan,nan,nan,nan,nan,nan,nan
20128,1,5,5,1,0,0,0,920,0,2,0,0,0,0,0,nan,16.214786354325042,nan,nan,nan,nan,nan
20129,1,5,5,1,0,0,0,920,0,2,0,0,0,0,0,nan,nan,nan,nan,nan,nan,nan
20130,1,5,5,0,1,0,0,920,0,2,0,0,0,0,0,nan,nan,nan,25.234610533578234,nan,nan,nan
20131,1,5,5,0,0,1,0,920,0,2,0,0,0,0,0,nan,nan,nan,nan,10.942404209068627,nan,nan
20132,1,5,5,0,0,1,0,920,0,2,0,0,0,0,0,nan,nan,nan,nan,nan,nan,nan
20133,1,5,5,0,0,1,0,920,0,2,0,0,0,0,0,nan,nan,nan,nan,nan,nan,nan
20134,1,5,5,0,0,1,0,920,0,2,0,0,0,0,0,nan,nan,nan,nan,nan,nan,nan
20135,1,5,5,0,0,1,0,920,0,2,0,0,0,0,0,nan,nan,nan,nan,nan,nan,nan
20136,1,5,5,0,0,0,1,920,2,2,0,0,0,0,0,12.420734425846604,nan,nan,nan,nan,21.16021984213512,nan
20137,1,5,5,0,0,0,1,920,2,2,0,0,0,0,0,nan,nan,nan,nan,nan,nan,nan
20138,1,5,5,0,0,0,1,920,2,2,0,0,0,0,0,nan,nan,nan,nan,nan,nan,nan
20139,1,5,5,0,0,0,1,920,2,2,0,0,0,0,0,nan,nan,nan,nan,nan,nan,nan
20140,1,5,5,0,0,0,1,920,2,2,0,0,0,0,0,nan,nan,nan,nan,nan,nan,nan
20141,1,5,5,0,1,0,1,920,2,2,0,1,0,0,0,nan,nan,nan,10.710940706270776,nan,nan,nan
20142,1,5,5,0,1,0,1,920,2,2,0,1,0,0,0,nan,nan,nan,nan,nan,nan,nan
20143,1,5,5,0,1,0,1,920,2,2,0,1,0,0,0,nan,nan,nan,nan,nan,nan,nan
20144,1,5,5,0,1,0,1,920,2,2,0,1,0,0,0,nan,nan,nan,nan,nan,nan,nan
20145,1,5,5,0,1,0,1,920,2,2,0,1,0,0,0,nan,nan,nan,nan,nan,nan,nan
20146,1,5,5,0,1,0,1,920,2,2,0,1,0,0,0,nan,nan,nan,nan,nan,nan,nan
20147,1,5,5,0,1,0,1,920,2,2,0,1,0,0,0,nan,nan,nan,nan,nan,nan,nan
20148,1,5,5,0,1,0,1,920,2,2,0,1,0,0,0,nan,nan,nan,nan,nan,nan,nan
20149,1,5,5,0,1,0,1,920,2,2,0,1,0,0,0,nan,nan,nan,nan,nan,nan,nan
20150,1,5,5,0,0,1,1,920,0,0,0,0,0,0,0,nan,nan,33.55495418339342,nan,19.358994100424752,nan,nan
20151,1,5,5,0,0,1,1,920,0,0,0,0,0,0,0,nan,nan,nan,nan,nan,nan,nan
20152,1,5,5,0,0,1,0,921,0,0,0,0,0,0,0,nan,nan,nan,nan,nan,nan,30.1559014703671
20153,1,5,5,0,0,1,0,921,0,0,0,0,0,0,0,nan,nan,nan,nan,nan,nan,nan
20154,1,5,5,0,0,1,0,921,0,0,0,0,0,0,0,nan,nan,nan,nan,nan,nan,nan
20155,1,5,5,0,0,1,0,921,0,0,0,0,0,0,0,nan,nan,nan,nan,nan,nan,nan
20156,1,5,5,0,0,1,0,921,0,0,0,0,0,0,0,nan,nan,nan,nan,nan,nan,nan
20157,1,5,5,0,0,0,1,921,0,0,0,0,0,0,0,nan,nan,nan,nan,nan,20.896386226602772,nan
20158,1,5,5,0,0,0,1,921,0,0,0,0,0,0,0,nan,nan,nan,nan,nan,nan,nan
20159,1,5,5,0,0,0,1,921,0,0,0,0,0,0,0,nan,nan,nan,nan,nan,nan,nan
20160,1,5,5,0,0,0,1,921,0,0,0,0,0,0,0,nan,nan,nan,nan,nan,nan,nan
20161,1,5,5,0,0,0,1,921,0,0,0,0,0,0,0,nan,nan,nan,nan,nan,nan,nan
20162,1,5,5,0,0,0,1,921,0,0,0,0,0,0,0,nan,nan,nan,nan,nan,nan,nan
20163,1,5,5,0,0,0,1,921,0,0,0,0,0,0,0,nan,nan,nan,nan,nan,nan,nan
20164,1,5,5,0,0,0,1,921,0,0,0,0,0,0,0,nan,nan,nan,nan,nan,nan,nan
20165,1,5,5,0,0,0,1,921,0,0,0,0,0,0,0,nan,nan,nan,nan,nan,nan,nan
20166,1,5,5,0,0,0,1,921,0,0,0,0,0,0,0,nan,nan,nan,nan,nan,nan,nan
20167,1,5,4,1,0,0,1,921,0,0,0,0,0,0,0,nan,nan,17.266120007596328,nan,nan,nan,nan
20168,1,5,4,0,0,1,1,921,0,0,0,0,0,0,0,nan,nan,nan,27.108500575905055,17.78102292892072,nan,nan
20169,1,5,4,0,0,1,1,921,0,0,0,0,0,0,0,nan,nan,nan,nan,nan,nan,nan
20170,1,5,4,0,0,1,1,921,0,0,0,0,0,0,0,nan,nan,nan,nan,nan,nan,nan
20171,1,5,4,0,0,1,0,922,0,0,0,0,0,0,0,nan,nan,nan,nan,nan,nan,19.37595790530031
20172,1,5,4,0,0,1,0,922,0,0,0,0,0,0,0,nan,nan,nan,nan,nan,nan,nan
20173,1,5,4,0,0,1,0,922,0,0,0,0,0,0,0,nan,nan,nan,nan,nan,nan,nan
20174,1,4,5,0,0,1,0,922,0,0,0,0,0,0,0,nan,45.4794871296981,nan,nan,nan,nan,nan
20175,1,4,5,0,0,1,0,922,0,0,0,0,0,0,0,nan,nan,nan,nan,nan,nan,nan
20176,1,4,5,0,0,1,0,922,0,0,0,0,0,0,0,nan,nan,nan,nan,nan,nan,nan
20177,1,5,5,0,0,0,1,922,0,0,0,0,0,0,0,41.39706022383689,nan,nan,nan,nan,19.962364015969797,nan
20178,1,5,5,0,0,0,1,922,0,0,0,0,0,0,0,nan,nan,nan,nan,nan,nan,nan
20179,1,5,5,0,0,1,1,922,0,0,0,0,1,0,0,nan,nan,nan,nan,11.320045612050308,nan,nan
20180,1,5,5,0,0,1,1,922,0,0,0,0,1,0,0,nan,nan,nan,nan,nan,nan,nan
20181,1,5,5,0,0,1,1,922,0,0,0,0,1,0,0,nan,nan,nan,nan,nan,nan,nan
20182,1,5,5,0,0,1,1,922,0,0,0,0,1,0,0,nan,nan,nan,nan,nan,nan,nan
20183,1,5,5,0,0,1,1,922,0,0,0,0,1,0,0,nan,nan,nan,nan,nan,nan,nan
20184,1,5,5,0,0,1,1,922,0,0,0,0,1,0,0,nan,nan,nan,nan,nan,nan,nan
20185,1,5,5,0,0,1,1,922,0,0,0,0,1,0,0,nan,nan,nan,nan,nan,nan,nan
20186,1,5,5,0,0,1,1,922,0,0,0,0,1,0,0,nan,nan,nan,nan,nan,nan,nan
20187,1,5,5,0,0,1,1,922,0,0,0,0,1,0,0,nan,nan,nan,nan,nan,nan,nan
20188,1,5,5,0,0,1,0,923,0,0,0,0,1,0,0,nan,nan,nan,nan,nan,nan,17.33711977078201
20189,1,5,5,0,0,1,0,923,0,0,0,0,1,0,0,nan,nan,nan,nan,nan,nan,nan
20190,1,5,5,0,0,1,0,923,0,0,0,0,1,0,0,nan,nan,nan,nan,nan,nan,nan
20191,1,5,5,0,0,1,0,923,0,0,0,0,1,0,0,nan,nan,nan,nan,nan,nan,nan
20192,1,5,4,1,0,1,0,923,0,0,0,0,1,0,0,nan,nan,24.38658075580679,nan,nan,nan,nan
20193,1,5,4,1,0,1,0,923,0,0,0,0,1,0,0,nan,nan,nan,nan,nan,nan,nan
20194,1,5,4,1,0,1,0,923,2,0,0,0,1,0,0,17.196016750411218,nan,nan,nan,nan,nan,nan
20195,1,5,5,1,0,1,0,923,0,0,0,0,1,0,0,nan,20.97170919293785,nan,nan,nan,nan,nan
20196,1,5,5,1,0,1,0,923,0,0,0,0,1,0,0,nan,nan,nan,nan,nan,nan,nan
20197,1,5,5,0,0,1,0,923,0,0,0,0,0,0,0,nan,nan,nan,28.766126053753396,nan,nan,nan
20198,1,5,5,0,0,1,0,923,0,0,0,0,0,0,0,nan,nan,nan,nan,nan,nan,nan
20199,1,5,5,0,0,1,0,923,0,0,0,0,0,0,0,nan,nan,nan,nan,nan,nan,nan
20200,1,5,5,0,0,1,0,923,0,0,0,0,0,0,0,nan,nan,nan,nan,nan,nan,nan
20201,1,5,5,0,0,1,0,923,0,0,0,0,0,0,0,nan,nan,nan,nan,nan,nan,nan
20202,1,5,5,0,0,1,0,923,0,0,0,0,0,0,0,nan,nan,nan,nan,nan,nan,nan
20203,1,5,5,0,0,1,0,924,0,0,0,0,0,0,1,nan,nan,nan,nan,nan,nan,14.9869326709304
20204,1,5,5,0,0,1,0,924,0,0,0,0,0,0,1,nan,nan,nan,nan,nan,nan,nan
20205,1,5,5,0,0,1,0,924,0,0,0,0,0,0,1,nan,nan,nan,nan,nan,nan,nan
20206,1,5,5,0,0,1,0,924,0,0,0,0,0,0,1,nan,nan,nan,nan,nan,nan,nan
20207,1,5,5,0,0,0,0,924,0,0,0,0,0,0,0,nan,nan,nan,nan,nan,29.965684383470943,nan
20208,1,5,5,0,0,0,0,924,0,0,0,0,0,0,0,nan,nan,nan,nan,nan,nan,nan
20209,1,5,5,0,0,0,0,924,0,0,0,0,0,0,0,nan,nan,nan,nan,nan,nan,nan
20210,1,5,5,0,0,0,0,924,2,0,0,0,0,0,0,15.989226097790379,nan,nan,nan,nan,nan,nan
20211,1,5,5,0,0,0,0,924,2,0,0,0,0,0,0,nan,nan,nan,nan,nan,nan,nan
20212,1,5,5,0,0,0,0,924,2,0,0,0,0,0,0,nan,nan,nan,nan,nan,nan,nan
20213,1,5,5,0,0,0,0,924,2,0,0,0,0,0,0,nan,nan,nan,nan,nan,nan,nan
20214,1,5,5,0,0,0,0,924,2,2,0,0,0,0,0,nan,19.208166308326327,nan,nan,nan,nan,nan
20215,1,5,5,0,0,0,0,924,2,2,0,0,0,0,0,nan,nan,nan,nan,nan,nan,nan
20216,1,5,5,0,0,1,0,924,2,2,0,0,1,0,0,nan,nan,nan,nan,36.27832049506469,nan,nan
20217,1,5,5,0,0,1,0,924,2,2,0,0,1,0,0,nan,nan,nan,nan,nan,nan,nan
20218,1,5,5,0,0,1,0,924,2,2,0,0,1,0,0,nan,nan,nan,nan,nan,nan,nan
20219,1,5,5,0,0,1,0,924,2,2,0,1,0,0,0,nan,nan,nan,21.890398086707137,nan,nan,nan
20220,1,5,5,0,0,1,0,924,2,2,0,1,0,0,0,nan,nan,nan,nan,nan,nan,nan
20221,1,5,5,0,0,1,0,924,2,2,0,1,0,0,0,nan,nan,nan,nan,nan,nan,nan
20222,1,5,5,0,0,1,0,924,2,2,0,1,0,0,0,nan,nan,nan,nan,nan,nan,nan
20223,1,5,5,0,0,1,0,924,2,2,0,1,0,0,0,nan,nan,nan,nan,nan,nan,nan
20224,1,5,5,0,0,1,0,924,2,2,0,1,0,0,0,nan,nan,nan,nan,nan,nan,nan
20225,1,5,5,0,0,1,0,925,2,2,0,1,0,0,1,nan,nan,nan,nan,nan,nan,21.73366721678758
20226,1,5,5,0,0,1,0,925,2,2,0,1,0,0,1,nan,nan,nan,nan,nan,nan,nan
20227,1,5,5,0,0,1,0,925,2,2,0,1,0,0,1,nan,nan,nan,nan,nan,nan,nan
20228,1,5,5,0,0,1,0,925,0,0,0,0,0,0,1,nan,nan,35.82446570534012,nan,nan,nan,nan
20229,1,5,5,0,0,1,0,925,0,0,0,0,0,0,1,nan,nan,nan,nan,nan,nan,nan
20230,1,5,5,0,0,1,0,925,0,0,0,0,0,0,1,nan,nan,nan,nan,nan,nan,nan
20231,1,5,5,0,0,1,0,925,0,0,0,0,0,0,1,nan,nan,nan,nan,nan,nan,nan
20232,1,5,5,0,0,0,0,925,0,0,0,0,0,0,0,nan,nan,nan,nan,nan,25.11794716476652,nan
20233,1,5,5,0,0,1,0,925,0,0,0,0,1,0,0,nan,nan,nan,nan,16.8477655980314,nan,nan
20234,1,5,5,0,0,1,0,925,0,0,0,0,1,0,0,nan,nan,nan,nan,nan,nan,nan
20235,1,5,5,0,0,1,0,925,0,0,0,0,1,0,0,nan,nan,nan,nan,nan,nan,nan
20236,1,5,5,0,0,1,0,925,0,0,0,0,1,0,0,nan,nan,nan,nan,nan,nan,nan
20237,1,5,5,0,0,1,0,925,0,0,0,0,1,0,0,nan,nan,nan,nan,nan,nan,nan
20238,1,5,5,0,0,1,0,925,0,0,0,0,1,0,0,nan,nan,nan,nan,nan,nan,nan
20239,1,5,5,0,0,1,0,925,0,0,0,0,1,0,0,nan,nan,nan,nan,nan,nan,nan
20240,1,5,5,0,0,1,0,925,0,2,0,0,1,0,0,nan,25.568005951688974,nan,nan,nan,nan,nan
20241,1,4,5,0,0,1,0,925,0,0,0,0,0,0,0,nan,nan,13.23982687919488,21.949168410443235,nan,nan,nan
20242,1,4,5,0,0,1,0,925,0,0,0,0,0,0,0,nan,nan,nan,nan,nan,nan,nan
20243,1,4,5,0,0,1,0,925,0,0,0,0,0,0,0,nan,nan,nan,nan,nan,nan,nan
20244,1,4,5,0,0,1,0,925,0,0,0,0,0,0,0,nan,nan,nan,nan,nan,nan,nan
20245,1,4,5,0,0,1,0,925,0,0,0,0,0,0,0,nan,nan,nan,nan,nan,nan,nan
20246,1,4,5,0,0,1,0,925,0,0,0,0,0,0,0,nan,nan,nan,nan,nan,nan,nan
20247,1,4,5,0,0,0,1,925,0,0,0,0,0,0,0,nan,nan,nan,nan,nan,14.347742329129687,nan
20248,1,4,5,0,0,0,1,925,0,0,0,0,0,0,0,nan,nan,nan,nan,nan,nan,nan
20249,1,4,5,0,0,0,0,926,0,0,0,0,0,0,0,nan,nan,nan,nan,nan,nan,24.053363652226835
20250,1,5,5,0,0,0,0,926,0,0,0,0,0,0,0,39.554543976832065,nan,nan,nan,nan,nan,nan
20251,1,5,5,0,0,0,0,926,0,0,0,0,0,0,0,nan,nan,nan,nan,nan,nan,nan
20252,1,5,5,0,0,0,0,926,0,0,0,0,0,0,0,nan,nan,nan,nan,nan,nan,nan
20253,1,5,5,0,0,0,0,926,0,0,0,0,0,0,0,nan,nan,nan,nan,nan,nan,nan
20254,1,5,5,0,0,0,0,926,0,0,0,0,0,0,0,nan,nan,nan,nan,nan,nan,nan
20255,1,5,5,0,0,0,0,926,0,0,0,0,0,0,0,nan,nan,nan,nan,nan,nan,nan
20256,1,5,5,0,0,0,0,926,0,0,0,0,0,0,0,nan,nan,nan,nan,nan,nan,nan
20257,1,5,5,0,0,0,0,926,0,0,0,0,0,0,0,nan,nan,nan,nan,nan,nan,nan
20258,1,5,5,0,0,0,0,926,0,0,0,0,0,0,0,nan,nan,nan,nan,nan,nan,nan
20259,1,5,5,0,1,0,0,926,0,0,0,1,0,0,0,nan,nan,nan,18.586228580712486,nan,nan,nan
20260,1,5,4,0,1,0,0,926,0,0,0,0,0,0,0,nan,nan,19.45409626451874,nan,nan,nan,nan
20261,1,4,5,0,1,0,1,926,0,0,0,0,0,1,0,nan,20.892404383495887,nan,nan,nan,14.150416635300644,nan
20262,1,4,5,0,1,0,0,927,0,0,0,0,0,1,0,nan,nan,nan,nan,nan,nan,12.99768906206009
20263,1,4,5,0,0,0,0,927,0,0,0,0,0,0,0,nan,nan,nan,nan,30.85415044727779,nan,nan
20264,1,4,5,0,0,0,0,927,0,0,0,0,0,0,0,nan,nan,nan,nan,nan,nan,nan
20265,1,4,5,0,0,0,0,927,0,0,0,0,0,0,0,nan,nan,nan,nan,nan,nan,nan
20266,1,4,5,0,0,0,0,927,0,0,0,0,0,0,0,nan,nan,nan,nan,nan,nan,nan
20267,1,4,5,0,0,0,0,927,0,0,0,0,0,0,0,nan,nan,nan,nan,nan,nan,nan
20268,1,4,5,0,0,0,0,927,0,0,0,0,0,0,0,nan,nan,nan,nan,nan,nan,nan
20269,1,4,5,0,0,0,0,927,0,0,0,0,0,0,0,nan,nan,nan,nan,nan,nan,nan
20270,1,4,5,0,0,0,0,927,0,0,0,0,0,0,0,nan,nan,nan,nan,nan,nan,nan
20271,1,5,5,0,0,0,0,927,0,0,0,0,0,0,0,20.643821375317202,nan,nan,nan,nan,nan,nan
20272,1,5,5,0,0,0,0,927,0,0,0,0,0,0,0,nan,nan,nan,nan,nan,nan,nan
20273,1,5,5,0,0,0,0,928,0,0,0,0,0,0,1,nan,nan,nan,nan,nan,nan,10.641602317668003
20274,1,5,4,1,0,0,0,928,0,0,0,0,0,0,1,nan,nan,13.56235179997384,nan,nan,nan,nan
20275,1,5,4,1,0,0,0,928,0,0,0,0,0,0,1,nan,nan,nan,nan,nan,nan,nan
20276,1,5,4,1,0,1,0,928,0,0,0,0,1,0,1,nan,nan,nan,nan,12.356696200986335,nan,nan
20277,1,5,4,1,0,1,0,928,0,0,0,0,1,0,1,nan,nan,nan,nan,nan,nan,nan
20278,1,5,4,1,0,1,0,928,0,0,0,0,1,0,1,nan,nan,nan,nan,nan,nan,nan
20279,1,5,4,1,0,1,0,928,0,0,0,0,1,0,1,nan,nan,nan,nan,nan,nan,nan
20280,1,5,4,1,0,1,0,928,0,0,0,0,1,0,1,nan,nan,nan,nan,nan,nan,nan
20281,1,5,4,1,0,1,0,928,0,0,0,0,1,0,1,nan,nan,nan,nan,nan,nan,nan
20282,1,5,4,0,0,1,0,928,0,0,0,0,0,0,1,nan,nan,nan,23.00846512341741,nan,nan,nan
20283,1,5,4,0,0,1,0,928,0,0,0,0,0,0,1,nan,nan,nan,nan,nan,nan,nan
20284,1,5,4,0,0,1,0,928,0,0,0,0,0,0,1,nan,nan,nan,nan,nan,nan,nan
20285,1,4,5,0,0,1,0,928,0,0,0,0,0,0,1,nan,24.127441068769258,nan,nan,nan,nan,nan
20286,1,4,5,0,0,1,0,928,0,0,0,0,0,0,1,nan,nan,nan,nan,nan,nan,nan
20287,1,4,5,0,0,1,0,928,0,0,0,0,0,0,1,nan,nan,nan,nan,nan,nan,nan
20288,1,4,5,0,0,1,0,928,0,0,0,0,0,0,1,nan,nan,nan,nan,nan,nan,nan
20289,1,5,5,0,0,1,0,928,0,0,0,0,0,0,1,18.46356780514907,nan,nan,nan,nan,nan,nan
20290,1,5,5,0,0,0,0,928,0,0,0,0,0,0,0,nan,nan,nan,nan,nan,29.392237545911485,nan
20291,1,5,5,0,0,0,0,928,0,0,0,0,0,0,0,nan,nan,nan,nan,nan,nan,nan
20292,1,5,5,0,0,0,0,928,0,0,0,0,0,0,0,nan,nan,nan,nan,nan,nan,nan
20293,1,5,4,1,0,0,0,928,0,0,0,0,0,0,0,nan,nan,19.34707067616182,nan,nan,nan,nan
20294,1,5,4,1,0,0,0,928,0,0,0,0,0,0,0,nan,nan,nan,nan,nan,nan,nan
20295,1,5,4,1,0,0,0,928,0,0,0,0,0,0,0,nan,nan,nan,nan,nan,nan,nan
20296,1,5,4,1,0,0,0,928,0,0,0,0,0,0,0,nan,nan,nan,nan,nan,nan,nan
20297,1,5,4,1,0,0,0,928,0,0,0,0,0,0,0,nan,nan,nan,nan,nan,nan,nan
20298,1,5,4,1,0,0,0,928,0,0,0,0,0,0,0,nan,nan,nan,nan,nan,nan,nan
20299,1,5,4,1,0,0,0,928,0,0,0,0,0,0,0,nan,nan,nan,nan,nan,nan,nan
20300,1,5,4,1,0,0,0,928,0,0,0,0,0,0,0,nan,nan,nan,nan,nan,nan,nan
20301,1,5,4,1,0,0,1,928,0,0,0,0,0,1,0,nan,nan,nan,nan,nan,10.576200395931664,nan
20302,1,5,4,1,0,0,1,928,0,0,0,0,1,0,0,nan,nan,nan,nan,26.154027015505562,nan,nan
20303,1,4,5,0,0,0,1,928,0,0,0,0,0,0,0,nan,17.851334266411868,nan,20.540306764345587,nan,nan,nan
20304,1,4,5,0,0,0,0,929,0,0,0,0,0,0,0,nan,nan,nan,nan,nan,nan,31.2219746826122
20305,1,4,4,1,0,0,0,929,0,0,0,0,0,0,0,nan,nan,11.34476151574927,nan,nan,nan,nan
20306,1,4,4,1,0,0,0,929,0,0,0,0,0,0,0,nan,nan,nan,nan,nan,nan,nan
20307,1,4,4,1,0,0,0,929,0,0,0,0,0,0,0,nan,nan,nan,nan,nan,nan,nan
20308,1,4,4,1,0,0,0,929,0,0,0,0,0,0,0,nan,nan,nan,nan,nan,nan,nan
20309,1,4,4,1,0,0,0,929,0,0,0,0,0,0,0,nan,nan,nan,nan,nan,nan,nan
20310,1,4,4,1,0,0,0,929,0,0,0,0,0,0,0,nan,nan,nan,nan,nan,nan,nan
20311,1,4,4,1,0,0,0,929,0,0,0,0,0,0,0,nan,nan,nan,nan,nan,nan,nan
20312,1,4,4,1,0,0,0,929,0,0,0,0,0,0,0,nan,nan,nan,nan,nan,nan,nan
20313,1,4,4,1,0,0,0,929,0,0,0,0,0,0,0,nan,nan,nan,nan,nan,nan,nan
20314,1,4,4,1,0,0,1,929,0,0,0,0,0,1,0,nan,nan,nan,nan,nan,13.376596042788151,nan
20315,1,5,4,1,0,0,1,929,0,0,0,0,0,1,0,26.26431667428551,nan,nan,nan,nan,nan,nan
20316,1,5,4,1,0,0,1,929,0,0,0,0,0,1,0,nan,nan,nan,nan,nan,nan,nan
20317,1,5,4,0,1,0,0,930,0,0,0,0,0,1,0,nan,nan,nan,14.505927669819357,nan,nan,12.885203506073594
20318,1,5,4,0,0,0,0,930,0,0,0,0,0,0,0,nan,nan,nan,nan,16.31263431285697,nan,nan
20319,1,5,4,0,0,0,0,930,0,0,0,0,0,0,0,nan,nan,nan,nan,nan,nan,nan
20320,1,5,4,0,0,0,0,930,0,0,0,0,0,0,0,nan,nan,nan,nan,nan,nan,nan
20321,1,4,5,0,0,0,0,930,0,0,0,0,0,0,0,nan,17.976169617402775,nan,nan,nan,nan,nan
20322,1,4,5,0,0,0,0,930,0,0,0,0,0,0,0,nan,nan,nan,nan,nan,nan,nan
20323,1,4,5,0,0,0,0,930,0,0,0,0,0,0,0,nan,nan,nan,nan,nan,nan,nan
20324,1,4,5,0,0,0,0,930,0,0,0,0,0,0,0,nan,nan,nan,nan,nan,nan,nan
20325,1,4,5,0,0,0,0,930,0,0,0,0,0,0,0,nan,nan,nan,nan,nan,nan,nan
20326,1,4,5,0,0,0,0,930,0,0,0,0,0,0,0,nan,nan,nan,nan,nan,nan,nan
20327,1,4,5,0,0,0,0,930,0,0,0,0,0,0,0,nan,nan,nan,nan,nan,nan,nan
20328,1,4,5,0,0,0,0,930,0,0,0,0,0,0,0,nan,nan,nan,nan,nan,nan,nan
20329,1,4,5,0,0,0,0,930,0,0,0,0,0,0,0,nan,nan,nan,nan,nan,nan,nan
20330,1,4,5,0,0,0,0,930,0,0,0,0,0,0,0,nan,nan,nan,nan,nan,nan,nan
20331,1,4,5,0,0,0,0,930,0,0,0,0,0,0,0,nan,nan,nan,nan,nan,nan,nan
20332,1,4,5,0,0,0,0,930,0,0,0,0,0,0,0,nan,nan,nan,nan,nan,nan,nan
20333,1,4,5,0,0,0,0,930,0,0,0,0,0,0,0,nan,nan,nan,nan,nan,nan,nan
20334,1,4,5,0,0,0,0,930,0,0,0,0,0,0,0,nan,nan,nan,nan,nan,nan,nan
20335,1,4,5,0,0,0,0,931,0,0,0,0,0,0,1,nan,nan,nan,nan,nan,nan,18.315866130335053
20336,1,4,5,0,0,0,0,931,0,0,0,0,0,0,1,nan,nan,nan,nan,nan,nan,nan
20337,1,4,5,0,1,0,0,931,0,0,0,1,0,0,1,nan,nan,nan,19.40203023200229,nan,nan,nan
20338,1,4,5,0,1,0,0,931,0,0,0,1,0,0,1,nan,nan,nan,nan,nan,nan,nan
20339,1,4,5,0,1,0,0,931,0,0,0,1,0,0,1,nan,nan,nan,nan,nan,nan,nan
20340,1,4,5,0,0,1,0,931,0,0,0,1,0,0,1,nan,nan,nan,nan,21.824344102271425,nan,nan
20341,1,4,5,0,0,1,0,931,0,0,0,1,0,0,1,nan,nan,nan,nan,nan,nan,nan
20342,1,4,4,0,0,1,0,931,0,0,0,0,0,0,1,nan,nan,37.73625488348989,nan,nan,nan,nan
20343,1,4,5,0,0,1,0,931,0,0,0,0,0,0,1,27.908900897014973,22.338214880717715,nan,nan,nan,nan,nan
20344,1,4,5,0,0,1,0,931,0,0,0,0,0,0,1,nan,nan,nan,nan,nan,nan,nan
20345,1,4,5,0,0,0,0,931,0,0,0,0,0,0,0,nan,nan,nan,nan,nan,30.247690609110577,nan
20346,1,4,5,0,0,0,0,931,0,0,0,0,0,0,0,nan,nan,nan,nan,nan,nan,nan
20347,1,4,5,0,0,0,0,931,0,0,0,0,0,0,0,nan,nan,nan,nan,nan,nan,nan
20348,1,4,5,0,0,0,0,931,0,0,0,0,0,0,0,nan,nan,nan,nan,nan,nan,nan
20349,1,4,5,0,0,0,0,931,0,0,0,0,0,0,0,nan,nan,nan,nan,nan,nan,nan
20350,1,4,5,0,0,0,0,931,0,0,0,0,0,0,0,nan,nan,nan,nan,nan,nan,nan
20351,1,4,5,0,0,1,0,931,0,0,0,0,1,0,0,nan,nan,nan,nan,10.891187200548302,nan,nan
20352,1,4,5,0,0,1,0,931,0,0,0,0,1,0,0,nan,nan,nan,nan,nan,nan,nan
20353,1,4,5,0,0,1,0,931,0,0,0,0,1,0,0,nan,nan,nan,nan,nan,nan,nan
20354,1,4,5,0,0,1,0,931,0,0,0,0,1,0,0,nan,nan,nan,nan,nan,nan,nan
20355,1,4,5,0,0,1,0,931,0,0,0,0,1,0,0,nan,nan,nan,nan,nan,nan,nan
20356,1,4,5,0,0,1,0,932,0,0,0,0,1,0,1,nan,nan,nan,nan,nan,nan,20.458841836669308
20357,1,4,5,0,0,1,0,932,0,0,0,1,0,0,1,nan,nan,nan,20.153888795077364,nan,nan,nan
20358,1,5,5,0,0,1,0,932,0,0,0,1,0,0,1,14.791828676647128,nan,nan,nan,nan,nan,nan
20359,1,5,5,0,0,1,0,932,0,0,0,1,0,0,1,nan,nan,nan,nan,nan,nan,nan
20360,1,5,4,0,0,1,0,932,0,0,0,0,0,0,1,nan,nan,17.43603208672721,nan,nan,nan,nan
20361,1,5,4,0,0,1,0,932,0,0,0,0,0,0,1,nan,nan,nan,nan,nan,nan,nan
20362,1,4,5,0,0,0,0,932,0,0,0,0,0,0,0,nan,18.95443978611729,nan,nan,nan,17.37596589044915,nan
20363,1,4,5,0,0,0,0,932,0,0,0,0,0,0,0,nan,nan,nan,nan,nan,nan,nan
20364,1,4,5,0,0,0,0,932,0,0,0,0,0,0,0,nan,nan,nan,nan,nan,nan,nan
20365,1,4,5,0,0,0,0,932,0,0,0,0,0,0,0,nan,nan,nan,nan,nan,nan,nan
20366,1,4,5,0,0,0,0,932,0,0,0,0,0,0,0,nan,nan,nan,nan,nan,nan,nan
20367,1,4,5,0,0,0,0,932,0,0,0,0,0,0,0,nan,nan,nan,nan,nan,nan,nan
20368,1,4,5,0,0,0,0,932,0,0,0,0,0,0,0,nan,nan,nan,nan,nan,nan,nan
20369,1,4,5,0,0,0,0,932,0,0,0,0,0,0,0,nan,nan,nan,nan,nan,nan,nan
20370,1,5,5,0,0,0,0,932,0,0,0,0,0,0,0,12.327390060952894,nan,nan,nan,nan,nan,nan
20371,1,5,5,0,0,0,1,932,0,0,0,0,0,1,0,nan,nan,nan,nan,nan,9.436461405101,nan
20372,1,5,5,0,0,0,1,932,0,0,0,0,0,1,0,nan,nan,nan,nan,nan,nan,nan
20373,1,5,5,0,0,0,1,932,0,0,0,0,1,0,0,nan,nan,nan,nan,21.602105195830518,nan,nan
20374,1,5,5,0,0,0,1,932,0,0,0,0,1,0,0,nan,nan,nan,nan,nan,nan,nan
20375,1,5,5,0,0,0,1,932,0,2,0,0,1,0,0,nan,13.259583691182343,nan,nan,nan,nan,nan
20376,1,5,5,0,0,0,1,932,0,2,0,0,1,0,0,nan,nan,nan,nan,nan,nan,nan
20377,1,5,5,0,0,0,1,932,0,2,0,0,1,0,0,nan,nan,nan,nan,nan,nan,nan
20378,1,5,5,0,0,0,1,932,0,2,0,0,1,0,0,nan,nan,nan,nan,nan,nan,nan
20379,1,5,5,0,0,0,0,933,0,2,0,0,1,0,0,nan,nan,nan,nan,nan,nan,23.675487631127908
20380,1,5,5,0,0,0,0,933,0,2,0,0,1,0,0,nan,nan,nan,nan,nan,nan,nan
20381,1,5,5,0,0,0,0,933,0,2,0,0,1,0,0,nan,nan,nan,nan,nan,nan,nan
20382,1,5,5,0,0,0,0,933,0,2,0,0,1,0,0,nan,nan,nan,nan,nan,nan,nan
20383,1,5,5,0,0,0,0,933,0,2,0,0,1,0,0,nan,nan,nan,nan,nan,nan,nan
20384,1,4,5,1,0,0,0,933,0,0,0,0,1,0,0,nan,nan,24.508089340262813,nan,nan,nan,nan
20385,1,4,5,1,0,0,0,933,0,0,0,0,1,0,0,nan,nan,nan,nan,nan,nan,nan
20386,1,5,5,1,0,0,0,933,0,0,0,0,1,0,0,15.837256291804806,nan,nan,nan,nan,nan,nan
20387,1,5,5,1,0,0,0,933,0,0,0,0,1,0,0,nan,nan,nan,nan,nan,nan,nan
20388,1,5,5,1,0,0,0,933,0,0,0,0,1,0,0,nan,nan,nan,nan,nan,nan,nan
20389,1,5,5,1,0,0,0,933,0,0,0,0,1,0,0,nan,nan,nan,nan,nan,nan,nan
20390,1,5,5,1,0,0,0,933,0,0,0,0,1,0,0,nan,nan,nan,nan,nan,nan,nan
20391,1,5,5,1,0,0,0,933,0,0,0,0,1,0,0,nan,nan,nan,nan,nan,nan,nan
20392,1,5,5,1,0,0,0,933,0,0,0,0,1,0,0,nan,nan,nan,nan,nan,nan,nan
20393,1,5,5,1,0,0,1,933,0,0,0,0,1,1,0,nan,nan,nan,nan,nan,21.86338937128312,nan
20394,1,5,5,0,0,0,1,933,0,0,0,0,0,1,0,nan,nan,nan,37.45248109539534,nan,nan,nan
20395,1,5,5,0,0,0,1,933,0,0,0,0,0,1,0,nan,nan,nan,nan,nan,nan,nan
20396,1,5,5,0,0,0,1,933,0,2,0,0,0,1,0,nan,20.853572964337218,nan,nan,nan,nan,nan
20397,1,5,5,0,0,0,1,933,0,2,0,0,0,1,0,nan,nan,nan,nan,nan,nan,nan
20398,1,5,5,0,0,0,1,933,0,2,0,0,0,1,0,nan,nan,nan,nan,nan,nan,nan
20399,1,5,5,0,0,0,0,934,0,2,0,0,0,1,0,nan,nan,nan,nan,nan,nan,19.875351281432813
20400,1,5,5,0,0,0,0,934,0,2,0,0,0,1,0,nan,nan,nan,nan,nan,nan,nan
20401,1,5,5,0,0,0,0,934,0,2,0,0,0,1,0,nan,nan,nan,nan,nan,nan,nan
20402,1,5,5,0,0,0,0,934,0,2,0,0,0,1,0,nan,nan,nan,nan,nan,nan,nan
20403,1,4,5,1,0,0,0,934,0,0,0,0,0,1,0,nan,nan,18.961801461038704,nan,nan,nan,nan
20404,1,4,5,1,0,0,0,934,0,0,0,0,0,1,0,nan,nan,nan,nan,nan,nan,nan
20405,1,4,5,1,0,0,0,934,0,0,0,0,0,1,0,nan,nan,nan,nan,nan,nan,nan
20406,1,4,5,1,0,0,0,934,0,0,0,0,0,1,0,nan,nan,nan,nan,nan,nan,nan
20407,1,4,5,1,0,0,0,934,0,0,0,0,0,1,0,nan,nan,nan,nan,nan,nan,nan
20408,1,5,5,1,0,0,0,934,0,0,0,0,0,1,0,21.54981855142978,nan,nan,nan,nan,nan,nan
20409,1,5,5,0,1,0,0,934,0,0,0,0,0,1,0,nan,nan,nan,14.33858489193517,nan,nan,nan
20410,1,5,5,0,0,0,0,934,0,0,0,0,0,0,0,nan,nan,nan,nan,37.74087121426783,nan,nan
20411,1,5,5,0,0,0,0,934,0,0,0,0,0,0,0,nan,nan,nan,nan,nan,nan,nan
20412,1,5,5,0,0,0,0,934,0,0,0,0,0,0,0,nan,nan,nan,nan,nan,nan,nan
20413,1,5,5,0,0,0,0,935,0,0,0,0,0,0,1,nan,nan,nan,nan,nan,nan,13.359778026922868
20414,1,5,5,0,0,0,0,935,0,0,0,0,0,0,1,nan,nan,nan,nan,nan,nan,nan
20415,1,5,5,0,0,0,0,935,0,0,0,0,0,0,1,nan,nan,nan,nan,nan,nan,nan
20416,1,5,5,0,0,0,0,935,0,0,0,0,0,0,1,nan,nan,nan,nan,nan,nan,nan
20417,1,5,5,0,0,0,0,935,0,0,0,0,0,0,1,nan,nan,nan,nan,nan,nan,nan
20418,1,5,5,0,0,0,0,935,0,0,0,0,0,0,1,nan,nan,nan,nan,nan,nan,nan
20419,1,5,5,0,0,0,0,935,2,0,0,0,0,0,1,11.02549894009644,nan,nan,nan,nan,nan,nan
20420,1,5,5,0,1,0,0,935,2,0,0,1,0,1,0,nan,nan,nan,11.178392887206428,nan,26.74363050694228,nan
20421,1,5,5,0,1,0,0,935,2,0,0,1,0,1,0,nan,nan,nan,nan,nan,nan,nan
20422,1,5,5,0,0,0,0,935,2,0,0,1,0,0,0,nan,nan,nan,nan,11.447472229800042,nan,nan
20423,1,5,5,0,0,0,0,935,2,0,0,1,0,0,0,nan,nan,nan,nan,nan,nan,nan
20424,1,5,5,0,0,0,0,935,2,0,0,1,0,0,0,nan,nan,nan,nan,nan,nan,nan
20425,1,5,5,0,0,0,0,935,2,0,0,1,0,0,0,nan,nan,nan,nan,nan,nan,nan
20426,1,5,5,0,0,0,0,935,2,0,0,1,0,0,0,nan,nan,nan,nan,nan,nan,nan
20427,1,5,5,0,0,0,0,935,2,0,0,1,0,0,0,nan,nan,nan,nan,nan,nan,nan
20428,1,5,5,0,0,0,0,935,2,2,0,1,0,0,0,nan,32.12589080497128,nan,nan,nan,nan,nan
20429,1,5,5,0,0,0,0,935,2,2,0,1,0,0,0,nan,nan,nan,nan,nan,nan,nan
20430,1,5,5,0,0,0,0,935,2,2,0,1,0,0,0,nan,nan,nan,nan,nan,nan,nan
20431,1,5,5,0,0,0,0,935,0,0,0,0,0,0,0,nan,nan,27.51297615043586,nan,nan,nan,nan
20432,1,5,5,0,0,0,0,935,0,0,0,0,0,0,0,nan,nan,nan,nan,nan,nan,nan
20433,1,5,5,0,0,0,0,935,0,0,0,0,0,0,0,nan,nan,nan,nan,nan,nan,nan
20434,1,5,5,0,0,0,0,935,0,0,0,0,0,0,0,nan,nan,nan,nan,nan,nan,nan
20435,1,5,5,0,0,0,0,935,0,0,0,0,0,0,0,nan,nan,nan,nan,nan,nan,nan
20436,1,5,5,0,0,0,0,935,0,0,0,0,0,0,0,nan,nan,nan,nan,nan,nan,nan
20437,1,5,5,0,0,0,0,935,0,0,0,0,0,0,0,nan,nan,nan,nan,nan,nan,nan
20438,1,5,5,0,0,0,1,935,0,0,0,0,0,1,0,nan,nan,nan,nan,nan,18.18819520535908,nan
20439,1,5,5,0,0,0,1,935,0,0,0,0,0,1,0,nan,nan,nan,nan,nan,nan,nan
20440,1,5,5,0,0,0,1,935,0,0,0,0,0,1,0,nan,nan,nan,nan,nan,nan,nan
20441,1,5,5,0,0,0,1,935,0,0,0,0,0,1,0,nan,nan,nan,nan,nan,nan,nan
20442,1,5,5,0,0,0,1,935,0,0,0,0,0,1,0,nan,nan,nan,nan,nan,nan,nan
20443,1,5,5,0,0,0,1,935,0,0,0,0,0,1,0,nan,nan,nan,nan,nan,nan,nan
20444,1,5,5,0,0,0,1,935,0,0,0,0,0,1,0,nan,nan,nan,nan,nan,nan,nan
20445,1,5,5,0,0,0,1,935,0,0,0,0,1,0,0,nan,nan,nan,nan,22.971386830588017,nan,nan
20446,1,5,5,0,0,0,1,935,0,0,0,0,1,0,0,nan,nan,nan,nan,nan,nan,nan
20447,1,5,5,0,0,0,1,935,0,0,0,0,1,0,0,nan,nan,nan,nan,nan,nan,nan
20448,1,5,5,0,0,0,0,936,0,0,0,0,1,0,0,nan,nan,nan,nan,nan,nan,35.0103395297665
20449,1,5,5,0,0,0,0,936,0,0,0,1,0,0,0,nan,nan,nan,29.584182069382223,nan,nan,nan
20450,1,5,5,0,0,0,0,936,0,0,0,1,0,0,0,nan,nan,nan,nan,nan,nan,nan
20451,1,5,5,0,0,0,0,936,0,0,0,1,0,0,0,nan,nan,nan,nan,nan,nan,nan
20452,1,5,5,0,0,0,0,936,0,0,0,1,0,0,0,nan,nan,nan,nan,nan,nan,nan
20453,1,5,5,0,0,0,0,936,0,0,0,1,0,0,0,nan,nan,nan,nan,nan,nan,nan
20454,1,5,5,0,0,0,0,936,0,0,0,1,0,0,0,nan,nan,nan,nan,nan,nan,nan
20455,1,5,5,0,0,0,0,936,0,0,0,1,0,0,0,nan,nan,nan,nan,nan,nan,nan
20456,1,5,5,0,0,0,0,936,0,0,0,1,0,0,0,nan,nan,nan,nan,nan,nan,nan
20457,1,5,5,0,0,0,1,936,2,0,0,1,0,1,0,38.078819329795806,nan,nan,nan,nan,18.633085552406556,nan
20458,1,5,5,0,0,0,1,936,2,2,0,1,0,1,0,nan,29.979644759449002,nan,nan,nan,nan,nan
20459,1,5,5,0,0,0,1,936,2,2,0,1,0,1,0,nan,nan,nan,nan,nan,nan,nan
20460,1,5,5,0,0,0,1,936,2,2,0,1,1,0,0,nan,nan,nan,nan,15.64957669830983,nan,nan
20461,1,5,5,0,0,0,1,936,2,2,0,1,1,0,0,nan,nan,nan,nan,nan,nan,nan
20462,1,5,5,0,0,0,1,936,2,2,0,1,1,0,0,nan,nan,nan,nan,nan,nan,nan
20463,1,5,5,0,0,0,1,936,2,2,0,1,1,0,0,nan,nan,nan,nan,nan,nan,nan
20464,1,5,5,0,0,0,1,936,2,2,0,1,1,0,0,nan,nan,nan,nan,nan,nan,nan
20465,1,5,5,0,0,0,1,936,2,2,0,1,1,0,0,nan,nan,nan,nan,nan,nan,nan
20466,1,5,5,0,0,0,1,936,2,2,0,1,1,0,0,nan,nan,nan,nan,nan,nan,nan
20467,1,5,5,0,0,0,0,937,2,2,0,1,1,0,0,nan,nan,nan,nan,nan,nan,19.20099985615525
20468,1,5,5,0,0,0,0,937,2,2,0,1,1,0,0,nan,nan,nan,nan,nan,nan,nan
20469,1,5,5,0,0,0,0,937,2,2,0,1,1,0,0,nan,nan,nan,nan,nan,nan,nan
20470,1,5,5,0,0,0,0,937,2,2,0,1,1,0,0,nan,nan,nan,nan,nan,nan,nan
20471,1,5,5,0,0,0,0,937,2,2,0,1,1,0,0,nan,nan,nan,nan,nan,nan,nan
20472,1,5,5,0,0,0,0,937,2,2,0,1,1,0,0,nan,nan,nan,nan,nan,nan,nan
20473,1,5,5,0,0,0,0,937,2,2,0,1,1,0,0,nan,nan,nan,nan,nan,nan,nan
20474,1,5,5,0,0,0,0,937,0,0,0,0,1,0,0,nan,nan,43.27414594870788,nan,nan,nan,nan
20475,1,5,5,0,0,0,0,937,0,0,0,0,1,0,0,nan,nan,nan,nan,nan,nan,nan
20476,1,5,5,0,0,0,0,937,0,0,0,0,1,0,0,nan,nan,nan,nan,nan,nan,nan
20477,1,5,5,0,0,0,0,937,0,0,0,0,1,0,0,nan,nan,nan,nan,nan,nan,nan
20478,1,5,5,0,0,0,0,937,0,0,0,0,1,0,0,nan,nan,nan,nan,nan,nan,nan
20479,1,5,5,0,0,0,0,937,0,0,0,0,1,0,0,nan,nan,nan,nan,nan,nan,nan
20480,1,5,5,0,0,0,1,937,0,0,0,0,1,1,0,nan,nan,nan,nan,nan,23.550582691284944,nan
20481,1,5,5,0,0,0,1,937,0,0,0,0,1,1,0,nan,nan,nan,nan,nan,nan,nan
20482,1,5,5,0,0,0,1,937,0,0,0,0,1,1,0,nan,nan,nan,nan,nan,nan,nan
20483,1,5,5,0,0,0,1,937,0,0,0,1,0,1,0,nan,nan,nan,33.78681871693698,nan,nan,nan
20484,1,5,5,0,0,0,1,937,0,0,0,1,0,1,0,nan,nan,nan,nan,nan,nan,nan
20485,1,5,5,0,0,0,1,937,0,2,0,1,0,1,0,nan,27.01623054733136,nan,nan,nan,nan,nan
20486,1,5,5,0,0,0,1,937,0,2,0,1,0,1,0,nan,nan,nan,nan,nan,nan,nan
20487,1,5,5,0,0,0,1,937,0,2,0,1,0,1,0,nan,nan,nan,nan,nan,nan,nan
20488,1,5,5,0,0,0,1,937,0,2,0,1,0,1,0,nan,nan,nan,nan,nan,nan,nan
20489,1,5,5,0,0,0,0,938,2,2,0,1,0,1,0,32.25473591415721,nan,nan,nan,nan,nan,22.314986532292096
20490,1,5,5,0,0,0,0,938,2,2,0,1,0,1,0,nan,nan,nan,nan,nan,nan,nan
20491,1,5,5,0,0,0,0,938,0,0,0,0,0,1,0,nan,nan,17.227537086309894,nan,nan,nan,nan
20492,1,5,5,0,0,0,0,938,0,0,0,0,0,1,0,nan,nan,nan,nan,nan,nan,nan
20493,1,5,5,0,0,0,0,938,0,0,0,0,0,1,0,nan,nan,nan,nan,nan,nan,nan
20494,1,5,5,0,0,0,0,938,0,0,0,0,0,1,0,nan,nan,nan,nan,nan,nan,nan
20495,1,5,5,0,0,0,0,938,0,0,0,0,0,1,0,nan,nan,nan,nan,nan,nan,nan
20496,1,5,5,0,0,0,0,938,0,0,0,0,0,1,0,nan,nan,nan,nan,nan,nan,nan
20497,1,5,5,0,0,0,0,938,0,0,0,0,0,1,0,nan,nan,nan,nan,nan,nan,nan
20498,1,5,5,0,0,0,0,938,0,0,0,0,0,1,0,nan,nan,nan,nan,nan,nan,nan
20499,1,5,5,0,0,0,0,938,0,0,0,0,1,0,0,nan,nan,nan,nan,38.690151555350894,nan,nan
20500,1,5,5,0,0,0,0,939,0,0,0,0,1,0,1,nan,nan,nan,nan,nan,nan,11.417984033403627
20501,1,5,5,0,0,0,0,939,0,0,0,0,1,0,1,nan,nan,nan,nan,nan,nan,nan
20502,1,5,5,0,0,0,0,939,0,0,0,1,0,0,1,nan,nan,nan,19.32081486777315,nan,nan,nan
20503,1,5,5,0,0,0,0,939,0,0,0,1,0,0,1,nan,nan,nan,nan,nan,nan,nan
20504,1,5,5,0,0,0,0,939,0,0,0,1,0,0,1,nan,nan,nan,nan,nan,nan,nan
20505,1,5,5,0,0,0,0,939,0,0,0,1,0,0,1,nan,nan,nan,nan,nan,nan,nan
20506,1,5,5,0,0,0,0,939,0,2,0,1,0,0,1,nan,20.565357071161998,nan,nan,nan,nan,nan
20507,1,5,5,0,0,0,0,939,0,2,0,1,0,0,1,nan,nan,nan,nan,nan,nan,nan
20508,1,5,5,0,0,0,0,939,2,2,0,1,0,0,1,18.482498053355812,nan,nan,nan,nan,nan,nan
20509,1,5,5,0,0,0,0,939,2,2,0,1,0,0,1,nan,nan,nan,nan,nan,nan,nan
20510,1,5,5,0,0,0,0,939,0,0,0,0,0,0,1,nan,nan,18.645760075472936,nan,nan,nan,nan
20511,1,5,5,0,0,0,0,939,0,0,0,0,0,0,1,nan,nan,nan,nan,nan,nan,nan
20512,1,5,5,0,0,0,0,939,0,0,0,0,0,0,1,nan,nan,nan,nan,nan,nan,nan
20513,1,5,5,0,0,0,0,939,0,0,0,0,0,0,1,nan,nan,nan,nan,nan,nan,nan
20514,1,5,5,0,0,0,0,939,0,0,0,0,0,0,1,nan,nan,nan,nan,nan,nan,nan
20515,1,5,5,0,0,0,0,939,0,0,0,0,0,0,1,nan,nan,nan,nan,nan,nan,nan
20516,1,5,5,0,0,0,0,939,0,0,0,0,0,0,1,nan,nan,nan,nan,nan,nan,nan
20517,1,5,5,0,0,0,0,939,0,0,0,0,0,1,0,nan,nan,nan,nan,nan,36.83626835634641,nan
20518,1,5,5,0,0,0,0,939,0,0,0,0,0,1,0,nan,nan,nan,nan,nan,nan,nan
20519,1,5,5,0,0,0,0,939,0,0,0,0,0,1,0,nan,nan,nan,nan,nan,nan,nan
20520,1,5,5,0,0,0,0,939,0,0,0,0,1,0,0,nan,nan,nan,nan,21.112900538271788,nan,nan
20521,1,5,5,0,0,0,0,939,2,0,0,0,1,0,0,13.604743290092301,nan,nan,nan,nan,nan,nan
20522,1,5,5,0,0,0,0,939,2,0,0,0,1,0,0,nan,nan,nan,nan,nan,nan,nan
20523,1,5,5,0,0,0,0,939,2,0,0,0,1,0,0,nan,nan,nan,nan,nan,nan,nan
20524,1,5,5,0,0,0,0,939,2,0,0,0,1,0,0,nan,nan,nan,nan,nan,nan,nan
20525,1,5,5,0,0,0,0,939,2,0,0,0,1,0,0,nan,nan,nan,nan,nan,nan,nan
20526,1,5,5,0,0,0,0,939,2,0,0,0,1,0,0,nan,nan,nan,nan,nan,nan,nan
20527,1,5,5,0,0,0,0,939,2,0,0,0,1,0,0,nan,nan,nan,nan,nan,nan,nan
20528,1,5,5,0,0,0,0,939,2,0,0,0,1,0,0,nan,nan,nan,nan,nan,nan,nan
20529,1,5,5,0,0,0,0,939,2,0,0,0,1,0,0,nan,nan,nan,nan,nan,nan,nan
20530,1,5,5,0,0,0,0,940,2,0,0,0,1,0,1,nan,nan,nan,nan,nan,nan,29.13820020740968
20531,1,5,5,0,0,0,0,940,2,0,0,0,1,0,1,nan,nan,nan,nan,nan,nan,nan
20532,1,5,5,0,0,0,0,940,2,0,0,0,1,0,1,nan,nan,nan,nan,nan,nan,nan
20533,1,5,5,0,0,0,0,940,2,0,0,0,1,0,1,nan,nan,nan,nan,nan,nan,nan
20534,1,5,5,0,0,0,0,940,2,2,0,0,1,0,1,nan,28.49134695795874,nan,nan,nan,nan,nan
20535,1,5,5,1,0,0,0,940,0,0,0,0,1,0,1,nan,nan,24.855480703703506,nan,nan,nan,nan
20536,1,5,5,0,0,0,0,940,0,0,0,0,0,0,1,nan,nan,nan,33.64742710828432,nan,nan,nan
20537,1,5,5,0,0,0,0,940,0,0,0,0,0,0,1,nan,nan,nan,nan,nan,nan,nan
20538,1,5,5,0,0,0,0,940,0,0,0,0,0,0,1,nan,nan,nan,nan,nan,nan,nan
20539,1,5,5,0,0,0,0,940,0,0,0,0,0,0,1,nan,nan,nan,nan,nan,nan,nan
20540,1,5,5,0,0,0,0,940,0,0,0,0,0,1,0,nan,nan,nan,nan,nan,22.79073797351157,nan
20541,1,5,5,0,0,0,0,940,0,0,0,0,0,1,0,nan,nan,nan,nan,nan,nan,nan
20542,1,5,5,0,0,0,0,940,0,0,0,0,0,1,0,nan,nan,nan,nan,nan,nan,nan
20543,1,5,5,0,0,0,0,940,0,0,0,0,0,1,0,nan,nan,nan,nan,nan,nan,nan
20544,1,5,5,0,0,0,0,940,0,0,0,0,0,1,0,nan,nan,nan,nan,nan,nan,nan
20545,1,5,5,0,0,0,0,940,0,0,0,0,0,1,0,nan,nan,nan,nan,nan,nan,nan
20546,1,5,5,0,0,0,0,940,0,0,0,0,0,1,0,nan,nan,nan,nan,nan,nan,nan
20547,1,5,5,0,0,0,0,940,0,0,0,0,0,1,0,nan,nan,nan,nan,nan,nan,nan
20548,1,5,5,0,0,0,0,940,0,2,0,0,0,1,0,nan,13.420371382278972,nan,nan,nan,nan,nan
20549,1,5,5,0,0,0,0,940,0,2,0,0,0,1,0,nan,nan,nan,nan,nan,nan,nan
20550,1,5,5,0,0,0,0,941,0,2,0,0,0,1,1,nan,nan,nan,nan,nan,nan,20.33079382329015
20551,1,5,5,0,0,0,0,941,0,2,0,0,1,0,1,nan,nan,nan,nan,31.25419883111317,nan,nan
20552,1,5,5,0,0,0,0,941,0,2,0,0,1,0,1,nan,nan,nan,nan,nan,nan,nan
20553,1,5,5,1,0,0,0,941,0,0,0,0,1,0,1,32.16838780947364,nan,17.71792831435596,nan,nan,nan,nan
20554,1,5,5,0,0,0,0,941,0,0,0,0,0,0,1,nan,nan,nan,17.634436415333766,nan,nan,nan
20555,1,5,5,0,0,0,0,941,0,0,0,0,0,0,1,nan,nan,nan,nan,nan,nan,nan
20556,1,5,5,0,0,0,0,941,0,0,0,0,0,0,1,nan,nan,nan,nan,nan,nan,nan
20557,1,5,5,0,0,0,0,941,0,0,0,0,0,0,1,nan,nan,nan,nan,nan,nan,nan
20558,1,5,5,0,0,0,0,941,0,0,0,0,0,0,1,nan,nan,nan,nan,nan,nan,nan
20559,1,5,5,0,0,0,0,941,0,0,0,0,0,0,1,nan,nan,nan,nan,nan,nan,nan
20560,1,5,5,0,0,0,0,941,0,0,0,0,0,0,1,nan,nan,nan,nan,nan,nan,nan
20561,1,5,5,0,0,0,0,941,0,0,0,0,0,0,1,nan,nan,nan,nan,nan,nan,nan
20562,1,5,5,0,0,0,0,941,0,0,0,0,0,0,1,nan,nan,nan,nan,nan,nan,nan
20563,1,5,5,0,0,0,0,941,0,0,0,0,0,0,1,nan,nan,nan,nan,nan,nan,nan
20564,1,5,5,0,0,0,0,941,0,0,0,0,0,0,1,nan,nan,nan,nan,nan,nan,nan
20565,1,5,5,0,0,0,0,941,2,2,0,0,0,0,1,11.87095496175607,17.614051479315094,nan,nan,nan,nan,nan
20566,1,5,5,1,0,0,0,941,0,0,0,0,0,0,1,nan,nan,13.589036026791291,nan,nan,nan,nan
20567,1,5,5,1,0,0,0,941,0,0,0,0,0,1,0,nan,nan,nan,nan,nan,27.07439832950695,nan
20568,1,5,5,1,0,0,0,941,0,0,0,0,0,1,0,nan,nan,nan,nan,nan,nan,nan
20569,1,5,5,1,0,0,0,941,0,0,0,0,0,1,0,nan,nan,nan,nan,nan,nan,nan
20570,1,5,5,1,0,0,0,941,0,0,0,0,0,1,0,nan,nan,nan,nan,nan,nan,nan
20571,1,5,5,1,0,0,0,941,0,0,0,0,1,0,0,nan,nan,nan,nan,19.481573430257413,nan,nan
20572,1,5,5,0,0,0,0,941,0,0,0,0,0,0,0,nan,nan,nan,18.50830032066733,nan,nan,nan
20573,1,5,5,0,0,0,0,941,0,0,0,0,0,0,0,nan,nan,nan,nan,nan,nan,nan
20574,1,5,5,0,0,0,0,941,0,0,0,0,0,0,0,nan,nan,nan,nan,nan,nan,nan
20575,1,5,5,0,0,0,0,941,0,0,0,0,0,0,0,nan,nan,nan,nan,nan,nan,nan
20576,1,5,5,0,0,0,0,941,0,0,0,0,0,0,0,nan,nan,nan,nan,nan,nan,nan
20577,1,5,5,0,0,0,0,941,0,0,0,0,0,0,0,nan,nan,nan,nan,nan,nan,nan
20578,1,5,5,0,0,0,0,941,0,0,0,0,0,0,0,nan,nan,nan,nan,nan,nan,nan
20579,1,5,5,0,0,0,0,941,0,0,0,0,0,0,0,nan,nan,nan,nan,nan,nan,nan
20580,1,5,5,0,0,0,0,941,0,0,0,0,0,0,0,nan,nan,nan,nan,nan,nan,nan
20581,1,5,5,0,0,0,0,941,0,0,0,0,0,0,0,nan,nan,nan,nan,nan,nan,nan
20582,1,5,5,0,0,0,0,941,0,0,0,0,0,0,0,nan,nan,nan,nan,nan,nan,nan
20583,1,5,5,0,0,0,0,941,0,2,0,0,0,0,0,nan,17.836058959681395,nan,nan,nan,nan,nan
20584,1,5,5,0,0,0,0,941,0,2,0,0,0,0,0,nan,nan,nan,nan,nan,nan,nan
20585,1,5,5,0,0,1,0,941,0,2,0,0,1,0,0,nan,nan,nan,nan,14.452075292552763,nan,nan
20586,1,5,5,0,0,1,0,941,0,2,0,0,1,0,0,nan,nan,nan,nan,nan,nan,nan
20587,1,5,5,0,0,1,0,941,0,2,0,0,1,0,0,nan,nan,nan,nan,nan,nan,nan
20588,1,5,5,0,0,1,0,941,2,2,0,1,0,0,0,22.406000284503534,nan,nan,15.971175294289424,nan,nan,nan
20589,1,5,5,0,0,0,1,941,0,0,0,0,0,0,0,nan,nan,23.24831336911302,nan,nan,22.257157739062677,nan
20590,1,5,5,0,0,0,1,941,0,0,0,0,0,0,0,nan,nan,nan,nan,nan,nan,nan
20591,1,5,5,0,0,0,0,942,0,0,0,0,0,0,0,nan,nan,nan,nan,nan,nan,41.068162357030815
20592,1,5,5,0,0,0,0,942,0,0,0,0,0,0,0,nan,nan,nan,nan,nan,nan,nan
20593,1,5,5,0,0,0,0,942,0,0,0,0,0,0,0,nan,nan,nan,nan,nan,nan,nan
20594,1,5,5,0,0,0,0,942,0,0,0,0,0,0,0,nan,nan,nan,nan,nan,nan,nan
20595,1,5,5,0,0,0,0,942,0,0,0,0,0,0,0,nan,nan,nan,nan,nan,nan,nan
20596,1,5,5,0,0,0,0,942,0,0,0,0,0,0,0,nan,nan,nan,nan,nan,nan,nan
20597,1,5,5,0,0,0,0,942,0,0,0,0,0,0,0,nan,nan,nan,nan,nan,nan,nan
20598,1,5,5,0,0,0,0,942,0,0,0,0,0,0,0,nan,nan,nan,nan,nan,nan,nan
20599,1,5,5,0,0,0,0,942,0,2,0,0,0,0,0,nan,16.115619697746297,nan,nan,nan,nan,nan
20600,1,5,5,0,0,0,0,942,0,2,0,0,0,0,0,nan,nan,nan,nan,nan,nan,nan
20601,1,5,5,0,0,0,0,942,0,2,0,0,0,0,0,nan,nan,nan,nan,nan,nan,nan
20602,1,5,5,0,1,0,0,942,0,2,0,1,0,0,0,nan,nan,nan,13.840512292445055,nan,nan,nan
20603,1,5,5,0,1,0,0,942,0,2,0,1,0,0,0,nan,nan,nan,nan,nan,nan,nan
20604,1,5,5,0,0,1,0,942,2,2,0,1,0,0,0,16.81073796527562,nan,nan,nan,18.975214940877777,nan,nan
20605,1,5,5,0,0,1,0,942,2,2,0,1,0,0,0,nan,nan,nan,nan,nan,nan,nan
20606,1,5,5,0,0,1,0,942,2,2,0,1,0,0,0,nan,nan,nan,nan,nan,nan,nan
20607,1,5,5,0,0,1,0,943,2,2,0,1,0,0,1,nan,nan,nan,nan,nan,nan,15.632004169819993
20608,1,5,5,0,0,1,0,943,2,2,0,1,0,0,1,nan,nan,nan,nan,nan,nan,nan
20609,1,5,5,0,0,1,0,943,2,2,0,1,0,0,1,nan,nan,nan,nan,nan,nan,nan
20610,1,5,5,0,0,1,0,943,2,2,0,1,0,0,1,nan,nan,nan,nan,nan,nan,nan
20611,1,5,5,0,0,1,0,943,2,2,0,1,0,0,1,nan,nan,nan,nan,nan,nan,nan
20612,1,5,5,0,0,1,0,943,0,0,0,0,0,0,1,nan,nan,22.97044185923005,nan,nan,nan,nan
20613,1,5,5,0,0,1,0,943,0,0,0,0,0,0,1,nan,nan,nan,nan,nan,nan,nan
20614,1,5,5,0,0,1,0,943,0,0,0,0,0,0,1,nan,nan,nan,nan,nan,nan,nan
20615,1,5,5,0,0,1,0,943,0,0,0,0,0,0,1,nan,nan,nan,nan,nan,nan,nan
20616,1,5,5,0,0,1,0,943,0,0,0,0,0,0,1,nan,nan,nan,nan,nan,nan,nan
20617,1,5,5,0,0,2,0,943,0,0,0,0,1,0,1,nan,nan,nan,nan,12.579432018257648,nan,nan
20618,1,5,5,0,0,2,0,943,0,0,0,0,1,0,1,nan,nan,nan,nan,nan,nan,nan
20619,1,5,5,0,0,2,0,943,0,0,0,0,1,0,1,nan,nan,nan,nan,nan,nan,nan
20620,1,5,5,0,0,2,0,943,0,0,0,0,1,0,1,nan,nan,nan,nan,nan,nan,nan
20621,1,5,5,0,0,2,0,943,0,0,0,0,1,0,1,nan,nan,nan,nan,nan,nan,nan
20622,1,5,5,0,0,2,0,943,2,0,0,0,1,0,1,17.7886253805882,nan,nan,nan,nan,nan,nan
20623,1,5,5,0,0,2,0,943,2,0,0,0,1,0,1,nan,nan,nan,nan,nan,nan,nan
20624,1,5,5,0,0,2,0,943,2,0,0,0,1,0,1,nan,nan,nan,nan,nan,nan,nan
20625,1,5,5,0,0,2,0,943,2,0,0,0,1,0,1,nan,nan,nan,nan,nan,nan,nan
20626,1,5,5,0,0,2,0,943,2,0,0,0,1,0,1,nan,nan,nan,nan,nan,nan,nan
20627,1,5,5,0,0,2,0,943,2,0,0,0,1,0,1,nan,nan,nan,nan,nan,nan,nan
20628,1,5,5,0,0,2,0,943,2,0,0,0,1,0,1,nan,nan,nan,nan,nan,nan,nan
20629,1,5,5,0,0,2,0,943,2,0,0,0,1,0,1,nan,nan,nan,nan,nan,nan,nan
20630,1,5,5,0,0,1,0,943,2,0,0,0,1,0,0,nan,nan,nan,nan,nan,40.840635140863014,nan
20631,1,5,5,0,0,1,0,943,2,0,0,0,1,0,0,nan,nan,nan,nan,nan,nan,nan
20632,1,5,5,0,0,1,0,943,2,0,0,0,1,0,0,nan,nan,nan,nan,nan,nan,nan
20633,1,5,5,0,0,1,0,943,2,0,0,0,1,0,0,nan,nan,nan,nan,nan,nan,nan
20634,1,5,5,0,0,1,0,943,2,0,0,1,0,0,0,nan,nan,nan,32.250776729153586,nan,nan,nan
20635,1,5,4,0,0,1,0,943,2,0,0,0,0,0,0,nan,nan,22.530055165065278,nan,nan,nan,nan
20636,1,5,5,0,0,1,0,943,0,0,0,0,0,0,0,nan,36.97621235569386,nan,nan,nan,nan,nan
20637,1,5,5,0,0,1,0,943,0,0,0,0,0,0,0,nan,nan,nan,nan,nan,nan,nan
20638,1,5,5,0,0,1,0,943,0,0,0,0,0,0,0,nan,nan,nan,nan,nan,nan,nan
20639,1,5,5,0,0,1,0,943,0,0,0,0,0,0,0,nan,nan,nan,nan,nan,nan,nan
20640,1,5,5,0,0,1,0,943,0,0,0,0,0,0,0,nan,nan,nan,nan,nan,nan,nan
20641,1,5,5,0,0,1,0,943,0,0,0,0,0,0,0,nan,nan,nan,nan,nan,nan,nan
20642,1,5,5,0,0,1,0,943,0,0,0,0,0,0,0,nan,nan,nan,nan,nan,nan,nan
20643,1,5,5,0,0,1,0,943,0,0,0,0,0,0,0,nan,nan,nan,nan,nan,nan,nan
20644,1,5,5,0,0,1,0,943,0,0,0,0,0,0,0,nan,nan,nan,nan,nan,nan,nan
20645,1,5,5,0,0,1,0,944,0,0,0,0,0,0,1,nan,nan,nan,nan,nan,nan,38.669821215371485
20646,1,5,5,0,0,1,0,944,0,0,0,0,0,0,1,nan,nan,nan,nan,nan,nan,nan
20647,1,5,5,0,0,1,0,944,0,0,0,0,0,0,1,nan,nan,nan,nan,nan,nan,nan
20648,1,5,5,0,0,1,0,944,0,0,0,0,0,0,1,nan,nan,nan,nan,nan,nan,nan
20649,1,5,5,0,0,1,0,944,0,0,0,0,0,0,1,nan,nan,nan,nan,nan,nan,nan
20650,1,5,5,0,0,2,0,944,0,0,0,0,1,0,1,nan,nan,nan,nan,32.70499049674618,nan,nan
20651,1,5,5,0,0,2,0,944,0,0,0,0,1,0,1,nan,nan,nan,nan,nan,nan,nan
20652,1,5,5,0,0,2,0,944,0,0,0,0,1,0,1,nan,nan,nan,nan,nan,nan,nan
20653,1,5,5,0,0,2,0,944,0,2,0,0,1,0,1,nan,17.274794747027045,nan,nan,nan,nan,nan
20654,1,5,5,0,0,2,0,944,0,2,0,0,1,0,1,nan,nan,nan,nan,nan,nan,nan
20655,1,5,5,0,0,2,0,944,0,2,0,0,1,0,1,nan,nan,nan,nan,nan,nan,nan
20656,1,5,5,0,0,1,0,944,0,2,0,0,1,0,0,nan,nan,nan,nan,nan,25.79983736385475,nan
20657,1,5,5,0,0,1,0,944,0,2,0,0,1,0,0,nan,nan,nan,nan,nan,nan,nan
20658,1,5,5,0,0,1,0,944,0,2,0,0,1,0,0,nan,nan,nan,nan,nan,nan,nan
20659,1,5,5,0,0,1,0,944,0,2,0,1,0,0,0,nan,nan,nan,24.483452174506965,nan,nan,nan
20660,1,5,5,0,0,1,0,944,0,2,0,1,0,0,0,nan,nan,nan,nan,nan,nan,nan
20661,1,5,5,0,0,1,0,944,0,2,0,1,0,0,0,nan,nan,nan,nan,nan,nan,nan
20662,1,5,5,0,0,1,0,944,0,2,0,1,0,0,0,nan,nan,nan,nan,nan,nan,nan
20663,1,5,5,0,0,1,0,944,0,2,0,1,0,0,0,nan,nan,nan,nan,nan,nan,nan
20664,1,5,5,0,0,1,0,944,2,2,0,1,0,0,0,41.9526140679518,nan,nan,nan,nan,nan,nan
20665,1,5,5,0,0,1,0,944,2,2,0,1,0,0,0,nan,nan,nan,nan,nan,nan,nan
20666,1,5,5,0,0,1,0,944,2,2,0,1,0,0,0,nan,nan,nan,nan,nan,nan,nan
20667,1,5,5,0,0,0,1,944,2,2,0,1,0,0,0,nan,nan,nan,nan,nan,10.822869522737165,nan
20668,1,5,5,0,0,0,1,944,2,2,0,1,0,0,0,nan,nan,nan,nan,nan,nan,nan
20669,1,5,5,0,0,0,1,944,2,2,0,1,0,0,0,nan,nan,nan,nan,nan,nan,nan
20670,1,5,5,0,0,0,1,944,2,2,0,1,0,0,0,nan,nan,nan,nan,nan,nan,nan
20671,1,5,5,0,0,0,1,944,2,2,0,1,0,0,0,nan,nan,nan,nan,nan,nan,nan
20672,1,5,5,0,0,0,1,944,0,0,0,0,0,0,0,nan,nan,36.72357401150293,nan,nan,nan,nan
20673,1,5,5,0,0,0,1,944,0,0,0,0,0,0,0,nan,nan,nan,nan,nan,nan,nan
20674,1,5,5,0,0,0,1,944,0,0,0,0,0,0,0,nan,nan,nan,nan,nan,nan,nan
20675,1,5,5,0,0,0,1,944,0,0,0,0,0,0,0,nan,nan,nan,nan,nan,nan,nan
20676,1,5,5,0,0,0,1,944,0,0,0,0,0,0,0,nan,nan,nan,nan,nan,nan,nan
20677,1,5,5,0,0,0,1,944,0,0,0,0,0,0,0,nan,nan,nan,nan,nan,nan,nan
20678,1,5,5,0,0,0,1,944,0,0,0,0,0,0,0,nan,nan,nan,nan,nan,nan,nan
20679,1,5,5,0,0,0,1,944,0,0,0,0,0,0,0,nan,nan,nan,nan,nan,nan,nan
20680,1,5,5,0,0,0,0,945,0,0,0,0,0,0,0,nan,nan,nan,nan,nan,nan,34.20378379865724
20681,1,5,5,0,0,0,0,945,0,0,0,0,0,0,0,nan,nan,nan,nan,nan,nan,nan
20682,1,5,5,0,0,0,0,945,0,0,0,0,0,0,0,nan,nan,nan,nan,nan,nan,nan
20683,1,5,5,0,0,0,0,945,0,0,0,0,0,0,0,nan,nan,nan,nan,nan,nan,nan
20684,1,5,5,0,0,0,0,945,0,2,0,0,0,0,0,nan,30.57635107461101,nan,nan,nan,nan,nan
20685,1,5,5,0,0,0,0,945,0,2,0,0,0,0,0,nan,nan,nan,nan,nan,nan,nan
20686,1,5,5,0,0,0,0,945,0,2,0,0,0,0,0,nan,nan,nan,nan,nan,nan,nan
20687,1,5,5,0,1,0,0,945,0,2,0,1,0,0,0,nan,nan,nan,28.00452543953361,nan,nan,nan
20688,1,5,5,0,1,0,1,945,0,2,0,1,0,1,0,nan,nan,nan,nan,nan,21.312013165690587,nan
20689,1,5,5,0,1,0,1,945,0,2,0,1,0,1,0,nan,nan,nan,nan,nan,nan,nan
20690,1,5,5,0,1,0,1,945,0,2,0,1,0,1,0,nan,nan,nan,nan,nan,nan,nan
20691,1,5,5,0,1,0,1,945,0,2,0,1,0,1,0,nan,nan,nan,nan,nan,nan,nan
20692,1,5,5,0,1,0,1,945,0,2,0,1,0,1,0,nan,nan,nan,nan,nan,nan,nan
20693,1,5,5,0,1,0,1,945,0,2,0,1,0,1,0,nan,nan,nan,nan,nan,nan,nan
20694,1,5,5,0,1,0,1,945,0,2,0,1,0,1,0,nan,nan,nan,nan,nan,nan,nan
20695,1,4,5,0,0,0,0,946,0,0,0,0,0,0,0,nan,nan,23.34788989934532,nan,45.12629035718055,nan,15.308285002600314
20696,1,4,5,0,0,0,0,946,0,0,0,0,0,0,0,nan,nan,nan,nan,nan,nan,nan
20697,1,4,5,0,0,0,0,946,0,0,0,0,0,0,0,nan,nan,nan,nan,nan,nan,nan
20698,1,4,5,0,0,0,0,946,0,0,0,0,0,0,0,nan,nan,nan,nan,nan,nan,nan
20699,1,4,5,0,0,0,0,946,0,0,0,0,0,0,0,nan,nan,nan,nan,nan,nan,nan
20700,1,5,5,0,0,0,0,946,0,0,0,0,0,0,0,36.29590249160901,nan,nan,nan,nan,nan,nan
20701,1,5,5,0,0,0,0,946,0,0,0,0,0,0,0,nan,nan,nan,nan,nan,nan,nan
20702,1,5,5,0,0,0,0,946,0,0,0,0,0,0,0,nan,nan,nan,nan,nan,nan,nan
20703,1,5,5,0,0,0,0,946,0,0,0,0,0,0,0,nan,nan,nan,nan,nan,nan,nan
20704,1,5,5,0,0,0,0,946,0,0,0,0,0,0,0,nan,nan,nan,nan,nan,nan,nan
20705,1,5,5,0,0,0,0,946,0,0,0,0,0,0,0,nan,nan,nan,nan,nan,nan,nan
20706,1,5,5,0,0,0,0,946,0,0,0,0,0,0,0,nan,nan,nan,nan,nan,nan,nan
20707,1,5,5,0,1,0,0,946,0,0,0,1,0,0,0,nan,nan,nan,19.797739572808496,nan,nan,nan
20708,1,5,5,0,0,1,0,946,0,0,0,1,0,0,0,nan,nan,nan,nan,13.025557499317074,nan,nan
20709,1,5,4,0,0,1,0,946,0,0,0,0,0,0,0,nan,nan,14.282984768819006,nan,nan,nan,nan
20710,1,4,5,0,0,1,0,946,0,0,0,0,0,0,0,nan,25.83892760065646,nan,nan,nan,nan,nan
20711,1,4,5,0,0,0,1,946,0,0,0,0,0,0,0,nan,nan,nan,nan,nan,22.669388292772055,nan
20712,1,4,5,0,0,0,1,946,0,0,0,0,0,0,0,nan,nan,nan,nan,nan,nan,nan
20713,1,4,5,0,0,0,1,946,0,0,0,0,0,0,0,nan,nan,nan,nan,nan,nan,nan
20714,1,4,5,0,0,0,1,946,0,0,0,0,0,0,0,nan,nan,nan,nan,nan,nan,nan
20715,1,4,5,0,0,0,1,946,0,0,0,0,0,0,0,nan,nan,nan,nan,nan,nan,nan
20716,1,4,5,0,0,0,1,946,0,0,0,0,0,0,0,nan,nan,nan,nan,nan,nan,nan
20717,1,4,5,0,0,0,0,947,0,0,0,0,0,0,0,nan,nan,nan,nan,nan,nan,22.63127839203662
20718,1,4,5,0,0,1,0,947,0,0,0,0,1,0,0,nan,nan,nan,nan,9.906075759248779,nan,nan
20719,1,4,5,0,0,1,0,947,0,0,0,0,1,0,0,nan,nan,nan,nan,nan,nan,nan
20720,1,4,5,0,0,1,0,947,0,0,0,0,1,0,0,nan,nan,nan,nan,nan,nan,nan
20721,1,4,5,0,0,0,1,947,0,0,0,0,1,0,0,nan,nan,nan,nan,nan,10.25798900418522,nan
20722,1,4,5,0,0,0,1,947,0,0,0,0,1,0,0,nan,nan,nan,nan,nan,nan,nan
20723,1,4,5,0,0,0,1,947,0,0,0,1,0,0,0,nan,nan,nan,15.972172756664804,nan,nan,nan
20724,1,5,5,0,0,0,1,947,0,2,0,1,0,0,0,23.438695514254505,14.190924550530326,nan,nan,nan,nan,nan
20725,1,5,5,0,0,0,1,947,0,2,0,1,0,0,0,nan,nan,nan,nan,nan,nan,nan
20726,1,5,5,0,0,0,1,947,0,2,0,1,0,0,0,nan,nan,nan,nan,nan,nan,nan
20727,1,5,5,0,0,0,1,947,0,2,0,1,0,0,0,nan,nan,nan,nan,nan,nan,nan
20728,1,5,5,0,0,0,1,947,0,2,0,1,0,0,0,nan,nan,nan,nan,nan,nan,nan
20729,1,5,5,0,0,0,1,947,0,2,0,1,0,0,0,nan,nan,nan,nan,nan,nan,nan
20730,1,5,5,0,0,0,1,947,0,2,0,1,0,0,0,nan,nan,nan,nan,nan,nan,nan
20731,1,4,5,0,0,0,0,948,0,0,0,0,0,0,0,nan,nan,21.874473779975233,nan,nan,nan,13.890240724824253
20732,1,4,5,0,0,0,0,948,0,0,0,0,0,0,0,nan,nan,nan,nan,nan,nan,nan
20733,1,4,5,0,0,0,0,948,0,0,0,0,0,0,0,nan,nan,nan,nan,nan,nan,nan
20734,1,4,5,0,0,0,0,948,0,0,0,0,0,0,0,nan,nan,nan,nan,nan,nan,nan
20735,1,4,5,0,0,0,0,948,0,0,0,0,0,0,0,nan,nan,nan,nan,nan,nan,nan
20736,1,4,5,0,0,0,0,948,0,0,0,0,0,0,0,nan,nan,nan,nan,nan,nan,nan
20737,1,4,5,0,0,0,0,948,0,0,0,0,0,0,0,nan,nan,nan,nan,nan,nan,nan
20738,1,4,5,0,0,0,0,948,0,0,0,0,0,0,0,nan,nan,nan,nan,nan,nan,nan
20739,1,4,5,0,0,1,0,948,0,0,0,0,1,0,0,nan,nan,nan,nan,21.077448627253034,nan,nan
20740,1,4,5,0,0,1,0,948,0,0,0,0,1,0,0,nan,nan,nan,nan,nan,nan,nan
20741,1,4,5,0,0,1,0,948,0,0,0,0,1,0,0,nan,nan,nan,nan,nan,nan,nan
20742,1,4,5,0,0,1,0,948,0,0,0,0,1,0,0,nan,nan,nan,nan,nan,nan,nan
20743,1,4,5,0,0,0,1,948,0,0,0,0,1,0,0,nan,nan,nan,nan,nan,22.039664907824772,nan
20744,1,4,5,0,0,0,1,948,0,0,0,0,1,0,0,nan,nan,nan,nan,nan,nan,nan
20745,1,4,5,0,0,0,1,948,0,0,0,0,1,0,0,nan,nan,nan,nan,nan,nan,nan
20746,1,4,5,0,0,0,1,948,0,0,0,0,1,0,0,nan,nan,nan,nan,nan,nan,nan
20747,1,4,5,0,0,0,1,948,0,0,0,1,0,0,0,nan,nan,nan,24.727346400351962,nan,nan,nan
20748,1,4,5,0,0,0,1,948,0,2,0,1,0,0,0,nan,23.77687190184224,nan,nan,nan,nan,nan
20749,1,4,5,0,0,0,1,948,0,2,0,1,0,0,0,nan,nan,nan,nan,nan,nan,nan
20750,1,4,5,0,0,0,1,948,0,2,0,1,0,0,0,nan,nan,nan,nan,nan,nan,nan
20751,1,4,5,0,0,0,1,948,0,2,0,1,0,0,0,nan,nan,nan,nan,nan,nan,nan
20752,1,5,5,0,0,0,1,948,0,2,0,1,0,0,0,27.90290352250304,nan,nan,nan,nan,nan,nan
20753,1,5,5,0,0,0,1,948,0,2,0,1,0,0,0,nan,nan,nan,nan,nan,nan,nan
20754,1,5,5,0,0,0,0,949,0,2,0,1,0,0,0,nan,nan,nan,nan,nan,nan,22.257640471780178
20755,1,5,5,0,0,0,1,949,0,2,0,1,0,1,0,nan,nan,nan,nan,nan,11.631529859576403,nan
20756,1,5,5,0,0,0,1,949,0,2,0,1,0,1,0,nan,nan,nan,nan,nan,nan,nan
20757,1,5,5,0,0,0,1,949,0,2,0,1,0,1,0,nan,nan,nan,nan,nan,nan,nan
20758,1,5,5,0,0,0,1,949,0,2,0,1,0,1,0,nan,nan,nan,nan,nan,nan,nan
20759,1,5,5,0,0,0,1,949,0,2,0,1,0,1,0,nan,nan,nan,nan,nan,nan,nan
20760,1,5,5,0,0,0,1,949,0,2,0,1,0,1,0,nan,nan,nan,nan,nan,nan,nan
20761,1,5,5,0,0,0,1,949,0,2,0,1,0,1,0,nan,nan,nan,nan,nan,nan,nan
20762,1,4,5,0,0,0,1,949,0,0,0,0,1,0,0,nan,nan,30.478040276375395,nan,23.128222953244403,nan,nan
20763,1,4,5,0,0,0,1,949,0,0,0,0,1,0,0,nan,nan,nan,nan,nan,nan,nan
20764,1,4,5,0,0,0,1,949,0,0,0,0,1,0,0,nan,nan,nan,nan,nan,nan,nan
20765,1,4,5,0,0,0,1,949,0,0,0,0,1,0,0,nan,nan,nan,nan,nan,nan,nan
20766,1,4,5,0,0,0,1,949,0,0,0,0,1,0,0,nan,nan,nan,nan,nan,nan,nan
20767,1,4,5,0,0,0,1,949,0,0,0,0,1,0,0,nan,nan,nan,nan,nan,nan,nan
20768,1,4,5,0,0,0,1,949,0,0,0,0,1,0,0,nan,nan,nan,nan,nan,nan,nan
20769,1,4,5,0,0,0,1,949,0,0,0,0,1,0,0,nan,nan,nan,nan,nan,nan,nan
20770,1,4,5,0,0,0,0,950,0,0,0,0,1,0,0,nan,nan,nan,nan,nan,nan,16.45366915809791
20771,1,4,5,0,0,0,0,950,0,0,0,0,1,0,0,nan,nan,nan,nan,nan,nan,nan
20772,1,4,5,0,0,0,0,950,0,0,0,0,1,0,0,nan,nan,nan,nan,nan,nan,nan
20773,1,4,5,0,0,0,0,950,0,0,0,0,1,0,0,nan,nan,nan,nan,nan,nan,nan
20774,1,4,5,0,0,0,0,950,0,0,0,0,1,0,0,nan,nan,nan,nan,nan,nan,nan
20775,1,4,5,0,0,0,0,950,0,0,0,0,1,0,0,nan,nan,nan,nan,nan,nan,nan
20776,1,4,5,0,0,0,0,950,0,0,0,0,1,0,0,nan,nan,nan,nan,nan,nan,nan
20777,1,4,5,0,0,0,0,950,0,2,0,0,1,0,0,nan,29.100941349843197,nan,nan,nan,nan,nan
20778,1,4,5,0,0,0,0,950,0,2,0,0,1,0,0,nan,nan,nan,nan,nan,nan,nan
20779,1,3,5,1,0,0,1,950,0,0,0,0,1,1,0,nan,nan,17.940874497769983,nan,nan,24.274104192201776,nan
20780,1,3,5,1,0,0,1,950,0,0,0,0,1,1,0,nan,nan,nan,nan,nan,nan,nan
20781,1,4,5,1,0,0,1,950,0,0,0,0,1,1,0,29.068303771138744,nan,nan,nan,nan,nan,nan
20782,1,4,5,1,0,0,1,950,0,0,0,0,1,1,0,nan,nan,nan,nan,nan,nan,nan
20783,1,4,5,1,0,0,1,950,0,0,0,0,1,1,0,nan,nan,nan,nan,nan,nan,nan
20784,1,4,5,1,0,0,1,950,0,0,0,0,1,1,0,nan,nan,nan,nan,nan,nan,nan
20785,1,4,5,0,0,0,1,950,0,0,0,0,0,1,0,nan,nan,nan,37.82863206744878,nan,nan,nan
20786,1,4,5,0,0,0,1,950,0,0,0,0,0,1,0,nan,nan,nan,nan,nan,nan,nan
20787,1,4,5,0,0,0,1,950,0,0,0,0,0,1,0,nan,nan,nan,nan,nan,nan,nan
20788,1,4,5,0,0,0,1,950,0,0,0,0,0,1,0,nan,nan,nan,nan,nan,nan,nan
20789,1,4,5,0,0,0,1,950,0,0,0,0,0,1,0,nan,nan,nan,nan,nan,nan,nan
20790,1,4,5,0,0,0,1,950,0,0,0,0,0,1,0,nan,nan,nan,nan,nan,nan,nan
20791,1,4,5,0,0,0,1,950,0,0,0,0,0,1,0,nan,nan,nan,nan,nan,nan,nan
20792,1,4,5,0,0,0,1,950,0,0,0,0,0,1,0,nan,nan,nan,nan,nan,nan,nan
20793,1,4,5,0,0,0,1,950,0,0,0,0,0,1,0,nan,nan,nan,nan,nan,nan,nan
20794,1,4,4,1,0,0,1,950,0,0,0,0,0,1,0,nan,nan,14.709191938298318,nan,nan,nan,nan
20795,1,4,4,1,0,0,1,950,0,0,0,0,0,1,0,nan,nan,nan,nan,nan,nan,nan
20796,1,4,4,1,0,0,1,950,0,0,0,0,0,1,0,nan,nan,nan,nan,nan,nan,nan
20797,1,4,4,1,0,0,1,950,0,0,0,0,0,1,0,nan,nan,nan,nan,nan,nan,nan
20798,1,3,5,1,0,0,1,950,0,0,0,0,0,1,0,nan,20.842327348680556,nan,nan,nan,nan,nan
20799,1,3,5,1,0,0,1,950,0,0,0,0,0,1,0,nan,nan,nan,nan,nan,nan,nan
20800,1,3,5,1,0,0,1,950,0,0,0,0,0,1,0,nan,nan,nan,nan,nan,nan,nan
20801,1,3,5,1,0,0,1,950,0,0,0,0,0,1,0,nan,nan,nan,nan,nan,nan,nan
20802,1,3,5,1,0,0,1,950,0,0,0,0,1,0,0,nan,nan,nan,nan,40.36943065112064,nan,nan
20803,1,3,5,1,0,0,1,950,0,0,0,0,1,0,0,nan,nan,nan,nan,nan,nan,nan
20804,1,4,5,1,0,0,0,951,0,0,0,0,1,0,0,23.660823846697895,nan,nan,nan,nan,nan,33.61650724045103
20805,1,4,5,1,0,0,0,951,0,0,0,0,1,0,0,nan,nan,nan,nan,nan,nan,nan
20806,1,4,5,1,0,0,0,951,0,0,0,0,1,0,0,nan,nan,nan,nan,nan,nan,nan
20807,1,4,4,2,0,0,0,951,0,0,0,0,1,0,0,nan,nan,13.180931020553544,nan,nan,nan,nan
20808,1,4,4,2,0,0,0,951,0,0,0,0,1,0,0,nan,nan,nan,nan,nan,nan,nan
20809,1,4,4,2,0,0,0,951,0,0,0,0,1,0,0,nan,nan,nan,nan,nan,nan,nan
20810,1,4,4,2,0,0,0,951,0,0,0,0,1,0,0,nan,nan,nan,nan,nan,nan,nan
20811,1,4,4,2,0,0,0,951,0,0,0,0,1,0,0,nan,nan,nan,nan,nan,nan,nan
20812,1,4,4,2,0,0,0,951,0,0,0,0,1,0,0,nan,nan,nan,nan,nan,nan,nan
20813,1,4,4,2,0,0,0,951,0,0,0,0,1,0,0,nan,nan,nan,nan,nan,nan,nan
20814,1,4,4,2,0,0,0,951,0,0,0,0,1,0,0,nan,nan,nan,nan,nan,nan,nan
20815,1,4,4,2,0,0,0,951,0,0,0,0,1,0,0,nan,nan,nan,nan,nan,nan,nan
20816,1,4,4,2,0,0,0,951,0,0,0,0,1,0,0,nan,nan,nan,nan,nan,nan,nan
20817,1,4,5,1,0,0,0,951,0,0,0,0,0,0,0,12.507709569959843,18.99429700098335,nan,32.19506837526933,nan,nan,nan
20818,1,4,5,1,0,0,0,951,0,0,0,0,0,0,0,nan,nan,nan,nan,nan,nan,nan
20819,1,4,5,1,0,0,1,951,0,0,0,0,0,1,0,nan,nan,nan,nan,nan,40.5270247678709,nan
20820,1,4,5,1,0,0,1,951,0,0,0,0,0,1,0,nan,nan,nan,nan,nan,nan,nan
20821,1,4,5,1,0,0,1,951,0,0,0,0,0,1,0,nan,nan,nan,nan,nan,nan,nan
20822,1,4,5,1,0,0,1,951,0,0,0,0,0,1,0,nan,nan,nan,nan,nan,nan,nan
20823,1,4,5,1,0,0,1,951,0,0,0,0,0,1,0,nan,nan,nan,nan,nan,nan,nan
20824,1,4,5,1,0,0,1,951,0,0,0,0,0,1,0,nan,nan,nan,nan,nan,nan,nan
20825,1,4,5,1,0,0,0,952,0,0,0,0,0,1,0,nan,nan,nan,nan,nan,nan,21.24258296870903
20826,1,4,5,1,0,0,0,952,0,0,0,0,0,1,0,nan,nan,nan,nan,nan,nan,nan
20827,1,4,5,1,0,0,0,952,0,0,0,0,0,1,0,nan,nan,nan,nan,nan,nan,nan
20828,1,4,5,0,1,0,0,952,0,0,0,0,0,1,0,nan,nan,nan,10.727070501485287,nan,nan,nan
20829,1,4,4,1,0,0,0,952,0,0,0,0,0,0,0,nan,nan,21.906180199544906,nan,26.735531281996373,nan,nan
20830,1,4,4,1,0,0,0,952,0,0,0,0,0,0,0,nan,nan,nan,nan,nan,nan,nan
20831,1,4,4,1,0,0,0,952,0,0,0,0,0,0,0,nan,nan,nan,nan,nan,nan,nan
20832,1,4,4,1,0,0,0,952,0,0,0,0,0,0,0,nan,nan,nan,nan,nan,nan,nan
20833,1,5,4,1,0,0,0,952,0,0,0,0,0,0,0,15.750210204441828,nan,nan,nan,nan,nan,nan
20834,1,5,4,1,0,0,0,952,0,0,0,0,0,0,0,nan,nan,nan,nan,nan,nan,nan
20835,1,5,4,1,0,0,0,952,0,0,0,0,0,0,0,nan,nan,nan,nan,nan,nan,nan
20836,1,5,4,1,0,0,0,952,0,0,0,0,0,0,0,nan,nan,nan,nan,nan,nan,nan
20837,1,5,4,1,0,0,0,952,0,0,0,0,0,0,0,nan,nan,nan,nan,nan,nan,nan
20838,1,5,4,1,0,0,0,952,0,0,0,0,0,0,0,nan,nan,nan,nan,nan,nan,nan
20839,1,5,4,1,0,0,0,952,0,0,0,0,0,0,0,nan,nan,nan,nan,nan,nan,nan
20840,1,5,4,1,0,0,0,952,0,0,0,0,0,0,0,nan,nan,nan,nan,nan,nan,nan
20841,1,5,4,1,0,0,0,952,0,0,0,0,0,0,0,nan,nan,nan,nan,nan,nan,nan
20842,1,5,4,1,0,0,0,952,0,0,0,0,0,0,0,nan,nan,nan,nan,nan,nan,nan
20843,1,5,4,1,0,0,0,952,0,0,0,0,0,0,0,nan,nan,nan,nan,nan,nan,nan
20844,1,5,4,1,0,0,0,952,0,0,0,0,0,0,0,nan,nan,nan,nan,nan,nan,nan
20845,1,5,4,1,0,0,0,952,0,0,0,0,0,0,0,nan,nan,nan,nan,nan,nan,nan
20846,1,5,4,1,0,1,0,952,0,0,0,0,1,0,0,nan,nan,nan,nan,17.399098164158204,nan,nan
20847,1,5,4,0,0,1,0,952,0,0,0,0,0,0,0,nan,nan,nan,19.21249175376215,nan,nan,nan
20848,1,4,4,1,0,1,0,952,0,0,0,0,0,0,0,nan,31.147270350222243,19.124456421195646,nan,nan,nan,nan
20849,1,4,4,1,0,0,1,952,0,0,0,0,0,0,0,nan,nan,nan,nan,nan,29.48023026089504,nan
20850,1,4,4,1,0,0,1,952,0,0,0,0,0,0,0,nan,nan,nan,nan,nan,nan,nan
20851,1,4,4,1,0,0,1,952,0,0,0,0,0,0,0,nan,nan,nan,nan,nan,nan,nan
20852,1,4,4,1,0,0,1,952,0,0,0,0,0,0,0,nan,nan,nan,nan,nan,nan,nan
20853,1,4,4,1,0,0,1,952,0,0,0,0,0,0,0,nan,nan,nan,nan,nan,nan,nan
20854,1,4,4,1,0,0,1,952,0,0,0,0,0,0,0,nan,nan,nan,nan,nan,nan,nan
20855,1,4,4,1,0,0,0,953,0,0,0,0,0,0,0,nan,nan,nan,nan,nan,nan,30.108602138901915
20856,1,4,4,1,0,0,0,953,0,0,0,0,0,0,0,nan,nan,nan,nan,nan,nan,nan
20857,1,5,4,1,0,0,0,953,0,0,0,0,0,0,0,24.013243542947748,nan,nan,nan,nan,nan,nan
20858,1,5,4,1,0,0,0,953,0,0,0,0,0,0,0,nan,nan,nan,nan,nan,nan,nan
20859,1,4,5,1,0,0,0,953,0,0,0,0,0,0,0,nan,11.490279837966227,nan,nan,nan,nan,nan
20860,1,4,5,1,0,1,0,953,0,0,0,0,1,0,0,nan,nan,nan,nan,13.84744415367095,nan,nan
20861,1,4,5,1,0,0,1,953,0,0,0,0,1,0,0,nan,nan,nan,nan,nan,12.037833430877072,nan
20862,1,4,5,1,0,0,1,953,0,0,0,0,1,0,0,nan,nan,nan,nan,nan,nan,nan
20863,1,4,5,1,0,0,1,953,0,0,0,0,1,0,0,nan,nan,nan,nan,nan,nan,nan
20864,1,4,5,1,0,0,1,953,0,0,0,0,1,0,0,nan,nan,nan,nan,nan,nan,nan
20865,1,4,5,1,0,0,1,953,0,0,0,0,1,0,0,nan,nan,nan,nan,nan,nan,nan
20866,1,4,5,0,0,0,1,953,0,0,0,0,0,0,0,nan,nan,nan,19.086567394271697,nan,nan,nan
20867,1,4,4,1,0,0,1,953,0,0,0,0,0,0,0,nan,nan,18.844776067107887,nan,nan,nan,nan
20868,1,4,4,1,0,0,0,954,0,0,0,0,0,0,0,nan,nan,nan,nan,nan,nan,12.86238714216961
20869,1,4,5,1,0,0,0,954,0,0,0,0,0,0,0,12.229412588647392,9.836477359152923,nan,nan,nan,nan,nan
20870,1,4,5,1,0,0,0,954,0,0,0,0,0,0,0,nan,nan,nan,nan,nan,nan,nan
20871,1,4,5,1,0,0,0,954,0,0,0,0,0,0,0,nan,nan,nan,nan,nan,nan,nan
20872,1,4,5,1,0,0,0,954,0,0,0,0,0,0,0,nan,nan,nan,nan,nan,nan,nan
20873,1,4,5,1,0,0,0,954,0,0,0,0,0,0,0,nan,nan,nan,nan,nan,nan,nan
20874,1,4,5,1,0,0,0,954,0,0,0,0,0,0,0,nan,nan,nan,nan,nan,nan,nan
20875,1,4,5,1,0,0,0,954,0,0,0,0,0,0,0,nan,nan,nan,nan,nan,nan,nan
20876,1,4,5,1,0,0,1,954,0,0,0,0,0,1,0,nan,nan,nan,nan,nan,14.761167283624673,nan
20877,1,4,5,1,0,0,1,954,0,0,0,0,0,1,0,nan,nan,nan,nan,nan,nan,nan
20878,1,4,5,1,0,0,1,954,0,0,0,0,0,1,0,nan,nan,nan,nan,nan,nan,nan
20879,1,5,5,1,0,0,1,954,0,0,0,0,0,1,0,10.148758584564348,nan,nan,nan,nan,nan,nan
20880,1,5,5,1,0,0,1,954,0,0,0,0,0,1,0,nan,nan,nan,nan,nan,nan,nan
20881,1,5,5,1,0,0,1,954,0,0,0,0,0,1,0,nan,nan,nan,nan,nan,nan,nan
20882,1,5,5,1,0,0,1,954,0,0,0,0,0,1,0,nan,nan,nan,nan,nan,nan,nan
20883,1,5,5,1,0,0,1,954,0,0,0,0,0,1,0,nan,nan,nan,nan,nan,nan,nan
20884,1,5,5,1,0,0,1,954,0,0,0,0,0,1,0,nan,nan,nan,nan,nan,nan,nan
20885,1,5,5,1,0,0,1,954,0,0,0,0,0,1,0,nan,nan,nan,nan,nan,nan,nan
20886,1,5,5,0,1,0,1,954,0,0,0,0,0,1,0,nan,nan,nan,19.44844051085238,nan,nan,nan
20887,1,5,4,1,1,0,1,954,0,0,0,0,0,1,0,nan,nan,19.388545751608035,nan,nan,nan,nan
20888,1,4,5,1,1,0,1,954,0,0,0,0,0,1,0,nan,18.603101623535622,nan,nan,nan,nan,nan
20889,1,4,5,1,1,0,1,954,0,0,0,0,0,1,0,nan,nan,nan,nan,nan,nan,nan
20890,1,4,5,1,1,0,1,954,0,0,0,0,0,1,0,nan,nan,nan,nan,nan,nan,nan
20891,1,4,5,1,0,0,1,954,0,0,0,0,0,0,0,nan,nan,nan,nan,30.397292084991932,nan,nan
20892,1,4,5,1,0,0,1,954,0,0,0,0,0,0,0,nan,nan,nan,nan,nan,nan,nan
20893,1,5,5,1,0,0,0,955,0,0,0,0,0,0,0,13.876289683183131,nan,nan,nan,nan,nan,25.51193102922116
20894,1,5,5,1,0,0,0,955,0,0,0,0,0,0,0,nan,nan,nan,nan,nan,nan,nan
20895,1,5,5,1,0,0,0,955,0,0,0,0,0,0,0,nan,nan,nan,nan,nan,nan,nan
20896,1,5,5,1,0,0,0,955,0,0,0,0,0,0,0,nan,nan,nan,nan,nan,nan,nan
20897,1,5,5,1,0,0,0,955,0,0,0,0,0,0,0,nan,nan,nan,nan,nan,nan,nan
20898,1,5,5,1,0,0,0,955,0,0,0,0,0,0,0,nan,nan,nan,nan,nan,nan,nan
20899,1,5,5,0,1,0,0,955,0,0,0,0,0,0,0,nan,nan,nan,13.506980578684306,nan,nan,nan
20900,1,5,5,0,1,0,0,955,0,2,0,0,0,0,0,nan,12.089690016680834,nan,nan,nan,nan,nan
20901,1,5,5,0,1,0,0,955,0,2,0,0,0,0,0,nan,nan,nan,nan,nan,nan,nan
20902,1,5,5,0,1,0,0,955,0,2,0,0,0,0,0,nan,nan,nan,nan,nan,nan,nan
20903,1,4,5,1,1,0,0,955,0,0,0,0,0,0,0,nan,nan,16.0263343709521,nan,nan,nan,nan
20904,1,5,5,1,1,0,0,955,0,0,0,0,0,0,0,11.281312322549638,nan,nan,nan,nan,nan,nan
20905,1,5,5,1,1,0,1,955,0,0,0,0,0,1,0,nan,nan,nan,nan,nan,29.516752483868913,nan
20906,1,5,5,1,1,0,1,955,0,0,0,0,0,1,0,nan,nan,nan,nan,nan,nan,nan
20907,1,5,5,1,1,0,1,955,0,0,0,0,0,1,0,nan,nan,nan,nan,nan,nan,nan
20908,1,5,5,1,1,0,1,955,0,0,0,0,0,1,0,nan,nan,nan,nan,nan,nan,nan
20909,1,5,5,1,1,0,1,955,0,0,0,0,0,1,0,nan,nan,nan,nan,nan,nan,nan
20910,1,5,5,1,1,0,1,955,0,0,0,0,0,1,0,nan,nan,nan,nan,nan,nan,nan
20911,1,5,5,1,1,0,1,955,0,0,0,0,0,1,0,nan,nan,nan,nan,nan,nan,nan
20912,1,5,5,1,0,0,0,956,0,0,0,0,0,0,0,nan,nan,nan,nan,21.436191270156996,nan,18.7018095358726
20913,1,5,5,1,0,0,0,956,0,0,0,0,0,0,0,nan,nan,nan,nan,nan,nan,nan
20914,1,5,5,1,0,0,0,956,0,0,0,0,0,0,0,nan,nan,nan,nan,nan,nan,nan
20915,1,5,5,1,0,0,0,956,0,0,0,0,0,0,0,nan,nan,nan,nan,nan,nan,nan
20916,1,5,5,1,0,0,0,956,0,0,0,0,0,0,0,nan,nan,nan,nan,nan,nan,nan
20917,1,5,5,1,0,0,0,956,0,0,0,0,0,0,0,nan,nan,nan,nan,nan,nan,nan
20918,1,5,5,1,0,0,0,956,0,0,0,0,0,0,0,nan,nan,nan,nan,nan,nan,nan
20919,1,5,5,1,0,0,0,956,0,0,0,0,0,0,0,nan,nan,nan,nan,nan,nan,nan
20920,1,5,5,1,0,0,0,956,0,2,0,0,0,0,0,nan,19.80457378050778,nan,nan,nan,nan,nan
20921,1,5,5,1,0,0,0,956,2,2,0,0,0,0,0,16.634628567884647,nan,nan,nan,nan,nan,nan
20922,1,5,5,1,0,0,1,956,2,2,0,0,0,1,0,nan,nan,nan,nan,nan,17.0762098465093,nan
20923,1,5,5,1,0,0,1,956,2,2,0,0,0,1,0,nan,nan,nan,nan,nan,nan,nan
20924,1,5,5,1,0,0,0,957,2,2,0,0,0,1,0,nan,nan,nan,nan,nan,nan,11.958579015681607
20925,1,5,5,0,1,0,0,957,2,2,0,0,0,1,0,nan,nan,nan,25.978924923409068,nan,nan,nan
20926,1,5,5,0,1,0,0,957,2,2,0,0,0,1,0,nan,nan,nan,nan,nan,nan,nan
20927,1,5,5,0,1,0,0,957,2,2,0,0,0,1,0,nan,nan,nan,nan,nan,nan,nan
20928,1,5,5,0,1,0,0,957,2,2,0,0,0,1,0,nan,nan,nan,nan,nan,nan,nan
20929,1,5,5,0,1,0,0,957,2,2,0,0,0,1,0,nan,nan,nan,nan,nan,nan,nan
20930,1,5,5,0,1,0,0,957,2,2,0,0,0,1,0,nan,nan,nan,nan,nan,nan,nan
20931,1,5,5,0,1,0,0,957,2,2,0,0,0,1,0,nan,nan,nan,nan,nan,nan,nan
20932,1,5,5,0,1,0,0,957,2,2,0,0,0,1,0,nan,nan,nan,nan,nan,nan,nan
20933,1,5,5,0,1,0,0,957,2,2,0,0,0,1,0,nan,nan,nan,nan,nan,nan,nan
20934,1,5,5,0,1,0,0,957,2,2,0,0,0,1,0,nan,nan,nan,nan,nan,nan,nan
20935,1,5,5,0,1,0,0,957,2,2,0,0,0,1,0,nan,nan,nan,nan,nan,nan,nan
20936,1,5,5,0,1,0,0,957,2,2,0,0,0,1,0,nan,nan,nan,nan,nan,nan,nan
20937,1,5,5,0,1,0,0,957,2,2,0,0,0,1,0,nan,nan,nan,nan,nan,nan,nan
20938,1,5,5,0,1,0,0,957,2,2,0,0,0,1,0,nan,nan,nan,nan,nan,nan,nan
20939,1,5,5,0,1,0,0,957,2,2,0,0,0,1,0,nan,nan,nan,nan,nan,nan,nan
20940,1,5,5,1,1,0,0,957,0,0,0,0,0,1,0,nan,nan,37.07545169303921,nan,nan,nan,nan
20941,1,5,5,1,1,0,0,957,0,0,0,0,0,1,0,nan,nan,nan,nan,nan,nan,nan
20942,1,5,5,0,2,0,0,957,0,0,0,0,0,1,0,nan,nan,nan,16.483027080859756,nan,nan,nan
20943,1,5,5,0,1,0,0,958,0,0,0,0,0,0,1,nan,nan,nan,nan,31.33436689926384,nan,18.814440316858963
20944,1,5,5,0,1,0,0,958,0,0,0,0,0,0,1,nan,nan,nan,nan,nan,nan,nan
20945,1,5,5,0,1,0,0,958,0,0,0,0,0,0,1,nan,nan,nan,nan,nan,nan,nan
20946,1,5,5,0,1,0,0,958,0,0,0,0,0,0,1,nan,nan,nan,nan,nan,nan,nan
20947,1,5,5,0,1,0,0,958,0,0,0,0,0,0,1,nan,nan,nan,nan,nan,nan,nan
20948,1,5,5,0,1,0,0,958,0,0,0,0,0,0,1,nan,nan,nan,nan,nan,nan,nan
20949,1,5,5,0,1,0,0,958,0,0,0,0,0,0,1,nan,nan,nan,nan,nan,nan,nan
20950,1,5,5,0,1,0,0,958,0,0,0,0,0,0,1,nan,nan,nan,nan,nan,nan,nan
20951,1,5,5,0,1,0,0,958,0,0,0,0,0,0,1,nan,nan,nan,nan,nan,nan,nan
20952,1,5,5,0,1,0,0,958,0,0,0,0,0,0,1,nan,nan,nan,nan,nan,nan,nan
20953,1,5,5,0,1,0,0,958,0,0,0,0,0,0,1,nan,nan,nan,nan,nan,nan,nan
20954,1,5,5,0,1,0,0,958,2,0,0,0,0,0,1,32.950311787670216,nan,nan,nan,nan,nan,nan
20955,1,5,5,0,1,0,0,958,2,0,0,0,0,0,1,nan,nan,nan,nan,nan,nan,nan
20956,1,5,5,0,1,0,0,958,2,0,0,0,0,0,1,nan,nan,nan,nan,nan,nan,nan
20957,1,5,5,0,2,0,0,958,2,0,0,1,0,1,0,nan,nan,nan,15.510856702851015,nan,34.901496553713514,nan
20958,1,5,5,0,2,0,0,958,2,0,0,1,0,1,0,nan,nan,nan,nan,nan,nan,nan
20959,1,5,5,0,2,0,0,958,2,0,0,1,0,1,0,nan,nan,nan,nan,nan,nan,nan
20960,1,5,5,0,2,0,0,958,2,0,0,1,0,1,0,nan,nan,nan,nan,nan,nan,nan
20961,1,5,5,0,2,0,0,958,2,2,0,1,0,1,0,nan,41.03613383606353,nan,nan,nan,nan,nan
20962,1,5,5,0,2,0,0,958,2,2,0,1,0,1,0,nan,nan,nan,nan,nan,nan,nan
20963,1,5,5,0,2,0,0,958,2,2,0,1,0,1,0,nan,nan,nan,nan,nan,nan,nan
20964,1,5,5,0,2,0,0,958,2,2,0,1,0,1,0,nan,nan,nan,nan,nan,nan,nan
20965,1,5,5,0,1,0,0,958,0,0,0,0,0,0,0,nan,nan,25.32156845415011,nan,21.44103470086702,nan,nan
20966,1,5,5,0,1,0,0,958,0,0,0,0,0,0,0,nan,nan,nan,nan,nan,nan,nan
20967,1,5,5,0,1,0,0,958,0,0,0,0,0,0,0,nan,nan,nan,nan,nan,nan,nan
20968,1,5,5,0,1,0,0,958,0,0,0,0,0,0,0,nan,nan,nan,nan,nan,nan,nan
20969,1,5,5,0,1,0,0,958,0,0,0,0,0,0,0,nan,nan,nan,nan,nan,nan,nan
20970,1,5,5,0,1,0,0,958,0,0,0,0,0,0,0,nan,nan,nan,nan,nan,nan,nan
20971,1,5,5,0,1,0,0,958,0,0,0,0,0,0,0,nan,nan,nan,nan,nan,nan,nan
20972,1,5,5,0,1,0,0,958,0,0,0,0,0,0,0,nan,nan,nan,nan,nan,nan,nan
20973,1,5,5,0,1,0,0,958,0,0,0,0,0,0,0,nan,nan,nan,nan,nan,nan,nan
20974,1,5,5,0,1,0,0,958,0,0,0,0,0,0,0,nan,nan,nan,nan,nan,nan,nan
20975,1,5,5,0,1,0,0,958,0,0,0,0,0,0,0,nan,nan,nan,nan,nan,nan,nan
20976,1,5,5,0,2,0,0,958,2,0,0,1,0,0,0,21.823310139021487,nan,nan,18.8072714253467,nan,nan,nan
20977,1,5,5,0,2,0,0,958,2,0,0,1,0,0,0,nan,nan,nan,nan,nan,nan,nan
20978,1,5,5,0,2,0,0,958,2,0,0,1,0,0,0,nan,nan,nan,nan,nan,nan,nan
20979,1,5,5,0,2,0,0,958,2,0,0,1,0,0,0,nan,nan,nan,nan,nan,nan,nan
20980,1,5,5,0,2,0,0,958,2,0,0,1,0,0,0,nan,nan,nan,nan,nan,nan,nan
20981,1,5,5,0,2,0,0,958,2,2,0,1,0,0,0,nan,20.416684651641845,nan,nan,nan,nan,nan
20982,1,5,5,0,2,0,0,958,2,2,0,1,0,0,0,nan,nan,nan,nan,nan,nan,nan
20983,1,5,5,0,2,0,0,958,2,2,0,1,0,0,0,nan,nan,nan,nan,nan,nan,nan
20984,1,5,5,0,2,0,1,958,2,2,0,1,0,1,0,nan,nan,nan,nan,nan,26.446800794030423,nan
20985,1,5,5,0,2,0,1,958,2,2,0,1,0,1,0,nan,nan,nan,nan,nan,nan,nan
20986,1,5,5,0,2,0,1,958,2,2,0,1,0,1,0,nan,nan,nan,nan,nan,nan,nan
20987,1,5,5,0,1,0,1,958,2,2,0,1,0,0,0,nan,nan,nan,nan,22.60314564779401,nan,nan
20988,1,5,5,0,1,0,1,958,2,2,0,1,0,0,0,nan,nan,nan,nan,nan,nan,nan
20989,1,5,5,0,1,0,1,958,2,2,0,1,0,0,0,nan,nan,nan,nan,nan,nan,nan
20990,1,5,5,0,1,0,1,958,2,2,0,1,0,0,0,nan,nan,nan,nan,nan,nan,nan
20991,1,5,5,0,1,0,1,958,2,2,0,1,0,0,0,nan,nan,nan,nan,nan,nan,nan
20992,1,5,5,0,1,0,1,958,2,2,0,1,0,0,0,nan,nan,nan,nan,nan,nan,nan
20993,1,5,5,0,1,0,1,958,2,2,0,1,0,0,0,nan,nan,nan,nan,nan,nan,nan
20994,1,5,5,0,1,0,0,959,2,2,0,1,0,0,0,nan,nan,nan,nan,nan,nan,51.56680401325502
20995,1,5,5,0,1,0,0,959,2,2,0,1,0,0,0,nan,nan,nan,nan,nan,nan,nan
20996,1,5,5,0,1,0,0,959,2,2,0,1,0,0,0,nan,nan,nan,nan,nan,nan,nan
20997,1,5,5,0,1,0,0,959,2,2,0,1,0,0,0,nan,nan,nan,nan,nan,nan,nan
20998,1,5,5,0,1,0,0,959,2,2,0,1,0,0,0,nan,nan,nan,nan,nan,nan,nan
20999,1,5,5,0,1,0,0,959,2,2,0,1,0,0,0,nan,nan,nan,nan,nan,nan,nan
21000,1,5,5,0,1,0,0,959,2,2,0,1,0,0,0,nan,nan,nan,nan,nan,nan,nan
21001,1,5,5,0,1,0,0,959,2,2,0,1,0,0,0,nan,nan,nan,nan,nan,nan,nan
21002,1,5,5,0,1,0,0,959,2,2,0,1,0,0,0,nan,nan,nan,nan,nan,nan,nan
21003,1,5,5,0,1,0,0,959,2,2,0,1,0,0,0,nan,nan,nan,nan,nan,nan,nan
21004,1,5,5,0,1,0,0,959,2,2,0,1,0,0,0,nan,nan,nan,nan,nan,nan,nan
21005,1,5,5,0,1,0,0,959,2,2,0,1,0,0,0,nan,nan,nan,nan,nan,nan,nan
21006,1,5,5,0,1,0,1,959,2,2,0,1,0,1,0,nan,nan,nan,nan,nan,22.05673018797097,nan
21007,1,5,5,0,1,0,1,959,2,2,0,1,0,1,0,nan,nan,nan,nan,nan,nan,nan
21008,1,5,5,0,1,0,1,959,2,2,0,1,0,1,0,nan,nan,nan,nan,nan,nan,nan
21009,1,5,5,0,0,0,1,959,2,2,0,1,0,0,0,nan,nan,nan,nan,21.10868694659075,nan,nan
21010,1,5,5,0,0,0,1,959,2,2,0,1,0,0,0,nan,nan,nan,nan,nan,nan,nan
21011,1,5,5,0,0,0,1,959,2,2,0,1,0,0,0,nan,nan,nan,nan,nan,nan,nan
21012,1,5,5,0,0,0,1,959,2,2,0,1,0,0,0,nan,nan,nan,nan,nan,nan,nan
21013,1,5,5,0,0,0,0,960,2,2,0,1,0,0,0,nan,nan,nan,nan,nan,nan,18.30155395982365
21014,1,5,5,0,0,0,0,960,2,2,0,1,0,0,0,nan,nan,nan,nan,nan,nan,nan
21015,1,5,5,0,0,0,0,960,2,2,0,1,0,0,0,nan,nan,nan,nan,nan,nan,nan
21016,1,5,5,0,0,0,0,960,2,2,0,1,0,0,0,nan,nan,nan,nan,nan,nan,nan
21017,1,5,5,0,0,0,0,960,0,0,0,0,0,0,0,nan,nan,51.654440645692375,nan,nan,nan,nan
21018,1,5,5,0,0,0,0,960,0,0,0,0,0,0,0,nan,nan,nan,nan,nan,nan,nan
21019,1,5,5,0,0,0,0,960,0,0,0,0,0,0,0,nan,nan,nan,nan,nan,nan,nan
21020,1,5,5,0,0,0,0,960,0,0,0,0,0,0,0,nan,nan,nan,nan,nan,nan,nan
21021,1,5,5,0,0,0,0,960,0,0,0,0,0,0,0,nan,nan,nan,nan,nan,nan,nan
21022,1,5,5,0,0,0,0,960,0,0,0,0,0,0,0,nan,nan,nan,nan,nan,nan,nan
21023,1,5,5,0,0,0,0,960,0,0,0,0,0,0,0,nan,nan,nan,nan,nan,nan,nan
21024,1,5,5,0,0,0,0,960,0,0,0,0,0,0,0,nan,nan,nan,nan,nan,nan,nan
21025,1,5,5,0,0,0,0,960,0,0,0,0,0,0,0,nan,nan,nan,nan,nan,nan,nan
21026,1,5,5,0,0,1,0,961,0,0,0,0,1,0,1,nan,nan,nan,nan,17.41466552259226,nan,13.687216230693593
21027,1,5,5,0,0,0,0,961,0,0,0,0,1,0,0,nan,nan,nan,nan,nan,21.309395979551482,nan
21028,1,5,5,0,0,0,0,961,0,0,0,0,1,0,0,nan,nan,nan,nan,nan,nan,nan
21029,1,5,5,0,0,0,0,961,0,0,0,0,1,0,0,nan,nan,nan,nan,nan,nan,nan
21030,1,5,5,0,0,0,0,961,0,0,0,0,1,0,0,nan,nan,nan,nan,nan,nan,nan
21031,1,5,5,0,0,0,0,961,0,0,0,0,1,0,0,nan,nan,nan,nan,nan,nan,nan
21032,1,5,5,0,0,0,0,961,0,2,0,0,1,0,0,nan,51.351766510648304,nan,nan,nan,nan,nan
21033,1,4,5,0,0,0,0,961,0,0,0,0,0,0,0,nan,nan,16.685553350915143,56.530916039147996,nan,nan,nan
21034,1,5,5,0,0,0,0,961,0,0,0,0,0,0,0,57.850634108082886,nan,nan,nan,nan,nan,nan
21035,1,5,5,0,0,0,0,961,0,0,0,0,0,0,0,nan,nan,nan,nan,nan,nan,nan
21036,1,5,5,0,0,0,0,961,0,0,0,0,0,0,0,nan,nan,nan,nan,nan,nan,nan
21037,1,5,5,0,0,0,0,961,0,0,0,0,0,0,0,nan,nan,nan,nan,nan,nan,nan
21038,1,5,5,0,0,0,0,961,0,0,0,0,0,0,0,nan,nan,nan,nan,nan,nan,nan
21039,1,5,5,0,0,0,0,961,0,0,0,0,0,0,0,nan,nan,nan,nan,nan,nan,nan
21040,1,5,5,0,0,0,0,961,0,0,0,0,0,0,0,nan,nan,nan,nan,nan,nan,nan
21041,1,5,5,0,0,0,0,961,0,0,0,0,0,0,0,nan,nan,nan,nan,nan,nan,nan
21042,1,5,5,0,0,0,0,961,0,0,0,0,0,0,0,nan,nan,nan,nan,nan,nan,nan
21043,1,5,5,0,0,0,0,962,0,0,0,0,0,0,1,nan,nan,nan,nan,nan,nan,16.077068434926332
21044,1,5,5,0,0,0,0,962,0,0,0,0,0,0,1,nan,nan,nan,nan,nan,nan,nan
21045,1,5,5,0,0,0,0,962,0,0,0,0,0,0,1,nan,nan,nan,nan,nan,nan,nan
21046,1,5,5,0,0,0,0,962,0,0,0,0,0,0,1,nan,nan,nan,nan,nan,nan,nan
21047,1,5,5,0,0,0,0,962,0,0,0,0,0,0,1,nan,nan,nan,nan,nan,nan,nan
21048,1,5,5,0,1,0,0,962,0,0,0,1,0,0,1,nan,nan,nan,15.344285873638,nan,nan,nan
21049,1,5,5,0,1,0,0,962,0,0,0,1,0,0,1,nan,nan,nan,nan,nan,nan,nan
21050,1,5,4,0,1,0,0,962,0,0,0,0,0,0,1,nan,nan,16.415017118128162,nan,nan,nan,nan
21051,1,5,4,0,1,0,0,962,0,0,0,0,0,1,0,nan,nan,nan,nan,nan,24.45762389000447,nan
21052,1,5,4,0,1,0,0,962,0,0,0,0,0,1,0,nan,nan,nan,nan,nan,nan,nan
21053,1,5,4,0,1,0,0,962,0,0,0,0,0,1,0,nan,nan,nan,nan,nan,nan,nan
21054,1,5,4,0,1,0,0,962,0,0,0,0,0,1,0,nan,nan,nan,nan,nan,nan,nan
21055,1,5,4,0,1,0,0,962,0,0,0,0,0,1,0,nan,nan,nan,nan,nan,nan,nan
21056,1,5,4,0,1,0,0,962,0,0,0,0,0,1,0,nan,nan,nan,nan,nan,nan,nan
21057,1,5,4,0,0,0,0,962,0,0,0,0,0,0,0,nan,nan,nan,nan,31.21754857999622,nan,nan
21058,1,5,4,0,0,0,0,962,2,0,0,0,0,0,0,24.68030518116211,nan,nan,nan,nan,nan,nan
21059,1,5,4,0,0,0,0,962,2,0,0,0,0,0,0,nan,nan,nan,nan,nan,nan,nan
21060,1,5,4,0,0,0,0,962,2,0,0,0,0,0,0,nan,nan,nan,nan,nan,nan,nan
21061,1,5,4,0,0,0,0,962,2,0,0,0,0,0,0,nan,nan,nan,nan,nan,nan,nan
21062,1,5,4,0,0,0,0,962,2,0,0,0,0,0,0,nan,nan,nan,nan,nan,nan,nan
21063,1,5,4,0,0,0,0,962,2,0,0,0,0,0,0,nan,nan,nan,nan,nan,nan,nan
21064,1,5,5,0,0,0,0,963,0,0,0,0,0,0,1,nan,31.296969542108855,nan,nan,nan,nan,21.02861334582485
21065,1,5,5,0,0,0,0,963,0,0,0,0,0,0,1,nan,nan,nan,nan,nan,nan,nan
21066,1,5,5,0,1,0,0,963,0,0,0,1,0,0,1,nan,nan,nan,17.702880372147774,nan,nan,nan
21067,1,5,5,0,1,0,0,963,0,0,0,1,0,0,1,nan,nan,nan,nan,nan,nan,nan
21068,1,5,5,0,1,0,0,963,0,0,0,1,0,0,1,nan,nan,nan,nan,nan,nan,nan
21069,1,5,4,0,0,1,0,963,0,0,0,0,0,0,1,nan,nan,18.79796871606959,nan,12.307966117019532,nan,nan
21070,1,5,4,0,0,1,0,963,0,0,0,0,0,0,1,nan,nan,nan,nan,nan,nan,nan
21071,1,5,4,0,0,1,0,963,0,0,0,0,0,0,1,nan,nan,nan,nan,nan,nan,nan
21072,1,5,4,0,0,1,0,963,0,0,0,0,0,0,1,nan,nan,nan,nan,nan,nan,nan
21073,1,5,4,0,0,1,0,963,0,0,0,0,0,0,1,nan,nan,nan,nan,nan,nan,nan
21074,1,5,4,0,0,1,0,963,0,0,0,0,0,0,1,nan,nan,nan,nan,nan,nan,nan
21075,1,5,4,0,0,0,0,963,0,0,0,0,0,0,0,nan,nan,nan,nan,nan,23.115018441039865,nan
21076,1,5,4,0,0,0,0,963,0,0,0,0,0,0,0,nan,nan,nan,nan,nan,nan,nan
21077,1,4,5,0,0,0,0,963,0,0,0,0,0,0,0,nan,13.0483007150724,nan,nan,nan,nan,nan
21078,1,4,5,0,0,0,0,963,0,0,0,0,0,0,0,nan,nan,nan,nan,nan,nan,nan
21079,1,4,5,0,0,0,0,963,0,0,0,0,0,0,0,nan,nan,nan,nan,nan,nan,nan
21080,1,4,5,0,1,0,0,963,0,0,0,1,0,0,0,nan,nan,nan,14.019995054750325,nan,nan,nan
21081,1,4,5,0,1,0,0,963,0,0,0,1,0,0,0,nan,nan,nan,nan,nan,nan,nan
21082,1,4,5,0,1,0,0,963,0,0,0,1,0,0,0,nan,nan,nan,nan,nan,nan,nan
21083,1,4,5,0,1,0,0,963,0,0,0,1,0,0,0,nan,nan,nan,nan,nan,nan,nan
21084,1,4,5,0,1,0,0,963,0,0,0,1,0,0,0,nan,nan,nan,nan,nan,nan,nan
21085,1,4,5,0,1,0,0,963,0,0,0,1,0,0,0,nan,nan,nan,nan,nan,nan,nan
21086,1,4,4,0,1,0,0,963,0,0,0,0,0,0,0,nan,nan,17.426935516406957,nan,nan,nan,nan
21087,1,5,4,0,1,0,0,963,0,0,0,0,0,0,0,28.508816393667075,nan,nan,nan,nan,nan,nan
21088,1,5,4,0,0,1,0,963,0,0,0,0,0,0,0,nan,nan,nan,nan,18.167872794161667,nan,nan
21089,1,5,4,0,0,1,0,963,0,0,0,0,0,0,0,nan,nan,nan,nan,nan,nan,nan
21090,1,5,4,0,0,1,0,963,0,0,0,0,0,0,0,nan,nan,nan,nan,nan,nan,nan
21091,1,5,4,0,0,1,0,963,0,0,0,0,0,0,0,nan,nan,nan,nan,nan,nan,nan
21092,1,5,4,0,0,1,0,963,0,0,0,0,0,0,0,nan,nan,nan,nan,nan,nan,nan
21093,1,5,4,0,0,0,0,964,0,0,0,0,0,0,0,nan,nan,nan,nan,nan,18.632703126342676,29.54643103359558
21094,1,5,4,0,0,0,0,964,0,0,0,0,0,0,0,nan,nan,nan,nan,nan,nan,nan
21095,1,5,4,0,0,0,0,964,0,0,0,0,0,0,0,nan,nan,nan,nan,nan,nan,nan
21096,1,4,5,0,0,0,0,964,0,0,0,0,0,0,0,nan,19.513763143168035,nan,nan,nan,nan,nan
21097,1,5,5,0,0,0,0,964,0,0,0,0,0,0,0,9.973881371570315,nan,nan,nan,nan,nan,nan
21098,1,5,5,0,0,0,0,964,0,0,0,0,0,0,0,nan,nan,nan,nan,nan,nan,nan
21099,1,5,5,0,1,0,0,964,0,0,0,1,0,0,0,nan,nan,nan,19.258971016210126,nan,nan,nan
21100,1,5,5,0,1,0,0,964,0,0,0,1,0,0,0,nan,nan,nan,nan,nan,nan,nan
21101,1,5,5,0,1,0,0,964,0,0,0,1,0,0,0,nan,nan,nan,nan,nan,nan,nan
21102,1,5,5,0,0,1,0,964,0,0,0,1,0,0,0,nan,nan,nan,nan,14.01452580383193,nan,nan
21103,1,5,5,0,0,1,0,964,0,0,0,1,0,0,0,nan,nan,nan,nan,nan,nan,nan
21104,1,5,5,0,0,1,0,964,0,0,0,1,0,0,0,nan,nan,nan,nan,nan,nan,nan
21105,1,5,5,0,0,1,0,964,0,0,0,1,0,0,0,nan,nan,nan,nan,nan,nan,nan
21106,1,5,5,0,0,1,0,964,0,0,0,1,0,0,0,nan,nan,nan,nan,nan,nan,nan
21107,1,5,5,0,0,1,0,964,0,0,0,1,0,0,0,nan,nan,nan,nan,nan,nan,nan
21108,1,5,5,0,0,0,1,964,0,0,0,1,0,0,0,nan,nan,nan,nan,nan,15.20077038092495,nan
21109,1,5,5,0,0,0,1,964,0,0,0,1,0,0,0,nan,nan,nan,nan,nan,nan,nan
21110,1,5,5,0,0,0,1,964,0,0,0,1,0,0,0,nan,nan,nan,nan,nan,nan,nan
21111,1,5,5,0,0,0,1,964,0,0,0,1,0,0,0,nan,nan,nan,nan,nan,nan,nan
21112,1,5,5,0,0,0,1,964,0,0,0,1,0,0,0,nan,nan,nan,nan,nan,nan,nan
21113,1,5,5,0,0,0,1,964,2,0,0,1,0,0,0,16.50971890038636,nan,nan,nan,nan,nan,nan
21114,1,5,5,0,0,0,1,964,2,0,0,1,0,0,0,nan,nan,nan,nan,nan,nan,nan
21115,1,5,5,0,0,0,1,964,2,0,0,1,0,0,0,nan,nan,nan,nan,nan,nan,nan
21116,1,5,5,0,0,0,1,964,2,0,0,1,0,0,0,nan,nan,nan,nan,nan,nan,nan
21117,1,5,5,0,0,0,1,964,2,0,0,1,0,0,0,nan,nan,nan,nan,nan,nan,nan
21118,1,5,4,0,0,0,1,964,2,0,0,0,0,0,0,nan,nan,32.3331412817206,nan,nan,nan,nan
21119,1,5,5,0,0,0,1,964,0,0,0,0,0,0,0,nan,22.344420850226015,nan,nan,nan,nan,nan
21120,1,5,5,0,0,0,1,964,0,0,0,0,0,0,0,nan,nan,nan,nan,nan,nan,nan
21121,1,5,5,0,0,0,1,964,0,0,0,0,0,0,0,nan,nan,nan,nan,nan,nan,nan
21122,1,5,5,0,0,0,1,964,0,0,0,0,0,0,0,nan,nan,nan,nan,nan,nan,nan
21123,1,5,5,0,0,0,1,964,0,0,0,0,0,0,0,nan,nan,nan,nan,nan,nan,nan
21124,1,5,5,0,0,0,1,964,0,0,0,0,0,0,0,nan,nan,nan,nan,nan,nan,nan
21125,1,5,5,0,0,1,1,964,0,0,0,0,1,0,0,nan,nan,nan,nan,23.11301682200792,nan,nan
21126,1,5,5,0,0,1,1,964,0,0,0,0,1,0,0,nan,nan,nan,nan,nan,nan,nan
21127,1,5,5,0,0,1,1,964,0,0,0,0,1,0,0,nan,nan,nan,nan,nan,nan,nan
21128,1,5,5,0,0,1,1,964,0,0,0,0,1,0,0,nan,nan,nan,nan,nan,nan,nan
21129,1,5,5,0,0,1,0,965,0,0,0,0,1,0,0,nan,nan,nan,nan,nan,nan,36.34867629489236
21130,1,5,5,0,0,1,0,965,0,0,0,0,1,0,0,nan,nan,nan,nan,nan,nan,nan
21131,1,5,5,0,0,1,0,965,0,0,0,0,1,0,0,nan,nan,nan,nan,nan,nan,nan
21132,1,5,5,0,0,1,0,965,0,0,0,0,1,0,0,nan,nan,nan,nan,nan,nan,nan
21133,1,5,5,0,0,1,0,965,0,0,0,0,1,0,0,nan,nan,nan,nan,nan,nan,nan
21134,1,5,5,0,0,1,0,965,0,2,0,0,1,0,0,nan,15.274282810252771,nan,nan,nan,nan,nan
21135,1,5,5,0,0,1,0,965,0,2,0,0,1,0,0,nan,nan,nan,nan,nan,nan,nan
21136,1,5,5,0,0,1,0,965,0,2,0,1,0,0,0,nan,nan,nan,36.710013591891766,nan,nan,nan
21137,1,5,5,0,0,0,1,965,2,2,0,1,0,0,0,23.523364138931356,nan,nan,nan,nan,28.28938555240893,nan
21138,1,5,5,0,0,0,1,965,2,2,0,1,0,0,0,nan,nan,nan,nan,nan,nan,nan
21139,1,5,5,0,0,0,1,965,2,2,0,1,0,0,0,nan,nan,nan,nan,nan,nan,nan
21140,1,5,5,0,0,0,1,965,2,2,0,1,0,0,0,nan,nan,nan,nan,nan,nan,nan
21141,1,5,5,0,0,0,1,965,2,2,0,1,0,0,0,nan,nan,nan,nan,nan,nan,nan
21142,1,5,5,0,0,0,1,965,2,2,0,1,0,0,0,nan,nan,nan,nan,nan,nan,nan
21143,1,5,5,0,0,0,1,965,2,2,0,1,0,0,0,nan,nan,nan,nan,nan,nan,nan
21144,1,5,5,0,0,0,1,965,2,2,0,1,0,0,0,nan,nan,nan,nan,nan,nan,nan
21145,1,5,5,0,0,0,1,965,2,2,0,1,0,0,0,nan,nan,nan,nan,nan,nan,nan
21146,1,5,5,0,0,0,1,965,2,2,0,1,0,0,0,nan,nan,nan,nan,nan,nan,nan
21147,1,5,5,0,0,0,1,965,2,2,0,1,0,0,0,nan,nan,nan,nan,nan,nan,nan
21148,1,5,5,0,0,0,1,965,2,2,0,1,0,0,0,nan,nan,nan,nan,nan,nan,nan
21149,1,5,5,0,0,0,1,965,2,2,0,1,0,0,0,nan,nan,nan,nan,nan,nan,nan
21150,1,5,5,0,0,0,0,966,2,2,0,1,0,0,0,nan,nan,nan,nan,nan,nan,20.370856837835163
21151,1,5,5,0,0,0,0,966,2,2,0,1,0,0,0,nan,nan,nan,nan,nan,nan,nan
21152,1,5,5,0,0,0,1,966,0,0,0,0,0,1,0,nan,nan,33.859344258908095,nan,nan,15.301135155030352,nan
21153,1,5,5,0,0,0,1,966,0,0,0,0,0,1,0,nan,nan,nan,nan,nan,nan,nan
21154,1,5,5,0,0,0,1,966,0,0,0,0,0,1,0,nan,nan,nan,nan,nan,nan,nan
21155,1,5,5,0,0,0,1,966,0,0,0,0,0,1,0,nan,nan,nan,nan,nan,nan,nan
21156,1,5,5,0,0,0,1,966,0,0,0,0,0,1,0,nan,nan,nan,nan,nan,nan,nan
21157,1,5,5,0,0,0,1,966,0,0,0,0,0,1,0,nan,nan,nan,nan,nan,nan,nan
21158,1,5,5,0,0,0,1,966,0,0,0,0,0,1,0,nan,nan,nan,nan,nan,nan,nan
21159,1,5,5,0,0,0,1,966,0,0,0,0,0,1,0,nan,nan,nan,nan,nan,nan,nan
21160,1,5,5,0,0,0,1,966,0,0,0,0,0,1,0,nan,nan,nan,nan,nan,nan,nan
21161,1,5,5,0,0,0,1,966,0,0,0,0,0,1,0,nan,nan,nan,nan,nan,nan,nan
21162,1,5,5,0,0,0,1,966,0,0,0,0,0,1,0,nan,nan,nan,nan,nan,nan,nan
21163,1,5,5,0,0,0,1,966,0,0,0,0,0,1,0,nan,nan,nan,nan,nan,nan,nan
21164,1,5,5,0,0,0,1,966,0,0,0,0,0,1,0,nan,nan,nan,nan,nan,nan,nan
21165,1,5,5,0,0,0,0,967,0,0,0,0,0,1,0,nan,nan,nan,nan,nan,nan,15.001078809564206
21166,1,5,5,0,0,0,0,967,0,0,0,0,0,1,0,nan,nan,nan,nan,nan,nan,nan
21167,1,5,5,0,0,0,0,967,2,0,0,0,0,1,0,29.969232115101477,nan,nan,nan,nan,nan,nan
21168,1,5,5,0,0,0,0,967,2,0,0,0,0,1,0,nan,nan,nan,nan,nan,nan,nan
21169,1,5,5,0,0,0,0,967,2,0,0,0,0,1,0,nan,nan,nan,nan,nan,nan,nan
21170,1,5,5,0,0,0,0,967,2,2,0,0,0,1,0,nan,36.30767809299505,nan,nan,nan,nan,nan
21171,1,5,5,0,0,0,0,967,2,2,0,0,0,1,0,nan,nan,nan,nan,nan,nan,nan
21172,1,5,5,0,1,0,0,967,2,2,0,1,0,1,0,nan,nan,nan,36.395232389404555,nan,nan,nan
21173,1,5,5,0,1,0,0,967,2,2,0,1,0,1,0,nan,nan,nan,nan,nan,nan,nan
21174,1,5,5,0,1,0,0,967,2,2,0,1,0,1,0,nan,nan,nan,nan,nan,nan,nan
21175,1,5,5,0,1,0,0,967,2,2,0,1,0,1,0,nan,nan,nan,nan,nan,nan,nan
21176,1,5,5,0,0,0,0,967,2,2,0,1,0,0,0,nan,nan,nan,nan,51.12742524186979,nan,nan
21177,1,5,5,0,0,0,0,967,2,2,0,1,0,0,0,nan,nan,nan,nan,nan,nan,nan
21178,1,5,5,0,0,0,0,967,2,2,0,1,0,0,0,nan,nan,nan,nan,nan,nan,nan
21179,1,5,5,0,0,0,0,967,2,2,0,1,0,0,0,nan,nan,nan,nan,nan,nan,nan
21180,1,5,5,0,0,0,0,967,2,2,0,1,0,0,0,nan,nan,nan,nan,nan,nan,nan
21181,1,5,5,0,0,0,0,967,2,2,0,1,0,0,0,nan,nan,nan,nan,nan,nan,nan
21182,1,5,5,0,0,0,0,967,2,2,0,1,0,0,0,nan,nan,nan,nan,nan,nan,nan
21183,1,5,5,0,0,0,0,967,2,2,0,1,0,0,0,nan,nan,nan,nan,nan,nan,nan
21184,1,5,5,0,0,0,0,967,2,2,0,1,0,0,0,nan,nan,nan,nan,nan,nan,nan
21185,1,5,5,0,0,0,0,967,2,2,0,1,0,0,0,nan,nan,nan,nan,nan,nan,nan
21186,1,5,5,0,0,0,0,967,2,2,0,1,0,0,0,nan,nan,nan,nan,nan,nan,nan
21187,1,5,5,0,0,0,0,967,2,2,0,1,0,0,0,nan,nan,nan,nan,nan,nan,nan
21188,1,5,5,0,0,0,0,967,2,2,0,1,0,0,0,nan,nan,nan,nan,nan,nan,nan
21189,1,5,5,0,0,0,0,967,2,2,0,1,0,0,0,nan,nan,nan,nan,nan,nan,nan
21190,1,5,5,0,0,0,0,968,0,0,0,0,0,0,1,nan,nan,38.057303671743284,nan,nan,nan,25.40176695959599
21191,1,5,5,0,0,0,0,968,0,0,0,0,0,0,1,nan,nan,nan,nan,nan,nan,nan
21192,1,5,5,0,0,0,0,968,0,0,0,0,0,0,1,nan,nan,nan,nan,nan,nan,nan
21193,1,5,5,0,0,1,0,968,0,0,0,0,1,0,1,nan,nan,nan,nan,16.89147264728308,nan,nan
21194,1,5,5,0,0,1,0,968,0,0,0,0,1,0,1,nan,nan,nan,nan,nan,nan,nan
21195,1,5,5,0,0,1,0,968,0,0,0,0,1,0,1,nan,nan,nan,nan,nan,nan,nan
21196,1,5,5,0,0,1,0,968,0,0,0,0,1,0,1,nan,nan,nan,nan,nan,nan,nan
21197,1,5,5,0,0,1,0,968,0,0,0,0,1,0,1,nan,nan,nan,nan,nan,nan,nan
21198,1,5,5,0,0,1,0,968,0,0,0,0,1,0,1,nan,nan,nan,nan,nan,nan,nan
21199,1,5,5,0,0,1,0,968,0,0,0,0,1,0,1,nan,nan,nan,nan,nan,nan,nan
21200,1,5,5,0,0,1,0,968,0,0,0,0,1,0,1,nan,nan,nan,nan,nan,nan,nan
21201,1,5,5,0,0,1,0,968,0,0,0,1,0,0,1,nan,nan,nan,28.984513317020173,nan,nan,nan
21202,1,5,5,0,0,1,0,968,0,0,0,1,0,0,1,nan,nan,nan,nan,nan,nan,nan
21203,1,5,5,0,0,1,0,968,0,0,0,1,0,0,1,nan,nan,nan,nan,nan,nan,nan
21204,1,5,5,0,0,0,0,968,0,0,0,1,0,0,0,nan,nan,nan,nan,nan,52.16843487025835,nan
21205,1,5,5,0,0,0,0,968,2,0,0,1,0,0,0,38.703862438414944,nan,nan,nan,nan,nan,nan
21206,1,5,5,0,0,0,0,968,2,0,0,1,0,0,0,nan,nan,nan,nan,nan,nan,nan
21207,1,5,5,0,0,0,0,968,2,0,0,1,0,0,0,nan,nan,nan,nan,nan,nan,nan
21208,1,5,5,0,0,0,0,968,2,2,0,1,0,0,0,nan,37.45977189016776,nan,nan,nan,nan,nan
21209,1,5,5,0,0,0,0,968,2,2,0,1,0,0,0,nan,nan,nan,nan,nan,nan,nan
21210,1,5,5,0,0,0,0,968,2,2,0,1,0,0,0,nan,nan,nan,nan,nan,nan,nan
21211,1,5,5,0,0,0,0,968,2,2,0,1,0,0,0,nan,nan,nan,nan,nan,nan,nan
21212,1,5,5,0,0,0,0,968,2,2,0,1,0,0,0,nan,nan,nan,nan,nan,nan,nan
21213,1,5,5,0,0,0,0,968,2,2,0,1,0,0,0,nan,nan,nan,nan,nan,nan,nan
21214,1,5,5,0,0,0,1,968,2,2,0,1,0,1,0,nan,nan,nan,nan,nan,9.841710717781098,nan
21215,1,5,5,0,0,0,1,968,2,2,0,1,0,1,0,nan,nan,nan,nan,nan,nan,nan
21216,1,5,5,0,0,0,1,968,2,2,0,1,0,1,0,nan,nan,nan,nan,nan,nan,nan
21217,1,5,5,0,0,0,1,968,2,2,0,1,0,1,0,nan,nan,nan,nan,nan,nan,nan
21218,1,5,5,0,0,0,0,969,2,2,0,1,0,1,0,nan,nan,nan,nan,nan,nan,27.99199790275088
21219,1,5,5,0,0,0,0,969,2,2,0,1,1,0,0,nan,nan,nan,nan,26.30858130431443,nan,nan
21220,1,5,5,0,0,0,0,969,2,2,0,1,1,0,0,nan,nan,nan,nan,nan,nan,nan
21221,1,5,5,0,0,0,0,969,2,2,0,1,1,0,0,nan,nan,nan,nan,nan,nan,nan
21222,1,5,5,0,0,0,0,969,2,2,0,1,1,0,0,nan,nan,nan,nan,nan,nan,nan
21223,1,5,5,0,0,0,0,969,2,2,0,1,1,0,0,nan,nan,nan,nan,nan,nan,nan
21224,1,5,5,0,0,0,0,969,2,2,0,1,1,0,0,nan,nan,nan,nan,nan,nan,nan
21225,1,5,5,0,0,0,0,969,0,0,0,0,1,0,0,nan,nan,34.962921155518416,nan,nan,nan,nan
21226,1,5,5,0,0,0,0,969,0,0,0,0,1,0,0,nan,nan,nan,nan,nan,nan,nan
21227,1,5,5,0,0,0,0,969,0,0,0,0,1,0,0,nan,nan,nan,nan,nan,nan,nan
21228,1,5,5,0,0,0,0,969,0,0,0,0,1,0,0,nan,nan,nan,nan,nan,nan,nan
21229,1,5,5,0,0,0,0,970,0,0,0,0,1,0,1,nan,nan,nan,nan,nan,nan,10.896266509862471
21230,1,5,5,0,0,0,0,970,0,0,0,0,1,0,1,nan,nan,nan,nan,nan,nan,nan
21231,1,5,5,0,0,0,0,970,0,0,0,0,1,0,1,nan,nan,nan,nan,nan,nan,nan
21232,1,5,5,0,0,0,0,970,0,0,0,0,1,0,1,nan,nan,nan,nan,nan,nan,nan
21233,1,5,5,0,0,0,0,970,0,0,0,0,1,0,1,nan,nan,nan,nan,nan,nan,nan
21234,1,5,5,0,0,0,0,970,0,0,0,0,1,0,1,nan,nan,nan,nan,nan,nan,nan
21235,1,5,5,0,0,0,0,970,0,0,0,0,1,0,1,nan,nan,nan,nan,nan,nan,nan
21236,1,5,5,0,0,0,0,970,0,0,0,0,1,0,1,nan,nan,nan,nan,nan,nan,nan
21237,1,5,4,1,0,0,0,970,0,0,0,0,1,0,1,nan,nan,11.548928317868558,nan,nan,nan,nan
21238,1,5,4,1,0,0,0,970,0,0,0,0,1,0,1,nan,nan,nan,nan,nan,nan,nan
21239,1,5,4,1,0,0,0,970,0,0,0,0,1,0,1,nan,nan,nan,nan,nan,nan,nan
21240,1,5,4,1,0,0,0,970,0,0,0,0,1,0,1,nan,nan,nan,nan,nan,nan,nan
21241,1,5,4,1,0,0,0,970,0,0,0,0,1,0,1,nan,nan,nan,nan,nan,nan,nan
21242,1,5,4,1,0,0,0,970,0,0,0,0,1,0,1,nan,nan,nan,nan,nan,nan,nan
21243,1,5,4,1,0,0,0,970,2,0,0,0,1,0,1,37.538015801939764,nan,nan,nan,nan,nan,nan
21244,1,5,4,1,0,0,0,970,2,0,0,0,1,0,1,nan,nan,nan,nan,nan,nan,nan
21245,1,5,4,1,0,0,0,970,2,0,0,0,1,0,1,nan,nan,nan,nan,nan,nan,nan
21246,1,5,4,1,0,0,0,970,2,0,0,0,1,1,0,nan,nan,nan,nan,nan,32.167692986069596,nan
21247,1,5,4,1,0,0,0,970,2,0,0,0,1,1,0,nan,nan,nan,nan,nan,nan,nan
21248,1,5,4,1,0,0,0,970,2,0,0,0,1,1,0,nan,nan,nan,nan,nan,nan,nan
21249,1,5,4,1,0,0,0,970,2,0,0,0,1,1,0,nan,nan,nan,nan,nan,nan,nan
21250,1,5,4,1,0,0,0,970,2,0,0,0,1,1,0,nan,nan,nan,nan,nan,nan,nan
21251,1,5,4,1,0,0,0,970,2,0,0,0,1,1,0,nan,nan,nan,nan,nan,nan,nan
21252,1,5,4,1,0,0,0,970,2,0,0,0,1,1,0,nan,nan,nan,nan,nan,nan,nan
21253,1,5,4,1,0,0,0,970,2,0,0,0,1,1,0,nan,nan,nan,nan,nan,nan,nan
21254,1,5,4,1,0,0,0,970,2,0,0,0,1,1,0,nan,nan,nan,nan,nan,nan,nan
21255,1,5,4,0,0,0,0,970,2,0,0,0,0,1,0,nan,nan,nan,53.850448062235955,nan,nan,nan
21256,1,5,3,1,0,0,0,970,2,0,0,0,0,1,0,nan,nan,18.741043049529253,nan,nan,nan,nan
21257,1,5,3,1,0,0,0,970,2,0,0,0,0,1,0,nan,nan,nan,nan,nan,nan,nan
21258,1,5,3,1,0,0,0,970,2,0,0,0,0,1,0,nan,nan,nan,nan,nan,nan,nan
21259,1,5,3,1,0,0,0,970,2,0,0,0,0,1,0,nan,nan,nan,nan,nan,nan,nan
21260,1,5,3,1,0,0,0,970,2,0,0,0,0,1,0,nan,nan,nan,nan,nan,nan,nan
21261,1,5,3,1,0,0,0,970,2,0,0,0,0,1,0,nan,nan,nan,nan,nan,nan,nan
21262,1,5,3,1,0,0,0,970,2,0,0,0,0,1,0,nan,nan,nan,nan,nan,nan,nan
21263,1,5,4,1,0,0,0,971,0,0,0,0,0,1,1,nan,55.720951423889346,nan,nan,nan,nan,33.90886989401406
21264,1,5,4,1,0,0,0,971,0,0,0,0,0,1,1,nan,nan,nan,nan,nan,nan,nan
21265,1,5,4,1,0,0,0,971,0,0,0,0,0,1,1,nan,nan,nan,nan,nan,nan,nan
21266,1,5,4,1,0,0,0,971,0,0,0,0,0,1,1,nan,nan,nan,nan,nan,nan,nan
21267,1,5,3,2,0,0,0,971,0,0,0,0,0,1,1,nan,nan,11.880226917484833,nan,nan,nan,nan
21268,1,5,3,2,0,0,0,971,0,0,0,0,0,1,1,nan,nan,nan,nan,nan,nan,nan
21269,1,5,3,2,0,0,0,971,0,0,0,0,0,1,1,nan,nan,nan,nan,nan,nan,nan
21270,1,5,3,2,0,0,0,971,0,0,0,0,0,1,1,nan,nan,nan,nan,nan,nan,nan
21271,1,5,3,2,0,0,0,971,0,0,0,0,0,1,1,nan,nan,nan,nan,nan,nan,nan
21272,1,5,3,2,0,0,0,971,0,0,0,0,1,0,1,nan,nan,nan,nan,53.40831926788451,nan,nan
21273,1,5,3,2,0,0,0,971,0,0,0,0,1,0,1,nan,nan,nan,nan,nan,nan,nan
21274,1,5,3,2,0,0,0,971,0,0,0,0,1,0,1,nan,nan,nan,nan,nan,nan,nan
21275,1,5,3,2,0,0,0,971,0,0,0,0,1,0,1,nan,nan,nan,nan,nan,nan,nan
21276,1,4,4,2,0,0,0,971,0,0,0,0,1,0,1,nan,12.391449720118544,nan,nan,nan,nan,nan
21277,1,4,4,2,0,0,0,971,0,0,0,0,1,0,1,nan,nan,nan,nan,nan,nan,nan
21278,1,4,4,2,0,0,0,971,0,0,0,0,1,0,1,nan,nan,nan,nan,nan,nan,nan
21279,1,4,4,1,0,0,0,971,0,0,0,0,0,0,1,nan,nan,nan,24.39827044316553,nan,nan,nan
21280,1,4,4,1,0,0,0,971,0,0,0,0,0,0,1,nan,nan,nan,nan,nan,nan,nan
21281,1,4,4,1,0,0,0,971,0,0,0,0,0,0,1,nan,nan,nan,nan,nan,nan,nan
21282,1,4,4,1,0,0,0,971,0,0,0,0,0,0,1,nan,nan,nan,nan,nan,nan,nan
21283,1,4,4,1,0,0,0,971,0,0,0,0,0,0,1,nan,nan,nan,nan,nan,nan,nan
21284,1,4,4,1,0,0,0,971,0,0,0,0,0,0,1,nan,nan,nan,nan,nan,nan,nan
21285,1,4,4,1,0,0,0,971,0,0,0,0,0,0,1,nan,nan,nan,nan,nan,nan,nan
21286,1,4,4,1,0,0,0,971,0,0,0,0,0,0,1,nan,nan,nan,nan,nan,nan,nan
21287,1,5,4,1,0,0,0,971,0,0,0,0,0,0,1,44.41986014569193,nan,nan,nan,nan,nan,nan
21288,1,5,4,1,0,0,0,971,0,0,0,0,0,0,1,nan,nan,nan,nan,nan,nan,nan
21289,1,5,4,1,0,0,0,971,0,0,0,0,0,0,1,nan,nan,nan,nan,nan,nan,nan
21290,1,5,3,2,0,0,0,971,0,0,0,0,0,0,1,nan,nan,22.568883909672877,nan,nan,nan,nan
21291,1,5,3,2,0,0,0,971,0,0,0,0,0,0,1,nan,nan,nan,nan,nan,nan,nan
21292,1,5,3,2,0,0,0,971,0,0,0,0,0,0,1,nan,nan,nan,nan,nan,nan,nan
21293,1,5,3,2,0,0,0,971,0,0,0,0,0,0,1,nan,nan,nan,nan,nan,nan,nan
21294,1,5,3,2,0,0,0,971,0,0,0,0,0,0,1,nan,nan,nan,nan,nan,nan,nan
21295,1,5,3,1,1,0,0,971,0,0,0,0,0,0,1,nan,nan,nan,15.891987270519166,nan,nan,nan
21296,1,4,4,1,1,0,0,971,0,0,0,0,0,0,1,nan,19.834272755171696,nan,nan,nan,nan,nan
21297,1,5,4,1,0,1,0,971,0,0,0,0,0,0,1,9.87308641000709,nan,nan,nan,24.85968106181099,nan,nan
21298,1,5,4,1,0,1,0,971,0,0,0,0,0,0,1,nan,nan,nan,nan,nan,nan,nan
21299,1,5,4,1,0,1,0,971,0,0,0,0,0,0,1,nan,nan,nan,nan,nan,nan,nan
21300,1,5,4,1,0,1,0,971,0,0,0,0,0,0,1,nan,nan,nan,nan,nan,nan,nan
21301,1,5,4,1,0,1,0,971,0,0,0,0,0,0,1,nan,nan,nan,nan,nan,nan,nan
21302,1,5,4,1,0,0,0,971,0,0,0,0,0,0,0,nan,nan,nan,nan,nan,55.694889597602014,nan
21303,1,5,4,1,0,0,0,971,0,0,0,0,0,0,0,nan,nan,nan,nan,nan,nan,nan
21304,1,5,4,1,0,0,0,971,0,0,0,0,0,0,0,nan,nan,nan,nan,nan,nan,nan
21305,1,5,4,1,0,0,0,971,0,0,0,0,0,0,0,nan,nan,nan,nan,nan,nan,nan
21306,1,5,4,1,0,0,0,971,0,0,0,0,0,0,0,nan,nan,nan,nan,nan,nan,nan
21307,1,5,4,1,0,0,0,971,0,0,0,0,0,0,0,nan,nan,nan,nan,nan,nan,nan
21308,1,4,5,1,0,0,0,971,0,0,0,0,0,0,0,nan,12.384821113177168,nan,nan,nan,nan,nan
21309,1,4,5,1,0,0,0,971,0,0,0,0,0,0,0,nan,nan,nan,nan,nan,nan,nan
21310,1,4,5,1,0,0,0,971,0,0,0,0,0,0,0,nan,nan,nan,nan,nan,nan,nan
21311,1,4,5,1,0,0,0,971,0,0,0,0,0,0,0,nan,nan,nan,nan,nan,nan,nan
21312,1,4,5,1,0,0,0,971,0,0,0,0,0,0,0,nan,nan,nan,nan,nan,nan,nan
21313,1,4,5,1,0,0,0,971,0,0,0,0,0,0,0,nan,nan,nan,nan,nan,nan,nan
21314,1,4,5,1,0,0,0,971,0,0,0,0,0,0,0,nan,nan,nan,nan,nan,nan,nan
21315,1,4,4,2,0,0,0,971,0,0,0,0,0,0,0,nan,nan,25.45746342174607,nan,nan,nan,nan
21316,1,4,4,2,0,0,1,971,0,0,0,0,0,1,0,nan,nan,nan,nan,nan,14.503068878282647,nan
21317,1,4,4,2,0,0,1,971,0,0,0,0,0,1,0,nan,nan,nan,nan,nan,nan,nan
21318,1,4,4,2,0,0,1,971,0,0,0,0,0,1,0,nan,nan,nan,nan,nan,nan,nan
21319,1,4,4,2,0,0,0,972,0,0,0,0,0,1,0,nan,nan,nan,nan,nan,nan,55.58122750599796
21320,1,4,4,2,0,0,0,972,0,0,0,0,0,1,0,nan,nan,nan,nan,nan,nan,nan
21321,1,4,4,2,0,0,0,972,0,0,0,0,0,1,0,nan,nan,nan,nan,nan,nan,nan
21322,1,4,4,2,0,0,0,972,0,0,0,0,1,0,0,nan,nan,nan,nan,24.643197461307864,nan,nan
21323,1,3,5,2,0,0,0,972,0,0,0,0,1,0,0,nan,14.897417459193093,nan,nan,nan,nan,nan
21324,1,3,5,2,0,0,0,972,0,0,0,0,1,0,0,nan,nan,nan,nan,nan,nan,nan
21325,1,3,5,2,0,0,0,972,0,0,0,0,1,0,0,nan,nan,nan,nan,nan,nan,nan
21326,1,4,5,2,0,0,0,972,0,0,0,0,1,0,0,29.161015476227476,nan,nan,nan,nan,nan,nan
21327,1,4,5,2,0,0,0,972,0,0,0,0,1,0,0,nan,nan,nan,nan,nan,nan,nan
21328,1,4,5,2,0,0,0,972,0,0,0,0,1,0,0,nan,nan,nan,nan,nan,nan,nan
21329,1,4,5,2,0,0,0,972,0,0,0,0,1,0,0,nan,nan,nan,nan,nan,nan,nan
21330,1,4,5,1,0,0,0,972,0,0,0,0,0,0,0,nan,nan,nan,34.86524691598606,nan,nan,nan
21331,1,4,4,2,0,0,0,972,0,0,0,0,0,0,0,nan,nan,15.145085379848751,nan,nan,nan,nan
21332,1,4,4,2,0,0,0,972,0,0,0,0,0,0,0,nan,nan,nan,nan,nan,nan,nan
21333,1,4,4,2,0,0,0,972,0,0,0,0,0,0,0,nan,nan,nan,nan,nan,nan,nan
21334,1,4,4,2,0,0,0,972,0,0,0,0,0,0,0,nan,nan,nan,nan,nan,nan,nan
21335,1,4,4,2,0,0,0,972,0,0,0,0,0,0,0,nan,nan,nan,nan,nan,nan,nan
21336,1,4,4,2,0,0,0,972,0,0,0,0,0,0,0,nan,nan,nan,nan,nan,nan,nan
21337,1,4,4,2,0,0,0,972,0,0,0,0,0,0,0,nan,nan,nan,nan,nan,nan,nan
21338,1,4,4,2,0,0,0,973,0,0,0,0,0,0,1,nan,nan,nan,nan,nan,nan,19.219052800421196
21339,1,4,4,2,0,0,0,973,0,0,0,0,0,0,1,nan,nan,nan,nan,nan,nan,nan
21340,1,4,4,2,0,0,0,973,0,0,0,0,0,0,1,nan,nan,nan,nan,nan,nan,nan
21341,1,4,4,2,0,0,0,973,0,0,0,0,0,0,1,nan,nan,nan,nan,nan,nan,nan
21342,1,4,4,2,0,0,0,973,0,0,0,0,0,0,1,nan,nan,nan,nan,nan,nan,nan
21343,1,5,4,1,1,0,0,973,0,0,0,0,0,0,1,16.821426192091167,nan,nan,13.317194092545833,nan,nan,nan
21344,1,5,4,1,1,0,0,973,0,0,0,0,0,1,0,nan,nan,nan,nan,nan,27.13152864006406,nan
21345,1,5,4,1,1,0,0,973,0,0,0,0,0,1,0,nan,nan,nan,nan,nan,nan,nan
21346,1,5,4,1,1,0,0,973,0,0,0,0,0,1,0,nan,nan,nan,nan,nan,nan,nan
21347,1,5,4,1,1,0,0,973,0,0,0,0,0,1,0,nan,nan,nan,nan,nan,nan,nan
21348,1,5,4,1,1,0,0,973,0,0,0,0,0,1,0,nan,nan,nan,nan,nan,nan,nan
21349,1,5,4,1,1,0,0,973,0,0,0,0,0,1,0,nan,nan,nan,nan,nan,nan,nan
21350,1,5,4,1,1,0,0,973,0,0,0,0,0,1,0,nan,nan,nan,nan,nan,nan,nan
21351,1,5,4,0,2,0,0,973,0,0,0,0,0,1,0,nan,nan,nan,8.185396978446079,nan,nan,nan
21352,1,5,4,0,2,0,0,973,0,0,0,0,0,1,0,nan,nan,nan,nan,nan,nan,nan
21353,1,5,4,0,2,0,0,973,0,0,0,0,0,1,0,nan,nan,nan,nan,nan,nan,nan
21354,1,5,4,0,2,0,0,973,0,0,0,0,0,1,0,nan,nan,nan,nan,nan,nan,nan
21355,1,4,5,0,2,0,0,973,0,0,0,0,0,1,0,nan,31.798953881316265,nan,nan,nan,nan,nan
21356,1,4,5,0,2,0,0,973,0,0,0,0,0,1,0,nan,nan,nan,nan,nan,nan,nan
21357,1,4,5,0,1,0,0,973,0,0,0,0,0,0,0,nan,nan,nan,nan,34.80438158563993,nan,nan
21358,1,4,5,0,1,0,0,973,0,0,0,0,0,0,0,nan,nan,nan,nan,nan,nan,nan
21359,1,4,5,0,1,0,0,973,0,0,0,0,0,0,0,nan,nan,nan,nan,nan,nan,nan
21360,1,4,5,0,1,0,0,973,0,0,0,0,0,0,0,nan,nan,nan,nan,nan,nan,nan
21361,1,4,5,0,1,0,0,973,0,0,0,0,0,0,0,nan,nan,nan,nan,nan,nan,nan
21362,1,4,4,1,1,0,0,973,0,0,0,0,0,0,0,nan,nan,31.626921817758557,nan,nan,nan,nan
21363,1,4,4,1,1,0,0,973,0,0,0,0,0,0,0,nan,nan,nan,nan,nan,nan,nan
21364,1,4,4,1,1,0,0,973,0,0,0,0,0,0,0,nan,nan,nan,nan,nan,nan,nan
21365,1,4,4,1,1,0,0,973,0,0,0,0,0,0,0,nan,nan,nan,nan,nan,nan,nan
21366,1,5,4,1,1,0,0,974,0,0,0,0,0,0,1,22.31386879351703,nan,nan,nan,nan,nan,28.23312008388166
21367,1,5,4,0,2,0,0,974,0,0,0,0,0,0,1,nan,nan,nan,15.503046016052394,nan,nan,nan
21368,1,5,4,0,2,0,0,974,0,0,0,0,0,0,1,nan,nan,nan,nan,nan,nan,nan
21369,1,5,4,0,2,0,0,974,0,0,0,0,0,0,1,nan,nan,nan,nan,nan,nan,nan
21370,1,5,4,0,2,0,0,974,0,0,0,0,0,0,1,nan,nan,nan,nan,nan,nan,nan
21371,1,5,4,0,2,0,0,974,0,0,0,0,0,1,0,nan,nan,nan,nan,nan,27.64493606196993,nan
21372,1,5,4,0,2,0,0,974,0,0,0,0,0,1,0,nan,nan,nan,nan,nan,nan,nan
21373,1,5,4,0,2,0,0,974,0,0,0,0,0,1,0,nan,nan,nan,nan,nan,nan,nan
21374,1,5,4,0,2,0,0,974,0,0,0,0,0,1,0,nan,nan,nan,nan,nan,nan,nan
21375,1,5,4,0,2,0,0,974,0,0,0,0,0,1,0,nan,nan,nan,nan,nan,nan,nan
21376,1,5,3,1,2,0,0,974,0,0,0,0,0,1,0,nan,nan,14.265396028742543,nan,nan,nan,nan
21377,1,5,3,1,2,0,0,974,0,0,0,0,0,1,0,nan,nan,nan,nan,nan,nan,nan
21378,1,4,4,1,2,0,0,974,0,0,0,0,0,1,0,nan,23.133348950199434,nan,nan,nan,nan,nan
21379,1,4,4,1,2,0,0,974,0,0,0,0,0,1,0,nan,nan,nan,nan,nan,nan,nan
21380,1,4,4,1,2,0,0,974,0,0,0,0,0,1,0,nan,nan,nan,nan,nan,nan,nan
21381,1,4,4,1,2,0,0,974,0,0,0,0,0,1,0,nan,nan,nan,nan,nan,nan,nan
21382,1,4,4,1,2,0,0,974,0,0,0,0,0,1,0,nan,nan,nan,nan,nan,nan,nan
21383,1,4,4,1,2,0,0,974,0,0,0,0,0,1,0,nan,nan,nan,nan,nan,nan,nan
21384,1,4,4,1,2,0,0,974,0,0,0,0,0,1,0,nan,nan,nan,nan,nan,nan,nan
21385,1,4,4,1,2,0,0,975,0,0,0,0,0,1,1,nan,nan,nan,nan,nan,nan,19.21273211512016
21386,1,4,4,1,2,0,0,975,0,0,0,0,0,1,1,nan,nan,nan,nan,nan,nan,nan
21387,1,4,4,1,2,0,0,975,0,0,0,0,0,1,1,nan,nan,nan,nan,nan,nan,nan
21388,1,4,4,1,1,0,0,975,0,0,0,0,0,0,1,nan,nan,nan,nan,31.58943423821256,nan,nan
21389,1,4,4,1,1,0,0,975,0,0,0,0,0,0,1,nan,nan,nan,nan,nan,nan,nan
21390,1,4,5,0,2,0,0,975,0,0,0,0,0,0,1,24.953499213592295,11.854738446618285,nan,23.326167158025783,nan,nan,nan
21391,1,4,5,0,2,0,0,975,0,0,0,0,0,0,1,nan,nan,nan,nan,nan,nan,nan
21392,1,4,5,0,2,0,0,975,0,0,0,0,0,0,1,nan,nan,nan,nan,nan,nan,nan
21393,1,4,5,0,2,0,0,975,0,0,0,0,0,0,1,nan,nan,nan,nan,nan,nan,nan
21394,1,4,5,0,2,0,0,975,0,0,0,0,0,0,1,nan,nan,nan,nan,nan,nan,nan
21395,1,4,5,0,2,0,0,975,0,0,0,0,0,0,1,nan,nan,nan,nan,nan,nan,nan
21396,1,4,5,0,2,0,0,975,0,0,0,0,0,0,1,nan,nan,nan,nan,nan,nan,nan
21397,1,4,5,0,2,0,0,975,0,0,0,0,0,0,1,nan,nan,nan,nan,nan,nan,nan
21398,1,4,5,0,2,0,0,975,0,0,0,0,0,0,1,nan,nan,nan,nan,nan,nan,nan
21399,1,4,5,0,2,0,0,975,0,0,0,0,0,0,1,nan,nan,nan,nan,nan,nan,nan
21400,1,4,5,0,2,0,0,975,0,0,0,0,0,0,1,nan,nan,nan,nan,nan,nan,nan
21401,1,4,5,0,2,0,0,975,0,2,0,0,0,0,1,nan,11.272987809010374,nan,nan,nan,nan,nan
21402,1,4,5,0,2,0,0,975,0,2,0,0,0,0,1,nan,nan,nan,nan,nan,nan,nan
21403,1,4,5,0,2,0,0,975,0,2,0,0,0,0,1,nan,nan,nan,nan,nan,nan,nan
21404,1,4,5,0,3,0,0,975,0,2,0,1,0,0,1,nan,nan,nan,13.435433099661168,nan,nan,nan
21405,1,4,5,0,3,0,0,975,0,2,0,1,0,0,1,nan,nan,nan,nan,nan,nan,nan
21406,1,4,5,0,3,0,0,975,0,2,0,1,0,0,1,nan,nan,nan,nan,nan,nan,nan
21407,1,4,5,0,3,0,0,975,0,2,0,1,0,0,1,nan,nan,nan,nan,nan,nan,nan
21408,1,4,5,0,3,0,0,975,0,2,0,1,0,0,1,nan,nan,nan,nan,nan,nan,nan
21409,1,4,5,0,3,0,0,975,0,2,0,1,0,0,1,nan,nan,nan,nan,nan,nan,nan
21410,1,4,5,0,3,0,0,975,0,2,0,1,0,0,1,nan,nan,nan,nan,nan,nan,nan
21411,1,3,5,0,3,0,0,975,0,0,0,0,0,0,1,nan,nan,34.81840605864636,nan,nan,nan,nan
21412,1,3,5,0,3,0,0,975,0,0,0,0,0,0,1,nan,nan,nan,nan,nan,nan,nan
21413,1,3,5,0,3,0,0,975,0,0,0,0,0,0,1,nan,nan,nan,nan,nan,nan,nan
21414,1,3,5,0,3,0,0,975,0,0,0,0,0,0,1,nan,nan,nan,nan,nan,nan,nan
21415,1,4,5,0,3,0,0,975,0,0,0,0,0,0,1,24.043520163639187,nan,nan,nan,nan,nan,nan
21416,1,4,5,0,3,0,0,975,0,0,0,0,0,1,0,nan,nan,nan,nan,nan,45.01509260085368,nan
21417,1,4,5,0,3,0,0,975,0,0,0,0,0,1,0,nan,nan,nan,nan,nan,nan,nan
21418,1,4,5,0,3,0,0,975,0,0,0,0,0,1,0,nan,nan,nan,nan,nan,nan,nan
21419,1,4,5,0,3,0,0,975,0,0,0,0,0,1,0,nan,nan,nan,nan,nan,nan,nan
21420,1,4,5,0,3,0,0,975,0,0,0,0,0,1,0,nan,nan,nan,nan,nan,nan,nan
21421,1,4,5,0,3,0,0,975,0,0,0,0,0,1,0,nan,nan,nan,nan,nan,nan,nan
21422,1,4,5,0,3,0,0,975,0,0,0,0,0,1,0,nan,nan,nan,nan,nan,nan,nan
21423,1,4,5,0,2,0,0,975,0,0,0,0,0,0,0,nan,nan,nan,nan,34.56547474056788,nan,nan
21424,1,4,5,0,2,0,0,975,0,0,0,0,0,0,0,nan,nan,nan,nan,nan,nan,nan
21425,1,4,5,0,2,0,0,975,0,0,0,0,0,0,0,nan,nan,nan,nan,nan,nan,nan
21426,1,4,5,0,2,0,0,975,0,0,0,0,0,0,0,nan,nan,nan,nan,nan,nan,nan
21427,1,4,5,0,2,0,0,975,0,0,0,0,0,0,0,nan,nan,nan,nan,nan,nan,nan
21428,1,4,5,0,2,0,0,975,0,0,0,0,0,0,0,nan,nan,nan,nan,nan,nan,nan
21429,1,4,5,0,2,0,0,975,0,0,0,0,0,0,0,nan,nan,nan,nan,nan,nan,nan
21430,1,4,5,0,2,0,0,975,0,2,0,0,0,0,0,nan,28.682288370368042,nan,nan,nan,nan,nan
21431,1,3,5,1,2,0,0,975,0,0,0,0,0,0,0,nan,nan,19.280883700190316,nan,nan,nan,nan
21432,1,3,5,1,2,0,0,976,0,0,0,0,0,0,1,nan,nan,nan,nan,nan,nan,46.796341864694114
21433,1,3,5,1,2,0,0,976,0,0,0,0,0,0,1,nan,nan,nan,nan,nan,nan,nan
21434,1,3,5,1,2,0,0,976,0,0,0,0,0,0,1,nan,nan,nan,nan,nan,nan,nan
21435,1,4,5,1,2,0,0,976,0,0,0,0,0,0,1,20.11511751470971,nan,nan,nan,nan,nan,nan
21436,1,4,5,1,2,0,0,976,0,0,0,0,0,0,1,nan,nan,nan,nan,nan,nan,nan
21437,1,4,5,1,2,0,0,976,0,0,0,0,0,0,1,nan,nan,nan,nan,nan,nan,nan
21438,1,4,5,0,3,0,0,976,0,0,0,0,0,0,1,nan,nan,nan,34.0664814575357,nan,nan,nan
21439,1,4,5,0,3,0,0,976,0,0,0,0,0,0,1,nan,nan,nan,nan,nan,nan,nan
21440,1,4,5,0,3,0,0,976,0,0,0,0,0,0,1,nan,nan,nan,nan,nan,nan,nan
21441,1,4,5,0,3,0,0,976,0,0,0,0,0,0,1,nan,nan,nan,nan,nan,nan,nan
21442,1,4,5,0,3,0,0,976,0,0,0,0,0,0,1,nan,nan,nan,nan,nan,nan,nan
21443,1,4,5,0,3,0,0,976,0,0,0,0,0,0,1,nan,nan,nan,nan,nan,nan,nan
21444,1,4,5,0,3,0,0,976,0,0,0,0,0,0,1,nan,nan,nan,nan,nan,nan,nan
21445,1,4,5,0,3,0,0,976,0,0,0,0,0,0,1,nan,nan,nan,nan,nan,nan,nan
21446,1,4,5,0,3,0,0,976,0,0,0,0,0,0,1,nan,nan,nan,nan,nan,nan,nan
21447,1,4,5,0,3,0,0,976,0,0,0,0,0,0,1,nan,nan,nan,nan,nan,nan,nan
21448,1,4,5,0,3,0,0,976,0,0,0,0,0,0,1,nan,nan,nan,nan,nan,nan,nan
21449,1,4,5,0,3,0,0,976,0,2,0,0,0,0,1,nan,18.92023921578948,nan,nan,nan,nan,nan
21450,1,4,5,0,2,1,0,976,0,2,0,0,0,0,1,nan,nan,nan,nan,27.36144155794318,nan,nan
21451,1,4,5,0,2,1,0,976,0,2,0,0,0,0,1,nan,nan,nan,nan,nan,nan,nan
21452,1,3,5,1,2,0,0,976,0,0,0,0,0,0,0,nan,nan,21.819240337496012,nan,nan,35.65037484701679,nan
21453,1,3,5,1,2,0,0,976,0,0,0,0,0,0,0,nan,nan,nan,nan,nan,nan,nan
21454,1,4,5,1,2,0,0,976,0,0,0,0,0,0,0,19.137510210752225,nan,nan,nan,nan,nan,nan
21455,1,4,5,1,2,0,0,976,0,0,0,0,0,0,0,nan,nan,nan,nan,nan,nan,nan
21456,1,4,5,0,3,0,0,976,0,0,0,0,0,0,0,nan,nan,nan,18.303055963566294,nan,nan,nan
21457,1,4,5,0,3,0,0,976,0,0,0,0,0,0,0,nan,nan,nan,nan,nan,nan,nan
21458,1,4,5,0,3,0,0,976,0,0,0,0,0,0,0,nan,nan,nan,nan,nan,nan,nan
21459,1,4,5,0,3,0,0,976,0,0,0,0,0,0,0,nan,nan,nan,nan,nan,nan,nan
21460,1,4,5,0,3,0,0,976,0,0,0,0,0,0,0,nan,nan,nan,nan,nan,nan,nan
21461,1,4,5,0,3,0,0,976,0,0,0,0,0,0,0,nan,nan,nan,nan,nan,nan,nan
21462,1,4,5,0,3,0,0,976,0,0,0,0,0,0,0,nan,nan,nan,nan,nan,nan,nan
21463,1,4,5,0,3,0,0,976,0,0,0,0,0,0,0,nan,nan,nan,nan,nan,nan,nan
21464,1,4,5,0,3,0,0,976,0,0,0,0,0,0,0,nan,nan,nan,nan,nan,nan,nan
21465,1,4,5,0,3,0,0,976,0,0,0,0,0,0,0,nan,nan,nan,nan,nan,nan,nan
21466,1,4,5,0,3,0,0,976,0,0,0,0,0,0,0,nan,nan,nan,nan,nan,nan,nan
21467,1,4,5,0,3,0,0,976,0,0,0,0,0,0,0,nan,nan,nan,nan,nan,nan,nan
21468,1,4,5,0,3,0,0,977,0,0,0,0,0,0,1,nan,nan,nan,nan,nan,nan,36.12917098265825
21469,1,4,5,0,3,0,0,977,0,0,0,0,0,0,1,nan,nan,nan,nan,nan,nan,nan
21470,1,4,5,0,2,1,0,977,0,2,0,0,0,0,1,nan,21.03095251477498,nan,nan,19.988445528804732,nan,nan
21471,1,5,5,0,3,1,0,977,0,2,0,1,0,0,1,17.372949504428107,nan,nan,15.352930527595163,nan,nan,nan
21472,1,5,5,0,3,1,0,977,0,2,0,1,0,0,1,nan,nan,nan,nan,nan,nan,nan
21473,1,5,5,0,3,1,0,977,0,2,0,1,0,0,1,nan,nan,nan,nan,nan,nan,nan
21474,1,5,5,0,3,1,0,977,0,2,0,1,0,0,1,nan,nan,nan,nan,nan,nan,nan
21475,1,5,5,0,3,1,0,977,0,2,0,1,0,0,1,nan,nan,nan,nan,nan,nan,nan
21476,1,5,5,0,3,0,0,977,0,2,0,1,0,0,0,nan,nan,nan,nan,nan,24.308739497555507,nan
21477,1,5,5,0,3,0,0,977,0,2,0,1,0,0,0,nan,nan,nan,nan,nan,nan,nan
21478,1,4,5,0,3,0,0,977,0,0,0,0,0,0,0,nan,nan,25.299145424593007,nan,nan,nan,nan
21479,1,4,5,0,3,0,0,977,0,0,0,0,0,0,0,nan,nan,nan,nan,nan,nan,nan
21480,1,5,5,0,3,0,0,977,0,0,0,0,0,0,0,8.534307732676098,nan,nan,nan,nan,nan,nan
21481,1,5,5,0,3,0,0,977,0,0,0,0,0,0,0,nan,nan,nan,nan,nan,nan,nan
21482,1,5,5,0,3,0,0,977,0,0,0,0,0,0,0,nan,nan,nan,nan,nan,nan,nan
21483,1,5,5,0,3,0,0,977,0,0,0,0,0,0,0,nan,nan,nan,nan,nan,nan,nan
21484,1,5,5,0,3,0,0,977,0,0,0,0,0,0,0,nan,nan,nan,nan,nan,nan,nan
21485,1,5,5,0,3,0,0,977,0,0,0,0,0,0,0,nan,nan,nan,nan,nan,nan,nan
21486,1,5,5,0,3,0,0,977,0,0,0,0,0,0,0,nan,nan,nan,nan,nan,nan,nan
21487,1,5,5,0,3,0,0,977,0,0,0,0,0,0,0,nan,nan,nan,nan,nan,nan,nan
21488,1,5,5,0,3,0,1,977,0,0,0,0,0,1,0,nan,nan,nan,nan,nan,12.210465610118263,nan
21489,1,5,5,0,3,0,1,977,0,0,0,0,0,1,0,nan,nan,nan,nan,nan,nan,nan
21490,1,5,5,0,3,0,1,977,0,0,0,0,0,1,0,nan,nan,nan,nan,nan,nan,nan
21491,1,5,5,0,2,0,1,977,0,2,0,0,0,0,0,nan,21.23716396877353,nan,nan,20.235372578925308,nan,nan
21492,1,5,5,0,2,0,1,977,2,2,0,0,0,0,0,12.654249317300128,nan,nan,nan,nan,nan,nan
21493,1,5,5,0,2,0,1,977,2,2,0,0,0,0,0,nan,nan,nan,nan,nan,nan,nan
21494,1,5,5,0,3,0,1,977,2,2,0,1,0,0,0,nan,nan,nan,22.505639789131237,nan,nan,nan
21495,1,5,5,0,3,0,1,977,2,2,0,1,0,0,0,nan,nan,nan,nan,nan,nan,nan
21496,1,5,5,0,3,0,1,977,2,2,0,1,0,0,0,nan,nan,nan,nan,nan,nan,nan
21497,1,5,5,0,3,0,1,977,0,0,0,0,0,0,0,nan,nan,19.177515472219966,nan,nan,nan,nan
21498,1,5,5,0,3,0,0,978,0,0,0,0,0,0,0,nan,nan,nan,nan,nan,nan,29.3428944673542
21499,1,5,5,0,3,0,0,978,0,0,0,0,0,0,0,nan,nan,nan,nan,nan,nan,nan
21500,1,5,5,0,3,0,0,978,0,0,0,0,0,0,0,nan,nan,nan,nan,nan,nan,nan
21501,1,5,5,0,3,0,0,978,0,0,0,0,0,0,0,nan,nan,nan,nan,nan,nan,nan
21502,1,5,5,0,3,0,0,978,0,0,0,0,0,0,0,nan,nan,nan,nan,nan,nan,nan
21503,1,5,5,0,3,0,0,978,0,0,0,0,0,0,0,nan,nan,nan,nan,nan,nan,nan
21504,1,5,5,0,3,0,0,978,0,0,0,0,0,0,0,nan,nan,nan,nan,nan,nan,nan
21505,1,5,5,0,3,0,0,978,0,0,0,0,0,0,0,nan,nan,nan,nan,nan,nan,nan
21506,1,5,5,0,3,0,0,978,0,0,0,0,0,0,0,nan,nan,nan,nan,nan,nan,nan
21507,1,5,5,0,3,0,0,978,0,0,0,0,0,0,0,nan,nan,nan,nan,nan,nan,nan
21508,1,5,5,0,3,0,0,978,0,0,0,0,0,0,0,nan,nan,nan,nan,nan,nan,nan
21509,1,5,5,0,3,0,0,978,0,2,0,0,0,0,0,nan,17.70259853937023,nan,nan,nan,nan,nan
21510,1,5,5,0,3,0,0,978,0,2,0,0,0,0,0,nan,nan,nan,nan,nan,nan,nan
21511,1,5,5,0,3,0,0,978,0,2,0,0,0,0,0,nan,nan,nan,nan,nan,nan,nan
21512,1,4,5,1,2,1,0,978,0,0,0,0,0,0,0,nan,nan,15.337316560580803,nan,20.98214918764279,nan,nan
21513,1,4,5,1,2,1,0,979,0,0,0,0,0,0,1,nan,nan,nan,nan,nan,nan,15.343421631147066
21514,1,4,5,1,2,0,0,979,0,0,0,0,0,0,0,nan,nan,nan,nan,nan,25.896147485975234,nan
21515,1,5,5,0,3,0,0,979,0,0,0,0,0,0,0,23.062366075144382,nan,nan,20.975364749549044,nan,nan,nan
21516,1,5,5,0,3,0,0,979,0,0,0,0,0,0,0,nan,nan,nan,nan,nan,nan,nan
21517,1,5,5,0,3,0,0,979,0,0,0,0,0,0,0,nan,nan,nan,nan,nan,nan,nan
21518,1,5,5,0,3,0,0,979,0,0,0,0,0,0,0,nan,nan,nan,nan,nan,nan,nan
21519,1,5,5,0,3,0,0,979,0,0,0,0,0,0,0,nan,nan,nan,nan,nan,nan,nan
21520,1,5,5,0,3,0,0,979,0,0,0,0,0,0,0,nan,nan,nan,nan,nan,nan,nan
21521,1,5,5,0,3,0,0,979,0,0,0,0,0,0,0,nan,nan,nan,nan,nan,nan,nan
21522,1,5,5,0,3,0,0,979,0,0,0,0,0,0,0,nan,nan,nan,nan,nan,nan,nan
21523,1,5,5,0,3,0,0,979,0,0,0,0,0,0,0,nan,nan,nan,nan,nan,nan,nan
21524,1,5,5,0,3,0,0,979,0,2,0,0,0,0,0,nan,15.705346136459411,nan,nan,nan,nan,nan
21525,1,5,5,0,3,0,1,979,0,2,0,0,0,1,0,nan,nan,nan,nan,nan,11.205118766429223,nan
21526,1,5,5,0,3,0,1,979,0,2,0,0,0,1,0,nan,nan,nan,nan,nan,nan,nan
21527,1,5,5,0,3,0,1,979,0,2,0,0,0,1,0,nan,nan,nan,nan,nan,nan,nan
21528,1,5,5,0,3,0,0,980,0,2,0,0,0,1,0,nan,nan,nan,nan,nan,nan,15.491846449131117
21529,1,5,5,0,3,0,0,980,0,2,0,0,0,1,0,nan,nan,nan,nan,nan,nan,nan
21530,1,5,5,0,3,0,0,980,0,2,0,0,0,1,0,nan,nan,nan,nan,nan,nan,nan
21531,1,5,5,0,3,0,0,980,0,2,0,0,0,1,0,nan,nan,nan,nan,nan,nan,nan
21532,1,5,5,0,3,0,0,980,2,2,0,0,0,1,0,17.046970601051726,nan,nan,nan,nan,nan,nan
21533,1,5,5,0,3,0,0,980,2,2,0,0,0,1,0,nan,nan,nan,nan,nan,nan,nan
21534,1,5,5,0,3,0,0,980,2,2,0,0,0,1,0,nan,nan,nan,nan,nan,nan,nan
21535,1,5,5,0,3,0,0,980,2,2,0,0,0,1,0,nan,nan,nan,nan,nan,nan,nan
21536,1,5,5,0,3,0,0,980,2,2,0,0,0,1,0,nan,nan,nan,nan,nan,nan,nan
21537,1,5,5,0,3,0,0,980,2,2,0,0,0,1,0,nan,nan,nan,nan,nan,nan,nan
21538,1,5,5,0,3,0,0,980,2,2,0,0,0,1,0,nan,nan,nan,nan,nan,nan,nan
21539,1,5,5,0,3,0,0,980,2,2,0,0,0,1,0,nan,nan,nan,nan,nan,nan,nan
21540,1,5,5,0,4,0,0,980,2,2,0,1,0,1,0,nan,nan,nan,25.26559156764779,nan,nan,nan
21541,1,5,5,0,4,0,0,980,2,2,0,1,0,1,0,nan,nan,nan,nan,nan,nan,nan
21542,1,5,5,0,4,0,0,980,2,2,0,1,0,1,0,nan,nan,nan,nan,nan,nan,nan
21543,1,5,5,0,4,0,0,980,2,2,0,1,0,1,0,nan,nan,nan,nan,nan,nan,nan
21544,1,5,5,0,3,0,0,980,2,2,0,1,0,0,0,nan,nan,nan,nan,32.96095718786091,nan,nan
21545,1,5,5,0,3,0,0,980,2,2,0,1,0,0,0,nan,nan,nan,nan,nan,nan,nan
21546,1,5,5,0,3,0,0,980,2,2,0,1,0,0,0,nan,nan,nan,nan,nan,nan,nan
21547,1,5,5,0,3,0,0,980,2,2,0,1,0,0,0,nan,nan,nan,nan,nan,nan,nan
21548,1,5,5,0,3,0,0,980,2,2,0,1,0,0,0,nan,nan,nan,nan,nan,nan,nan
21549,1,5,5,0,3,0,0,980,2,2,0,1,0,0,0,nan,nan,nan,nan,nan,nan,nan
21550,1,5,5,0,3,0,0,980,2,2,0,1,0,0,0,nan,nan,nan,nan,nan,nan,nan
21551,1,5,5,0,3,0,0,980,0,0,0,0,0,0,0,nan,nan,39.23550813975453,nan,nan,nan,nan
21552,1,5,5,0,3,0,0,980,0,0,0,0,0,0,0,nan,nan,nan,nan,nan,nan,nan
21553,1,5,5,0,3,0,0,980,0,0,0,0,0,0,0,nan,nan,nan,nan,nan,nan,nan
21554,1,5,5,0,2,1,0,980,0,0,0,0,0,0,0,nan,nan,nan,nan,9.25996720970943,nan,nan
21555,1,5,5,0,2,1,0,980,0,0,0,0,0,0,0,nan,nan,nan,nan,nan,nan,nan
21556,1,5,5,0,2,1,0,980,0,0,0,0,0,0,0,nan,nan,nan,nan,nan,nan,nan
21557,1,5,5,0,2,1,0,980,0,0,0,0,0,0,0,nan,nan,nan,nan,nan,nan,nan
21558,1,5,5,0,2,0,0,981,0,0,0,0,0,0,0,nan,nan,nan,nan,nan,32.83397637024609,29.253156436327117
21559,1,5,5,0,2,0,0,981,0,0,0,0,0,0,0,nan,nan,nan,nan,nan,nan,nan
21560,1,5,5,0,2,0,0,981,0,0,0,0,0,0,0,nan,nan,nan,nan,nan,nan,nan
21561,1,5,5,0,2,0,0,981,0,0,0,0,0,0,0,nan,nan,nan,nan,nan,nan,nan
21562,1,5,5,0,2,0,0,981,2,2,0,0,0,0,0,29.812022620113567,38.179211322571064,nan,nan,nan,nan,nan
21563,1,5,5,0,2,0,0,981,2,2,0,0,0,0,0,nan,nan,nan,nan,nan,nan,nan
21564,1,5,5,0,2,0,0,981,2,2,0,0,0,0,0,nan,nan,nan,nan,nan,nan,nan
21565,1,5,5,0,2,0,0,981,2,2,0,0,0,0,0,nan,nan,nan,nan,nan,nan,nan
21566,1,5,5,0,1,1,0,981,2,2,0,0,0,0,0,nan,nan,nan,nan,12.251680184763245,nan,nan
21567,1,5,5,0,1,1,0,981,2,2,0,0,0,0,0,nan,nan,nan,nan,nan,nan,nan
21568,1,5,5,0,1,1,0,981,2,2,0,0,0,0,0,nan,nan,nan,nan,nan,nan,nan
21569,1,5,5,0,1,1,0,981,2,2,0,0,0,0,0,nan,nan,nan,nan,nan,nan,nan
21570,1,5,5,0,1,1,0,981,2,2,0,0,0,0,0,nan,nan,nan,nan,nan,nan,nan
21571,1,5,5,0,2,1,0,981,2,2,0,1,0,0,0,nan,nan,nan,30.653188675256388,nan,nan,nan
21572,1,5,5,0,2,1,0,981,2,2,0,1,0,0,0,nan,nan,nan,nan,nan,nan,nan
21573,1,5,5,0,2,1,0,982,2,2,0,1,0,0,1,nan,nan,nan,nan,nan,nan,15.325803798830748
21574,1,5,5,0,2,0,0,982,0,0,0,0,0,0,0,nan,nan,22.908627545057243,nan,nan,16.16274499240535,nan
21575,1,5,5,0,2,0,0,982,0,0,0,0,0,0,0,nan,nan,nan,nan,nan,nan,nan
21576,1,5,5,0,2,0,0,982,0,0,0,0,0,0,0,nan,nan,nan,nan,nan,nan,nan
21577,1,5,5,0,2,0,0,982,0,0,0,0,0,0,0,nan,nan,nan,nan,nan,nan,nan
21578,1,5,5,0,2,0,0,982,0,0,0,0,0,0,0,nan,nan,nan,nan,nan,nan,nan
21579,1,5,5,0,2,0,0,982,0,0,0,0,0,0,0,nan,nan,nan,nan,nan,nan,nan
21580,1,5,5,0,2,0,0,982,0,0,0,0,0,0,0,nan,nan,nan,nan,nan,nan,nan
21581,1,5,5,0,2,0,0,982,0,0,0,0,0,0,0,nan,nan,nan,nan,nan,nan,nan
21582,1,5,5,0,2,0,0,982,0,0,0,0,0,0,0,nan,nan,nan,nan,nan,nan,nan
21583,1,5,5,0,2,0,0,982,0,0,0,0,0,0,0,nan,nan,nan,nan,nan,nan,nan
21584,1,5,5,0,2,0,0,982,0,0,0,0,0,0,0,nan,nan,nan,nan,nan,nan,nan
21585,1,5,5,0,2,0,0,982,0,0,0,0,0,0,0,nan,nan,nan,nan,nan,nan,nan
21586,1,5,5,0,2,0,0,982,0,0,0,0,0,0,0,nan,nan,nan,nan,nan,nan,nan
21587,1,5,5,0,2,0,0,982,0,0,0,0,0,0,0,nan,nan,nan,nan,nan,nan,nan
21588,1,5,5,0,3,0,0,982,0,0,0,1,0,0,0,nan,nan,nan,16.718983823189774,nan,nan,nan
21589,1,5,5,0,3,0,0,982,0,0,0,1,0,0,0,nan,nan,nan,nan,nan,nan,nan
21590,1,5,5,0,3,0,0,982,0,0,0,1,0,0,0,nan,nan,nan,nan,nan,nan,nan
21591,1,5,5,0,3,0,0,982,0,0,0,1,0,0,0,nan,nan,nan,nan,nan,nan,nan
21592,1,5,5,0,3,0,0,983,2,0,0,1,0,0,1,29.95382515955498,nan,nan,nan,nan,nan,19.25259221606757
21593,1,5,4,0,3,0,0,983,2,0,0,0,0,0,1,nan,nan,18.89597613875594,nan,nan,nan,nan
21594,1,5,4,0,3,0,0,983,2,0,0,0,0,1,0,nan,nan,nan,nan,nan,19.22804236472075,nan
21595,1,5,4,0,3,0,0,983,2,0,0,0,0,1,0,nan,nan,nan,nan,nan,nan,nan
21596,1,5,4,0,3,0,0,983,2,0,0,0,0,1,0,nan,nan,nan,nan,nan,nan,nan
21597,1,5,4,0,3,0,0,983,2,0,0,0,0,1,0,nan,nan,nan,nan,nan,nan,nan
21598,1,5,4,0,2,0,0,983,2,0,0,0,0,0,0,nan,nan,nan,nan,32.222347024388,nan,nan
21599,1,5,4,0,2,0,0,983,2,0,0,0,0,0,0,nan,nan,nan,nan,nan,nan,nan
21600,1,5,4,0,2,0,0,983,2,0,0,0,0,0,0,nan,nan,nan,nan,nan,nan,nan
21601,1,5,4,0,2,0,0,983,2,0,0,0,0,0,0,nan,nan,nan,nan,nan,nan,nan
21602,1,5,4,0,2,0,0,983,2,0,0,0,0,0,0,nan,nan,nan,nan,nan,nan,nan
21603,1,5,4,0,2,0,0,983,2,0,0,0,0,0,0,nan,nan,nan,nan,nan,nan,nan
21604,1,5,4,0,2,0,0,983,2,0,0,0,0,0,0,nan,nan,nan,nan,nan,nan,nan
21605,1,5,4,0,2,0,0,983,2,0,0,0,0,0,0,nan,nan,nan,nan,nan,nan,nan
21606,1,5,4,0,2,0,0,983,2,0,0,0,0,0,0,nan,nan,nan,nan,nan,nan,nan
21607,1,5,4,0,2,0,0,983,2,0,0,0,0,0,0,nan,nan,nan,nan,nan,nan,nan
21608,1,5,5,0,2,0,1,983,0,0,0,0,0,1,0,nan,46.01089565352959,nan,nan,nan,13.893578087361675,nan
21609,1,5,4,1,2,0,1,983,0,0,0,0,0,1,0,nan,nan,15.910861679487425,nan,nan,nan,nan
21610,1,5,4,1,2,0,1,983,0,0,0,0,0,1,0,nan,nan,nan,nan,nan,nan,nan
21611,1,5,4,0,3,0,1,983,0,0,0,0,0,1,0,nan,nan,nan,23.197398540345603,nan,nan,nan
21612,1,5,4,0,3,0,1,983,0,0,0,0,0,1,0,nan,nan,nan,nan,nan,nan,nan
21613,1,5,4,0,3,0,1,983,0,0,0,0,0,1,0,nan,nan,nan,nan,nan,nan,nan
21614,1,5,4,0,3,0,1,983,0,0,0,0,0,1,0,nan,nan,nan,nan,nan,nan,nan
21615,1,5,4,0,3,0,1,983,0,0,0,0,0,1,0,nan,nan,nan,nan,nan,nan,nan
21616,1,5,4,0,3,0,0,984,0,0,0,0,0,1,0,nan,nan,nan,nan,nan,nan,23.66529057248772
21617,1,5,4,0,3,0,0,984,0,0,0,0,0,1,0,nan,nan,nan,nan,nan,nan,nan
21618,1,5,4,0,3,0,0,984,0,0,0,0,0,1,0,nan,nan,nan,nan,nan,nan,nan
21619,1,5,4,0,3,0,0,984,0,0,0,0,0,1,0,nan,nan,nan,nan,nan,nan,nan
21620,1,5,4,0,3,0,0,984,0,0,0,0,0,1,0,nan,nan,nan,nan,nan,nan,nan
21621,1,5,4,0,3,0,0,984,0,0,0,0,0,1,0,nan,nan,nan,nan,nan,nan,nan
21622,1,5,4,0,3,0,0,984,0,0,0,0,0,1,0,nan,nan,nan,nan,nan,nan,nan
21623,1,5,4,0,3,0,0,984,0,0,0,0,0,1,0,nan,nan,nan,nan,nan,nan,nan
21624,1,5,4,0,3,0,0,984,0,0,0,0,0,1,0,nan,nan,nan,nan,nan,nan,nan
21625,1,5,4,0,3,0,0,984,0,0,0,0,0,1,0,nan,nan,nan,nan,nan,nan,nan
21626,1,4,5,0,3,0,0,984,0,0,0,0,0,1,0,nan,17.39154974519988,nan,nan,nan,nan,nan
21627,1,5,5,0,3,0,0,984,0,0,0,0,0,1,0,35.178190911956335,nan,nan,nan,nan,nan,nan
21628,1,5,5,0,3,0,0,985,0,0,0,0,0,1,1,nan,nan,nan,nan,nan,nan,12.599041764573485
21629,1,5,5,0,3,0,0,985,0,0,0,0,0,1,1,nan,nan,nan,nan,nan,nan,nan
21630,1,5,5,0,3,0,0,985,0,0,0,0,0,1,1,nan,nan,nan,nan,nan,nan,nan
21631,1,5,5,0,3,0,0,985,0,0,0,0,0,1,1,nan,nan,nan,nan,nan,nan,nan
21632,1,5,5,0,2,0,0,985,0,0,0,0,0,0,1,nan,nan,nan,nan,33.83090320955671,nan,nan
21633,1,5,5,0,2,0,0,985,0,0,0,0,0,0,1,nan,nan,nan,nan,nan,nan,nan
21634,1,5,5,0,2,0,0,985,0,0,0,0,0,0,1,nan,nan,nan,nan,nan,nan,nan
21635,1,5,5,0,2,0,0,985,0,0,0,0,0,0,1,nan,nan,nan,nan,nan,nan,nan
21636,1,5,5,0,2,0,0,985,0,0,0,0,0,0,1,nan,nan,nan,nan,nan,nan,nan
21637,1,5,5,0,2,0,0,985,2,0,0,0,0,0,1,10.05060292910639,nan,nan,nan,nan,nan,nan
21638,1,5,5,0,2,0,0,985,2,0,0,0,0,0,1,nan,nan,nan,nan,nan,nan,nan
21639,1,5,5,0,2,0,0,985,2,0,0,0,0,0,1,nan,nan,nan,nan,nan,nan,nan
21640,1,5,5,0,3,0,0,985,2,2,0,1,0,0,1,nan,13.893290933276148,nan,29.39456262321255,nan,nan,nan
21641,1,5,5,0,3,0,0,985,0,0,0,0,0,0,1,nan,nan,32.07514969341719,nan,nan,nan,nan
21642,1,5,5,0,3,0,0,985,0,0,0,0,0,0,1,nan,nan,nan,nan,nan,nan,nan
21643,1,5,5,0,3,0,0,985,0,0,0,0,0,0,1,nan,nan,nan,nan,nan,nan,nan
21644,1,5,5,0,3,0,0,985,0,0,0,0,0,0,1,nan,nan,nan,nan,nan,nan,nan
21645,1,5,5,0,3,0,0,985,0,0,0,0,0,0,1,nan,nan,nan,nan,nan,nan,nan
21646,1,5,5,0,3,0,0,985,0,0,0,0,0,0,1,nan,nan,nan,nan,nan,nan,nan
21647,1,5,5,0,2,0,0,985,0,0,0,0,0,0,0,nan,nan,nan,nan,14.529359912554355,39.01918497759834,nan
21648,1,5,5,0,2,0,0,985,0,0,0,0,0,0,0,nan,nan,nan,nan,nan,nan,nan
21649,1,5,5,0,2,0,0,985,0,0,0,0,0,0,0,nan,nan,nan,nan,nan,nan,nan
21650,1,5,5,0,2,0,0,985,0,0,0,0,0,0,0,nan,nan,nan,nan,nan,nan,nan
21651,1,5,5,0,3,0,0,985,0,0,0,1,0,0,0,nan,nan,nan,10.69528357974923,nan,nan,nan
21652,1,5,5,0,3,0,0,985,2,0,0,1,0,0,0,14.776602305984852,nan,nan,nan,nan,nan,nan
21653,1,5,5,0,3,0,0,985,2,0,0,1,0,0,0,nan,nan,nan,nan,nan,nan,nan
21654,1,5,5,0,3,0,0,985,2,0,0,1,0,0,0,nan,nan,nan,nan,nan,nan,nan
21655,1,5,5,0,3,0,0,985,2,0,0,1,0,0,0,nan,nan,nan,nan,nan,nan,nan
21656,1,5,5,0,3,0,0,985,2,0,0,1,0,0,0,nan,nan,nan,nan,nan,nan,nan
21657,1,5,5,0,3,0,0,985,2,0,0,1,0,0,0,nan,nan,nan,nan,nan,nan,nan
21658,1,5,5,0,3,0,0,986,2,0,0,1,0,0,1,nan,nan,nan,nan,nan,nan,29.402177251002286
21659,1,5,5,0,3,0,0,986,2,0,0,1,0,0,1,nan,nan,nan,nan,nan,nan,nan
21660,1,5,5,0,3,0,0,986,2,0,0,1,0,0,1,nan,nan,nan,nan,nan,nan,nan
21661,1,5,5,0,3,0,0,986,2,0,0,1,0,0,1,nan,nan,nan,nan,nan,nan,nan
21662,1,5,5,0,2,1,0,986,2,2,0,1,0,0,1,nan,22.64683319242249,nan,nan,15.23748192086714,nan,nan
21663,1,5,5,0,2,1,0,986,2,2,0,1,0,0,1,nan,nan,nan,nan,nan,nan,nan
21664,1,5,5,0,2,1,0,986,2,2,0,1,0,0,1,nan,nan,nan,nan,nan,nan,nan
21665,1,5,5,0,2,1,0,986,2,2,0,1,0,0,1,nan,nan,nan,nan,nan,nan,nan
21666,1,5,5,0,2,1,0,986,2,2,0,1,0,0,1,nan,nan,nan,nan,nan,nan,nan
21667,1,5,5,0,2,0,0,986,2,2,0,1,0,0,0,nan,nan,nan,nan,nan,20.39105931931772,nan
21668,1,5,5,0,2,0,0,986,2,2,0,1,0,0,0,nan,nan,nan,nan,nan,nan,nan
21669,1,5,5,0,2,0,0,986,2,2,0,1,0,0,0,nan,nan,nan,nan,nan,nan,nan
21670,1,5,5,0,2,0,0,986,2,2,0,1,0,0,0,nan,nan,nan,nan,nan,nan,nan
21671,1,5,5,0,2,0,0,986,2,2,0,1,0,0,0,nan,nan,nan,nan,nan,nan,nan
21672,1,5,5,0,2,0,0,986,2,2,0,1,0,0,0,nan,nan,nan,nan,nan,nan,nan
21673,1,5,5,0,2,0,0,986,2,2,0,1,0,0,0,nan,nan,nan,nan,nan,nan,nan
21674,1,5,5,0,2,0,0,986,2,2,0,1,0,0,0,nan,nan,nan,nan,nan,nan,nan
21675,1,5,5,0,2,0,0,986,2,2,0,1,0,0,0,nan,nan,nan,nan,nan,nan,nan
21676,1,5,5,0,2,0,0,986,2,2,0,1,0,0,0,nan,nan,nan,nan,nan,nan,nan
21677,1,5,5,0,2,0,0,986,2,2,0,1,0,0,0,nan,nan,nan,nan,nan,nan,nan
21678,1,5,5,0,2,0,0,987,2,2,0,1,0,0,1,nan,nan,nan,nan,nan,nan,20.137960289568582
21679,1,5,5,0,2,0,0,987,0,0,0,0,0,0,1,nan,nan,38.05609764676774,nan,nan,nan,nan
21680,1,5,5,0,2,0,0,987,0,0,0,0,0,0,1,nan,nan,nan,nan,nan,nan,nan
21681,1,5,5,0,1,1,0,987,0,0,0,0,0,0,1,nan,nan,nan,nan,18.90261057654061,nan,nan
21682,1,5,5,0,1,1,0,987,0,0,0,0,0,0,1,nan,nan,nan,nan,nan,nan,nan
21683,1,5,5,0,1,1,0,987,0,0,0,0,0,0,1,nan,nan,nan,nan,nan,nan,nan
21684,1,5,5,0,1,1,0,987,0,0,0,0,0,0,1,nan,nan,nan,nan,nan,nan,nan
21685,1,5,5,0,1,1,0,987,0,0,0,0,0,0,1,nan,nan,nan,nan,nan,nan,nan
21686,1,5,5,0,1,1,0,987,0,0,0,0,0,0,1,nan,nan,nan,nan,nan,nan,nan
21687,1,5,5,0,1,1,0,987,0,0,0,0,0,0,1,nan,nan,nan,nan,nan,nan,nan
21688,1,5,5,0,1,1,0,987,0,2,0,0,0,0,1,nan,25.724235139881785,nan,nan,nan,nan,nan
21689,1,5,5,0,1,1,0,987,0,2,0,0,0,0,1,nan,nan,nan,nan,nan,nan,nan
21690,1,5,5,0,1,1,0,987,0,2,0,0,0,0,1,nan,nan,nan,nan,nan,nan,nan
21691,1,5,5,0,2,1,0,987,0,2,0,1,0,0,1,nan,nan,nan,39.884951129046385,nan,nan,nan
21692,1,5,5,0,2,0,0,987,2,2,0,1,0,0,0,39.6770260979647,nan,nan,nan,nan,25.234138825711852,nan
21693,1,5,5,0,2,0,0,987,2,2,0,1,0,0,0,nan,nan,nan,nan,nan,nan,nan
21694,1,5,5,0,2,0,0,987,2,2,0,1,0,0,0,nan,nan,nan,nan,nan,nan,nan
21695,1,5,5,0,2,0,0,987,2,2,0,1,0,0,0,nan,nan,nan,nan,nan,nan,nan
21696,1,5,5,0,2,0,0,987,2,2,0,1,0,0,0,nan,nan,nan,nan,nan,nan,nan
21697,1,5,5,0,2,0,0,987,2,2,0,1,0,0,0,nan,nan,nan,nan,nan,nan,nan
21698,1,5,5,0,2,0,0,987,2,2,0,1,0,0,0,nan,nan,nan,nan,nan,nan,nan
21699,1,5,5,0,2,0,0,987,2,2,0,1,0,0,0,nan,nan,nan,nan,nan,nan,nan
21700,1,5,5,0,1,1,0,987,2,2,0,1,0,0,0,nan,nan,nan,nan,19.27184916704209,nan,nan
21701,1,5,5,0,1,1,0,987,2,2,0,1,0,0,0,nan,nan,nan,nan,nan,nan,nan
21702,1,5,5,0,1,1,0,987,2,2,0,1,0,0,0,nan,nan,nan,nan,nan,nan,nan
21703,1,5,5,0,1,0,1,987,2,2,0,1,0,0,0,nan,nan,nan,nan,nan,11.25007036322495,nan
21704,1,5,5,0,1,0,1,987,2,2,0,1,0,0,0,nan,nan,nan,nan,nan,nan,nan
21705,1,5,5,0,1,0,1,987,2,2,0,1,0,0,0,nan,nan,nan,nan,nan,nan,nan
21706,1,5,5,0,1,0,1,987,2,2,0,1,0,0,0,nan,nan,nan,nan,nan,nan,nan
21707,1,5,5,0,1,0,1,987,2,2,0,1,0,0,0,nan,nan,nan,nan,nan,nan,nan
21708,1,5,5,0,1,0,1,987,2,2,0,1,0,0,0,nan,nan,nan,nan,nan,nan,nan
21709,1,5,5,0,1,0,1,987,2,2,0,1,0,0,0,nan,nan,nan,nan,nan,nan,nan
21710,1,5,5,0,1,0,1,987,2,2,0,1,0,0,0,nan,nan,nan,nan,nan,nan,nan
21711,1,5,5,0,1,0,1,987,2,2,0,1,0,0,0,nan,nan,nan,nan,nan,nan,nan
21712,1,5,5,0,1,0,1,987,0,0,0,0,0,0,0,nan,nan,32.83770030435335,nan,nan,nan,nan
21713,1,5,5,0,1,0,1,987,0,0,0,0,0,0,0,nan,nan,nan,nan,nan,nan,nan
21714,1,5,5,0,1,0,1,987,0,0,0,0,0,0,0,nan,nan,nan,nan,nan,nan,nan
21715,1,5,5,0,1,0,2,987,0,0,0,0,0,1,0,nan,nan,nan,nan,nan,11.167226935576764,nan
21716,1,5,5,0,1,0,1,988,0,0,0,0,0,1,0,nan,nan,nan,nan,nan,nan,38.33013772350387
21717,1,5,5,0,1,0,1,988,0,0,0,0,0,1,0,nan,nan,nan,nan,nan,nan,nan
21718,1,5,5,0,1,0,1,988,0,0,0,0,0,1,0,nan,nan,nan,nan,nan,nan,nan
21719,1,5,5,0,1,0,1,988,0,0,0,0,0,1,0,nan,nan,nan,nan,nan,nan,nan
21720,1,5,5,0,0,0,1,988,0,0,0,0,0,0,0,nan,nan,nan,nan,20.25421178038596,nan,nan
21721,1,5,5,0,0,0,1,988,0,0,0,0,0,0,0,nan,nan,nan,nan,nan,nan,nan
21722,1,5,5,0,0,0,1,988,0,0,0,0,0,0,0,nan,nan,nan,nan,nan,nan,nan
21723,1,5,5,0,0,0,1,988,0,0,0,0,0,0,0,nan,nan,nan,nan,nan,nan,nan
21724,1,5,5,0,0,0,1,988,0,0,0,0,0,0,0,nan,nan,nan,nan,nan,nan,nan
21725,1,5,5,0,0,0,1,988,0,0,0,0,0,0,0,nan,nan,nan,nan,nan,nan,nan
21726,1,5,5,0,0,0,1,988,0,0,0,0,0,0,0,nan,nan,nan,nan,nan,nan,nan
21727,1,5,5,0,0,0,1,988,0,0,0,0,0,0,0,nan,nan,nan,nan,nan,nan,nan
21728,1,5,5,0,0,0,1,988,0,0,0,0,0,0,0,nan,nan,nan,nan,nan,nan,nan
21729,1,5,5,0,0,0,1,988,0,0,0,0,0,0,0,nan,nan,nan,nan,nan,nan,nan
21730,1,5,5,0,0,0,1,988,2,2,0,0,0,0,0,37.682187303133105,42.21810517056292,nan,nan,nan,nan,nan
21731,1,5,5,0,0,0,1,988,2,2,0,0,0,0,0,nan,nan,nan,nan,nan,nan,nan
21732,1,5,5,0,0,0,1,988,2,2,0,0,0,0,0,nan,nan,nan,nan,nan,nan,nan
21733,1,5,5,0,0,0,1,988,2,2,0,0,0,0,0,nan,nan,nan,nan,nan,nan,nan
21734,1,5,5,1,0,0,0,989,0,0,0,0,0,0,0,nan,nan,22.089175849800085,nan,nan,nan,17.302771129561734
21735,1,5,5,1,0,0,0,989,0,0,0,0,0,0,0,nan,nan,nan,nan,nan,nan,nan
21736,1,5,5,0,1,0,0,989,0,0,0,0,0,0,0,nan,nan,nan,45.66029671410797,nan,nan,nan
21737,1,5,5,0,1,0,0,989,0,0,0,0,0,0,0,nan,nan,nan,nan,nan,nan,nan
21738,1,5,5,0,1,0,0,989,0,0,0,0,0,0,0,nan,nan,nan,nan,nan,nan,nan
21739,1,5,5,0,1,0,1,989,0,0,0,0,0,1,0,nan,nan,nan,nan,nan,24.62595355891972,nan
21740,1,5,5,0,1,0,1,989,0,0,0,0,0,1,0,nan,nan,nan,nan,nan,nan,nan
21741,1,5,5,0,1,0,1,989,0,0,0,0,0,1,0,nan,nan,nan,nan,nan,nan,nan
21742,1,5,5,0,1,0,1,989,0,0,0,0,0,1,0,nan,nan,nan,nan,nan,nan,nan
21743,1,5,5,0,1,0,1,989,0,0,0,0,0,1,0,nan,nan,nan,nan,nan,nan,nan
21744,1,5,5,0,1,0,1,989,0,0,0,0,0,1,0,nan,nan,nan,nan,nan,nan,nan
21745,1,5,5,0,0,0,0,990,0,0,0,0,0,0,0,nan,nan,nan,nan,24.31286686072417,nan,11.046729348308872
21746,1,5,5,0,0,0,0,990,0,0,0,0,0,0,0,nan,nan,nan,nan,nan,nan,nan
21747,1,5,5,0,0,0,0,990,0,2,0,0,0,0,0,nan,16.36432426824831,nan,nan,nan,nan,nan
21748,1,5,5,0,0,0,0,990,0,2,0,0,0,0,0,nan,nan,nan,nan,nan,nan,nan
21749,1,5,5,0,0,0,0,990,0,2,0,0,0,0,0,nan,nan,nan,nan,nan,nan,nan
21750,1,5,5,0,0,0,0,990,0,2,0,0,0,0,0,nan,nan,nan,nan,nan,nan,nan
21751,1,5,5,0,0,0,0,990,0,2,0,0,0,0,0,nan,nan,nan,nan,nan,nan,nan
21752,1,5,5,0,0,0,0,990,0,2,0,0,0,0,0,nan,nan,nan,nan,nan,nan,nan
21753,1,5,5,0,0,0,0,990,0,2,0,0,0,0,0,nan,nan,nan,nan,nan,nan,nan
21754,1,5,5,0,0,0,0,990,0,2,0,0,0,0,0,nan,nan,nan,nan,nan,nan,nan
21755,1,5,5,0,0,0,0,990,0,2,0,0,0,0,0,nan,nan,nan,nan,nan,nan,nan
21756,1,5,5,0,1,0,0,990,0,2,0,1,0,0,0,nan,nan,nan,19.56668649132189,nan,nan,nan
21757,1,5,5,0,1,0,0,990,2,2,0,1,0,0,0,27.015763760460686,nan,nan,nan,nan,nan,nan
21758,1,5,5,0,1,0,0,990,2,2,0,1,0,0,0,nan,nan,nan,nan,nan,nan,nan
21759,1,5,5,0,1,0,0,990,2,2,0,1,0,0,0,nan,nan,nan,nan,nan,nan,nan
21760,1,5,5,0,1,0,0,990,2,2,0,1,0,0,0,nan,nan,nan,nan,nan,nan,nan
21761,1,5,5,0,1,0,0,991,2,2,0,1,0,0,1,nan,nan,nan,nan,nan,nan,16.253456719256064
21762,1,5,5,0,0,1,0,991,2,2,0,1,0,0,1,nan,nan,nan,nan,17.843988350592554,nan,nan
21763,1,5,5,0,0,1,0,991,2,2,0,1,0,0,1,nan,nan,nan,nan,nan,nan,nan
21764,1,5,5,0,0,1,0,991,2,2,0,1,0,0,1,nan,nan,nan,nan,nan,nan,nan
21765,1,5,5,0,0,1,0,991,2,2,0,1,0,0,1,nan,nan,nan,nan,nan,nan,nan
21766,1,5,5,0,0,1,0,991,2,2,0,1,0,0,1,nan,nan,nan,nan,nan,nan,nan
21767,1,5,5,0,0,0,0,991,2,2,0,1,0,0,0,nan,nan,nan,nan,nan,27.69165820292619,nan
21768,1,5,5,0,0,0,0,991,2,2,0,1,0,0,0,nan,nan,nan,nan,nan,nan,nan
21769,1,5,5,0,0,0,0,991,2,2,0,1,0,0,0,nan,nan,nan,nan,nan,nan,nan
21770,1,5,5,0,0,0,0,991,2,2,0,1,0,0,0,nan,nan,nan,nan,nan,nan,nan
21771,1,5,5,0,0,0,0,991,2,2,0,1,0,0,0,nan,nan,nan,nan,nan,nan,nan
21772,1,5,5,0,0,0,0,991,2,2,0,1,0,0,0,nan,nan,nan,nan,nan,nan,nan
21773,1,5,5,0,0,0,0,991,2,2,0,1,0,0,0,nan,nan,nan,nan,nan,nan,nan
21774,1,5,5,0,0,0,0,991,0,0,0,0,0,0,0,nan,nan,39.603929422071815,nan,nan,nan,nan
21775,1,5,5,0,0,0,0,991,0,0,0,0,0,0,0,nan,nan,nan,nan,nan,nan,nan
21776,1,5,5,0,0,0,0,991,0,0,0,0,0,0,0,nan,nan,nan,nan,nan,nan,nan
21777,1,5,5,0,0,0,0,991,0,0,0,0,0,0,0,nan,nan,nan,nan,nan,nan,nan
21778,1,5,5,0,0,0,0,992,0,0,0,0,0,0,1,nan,nan,nan,nan,nan,nan,17.09037830683883
21779,1,5,5,0,0,0,0,992,0,0,0,0,0,0,1,nan,nan,nan,nan,nan,nan,nan
21780,1,5,5,0,0,1,0,992,0,0,0,0,1,0,1,nan,nan,nan,nan,17.980121523243724,nan,nan
21781,1,5,5,0,0,1,0,992,0,0,0,0,1,0,1,nan,nan,nan,nan,nan,nan,nan
21782,1,5,5,0,0,0,0,992,0,0,0,0,1,0,0,nan,nan,nan,nan,nan,15.184772596519906,nan
21783,1,5,5,0,0,0,0,992,0,0,0,0,1,0,0,nan,nan,nan,nan,nan,nan,nan
21784,1,5,5,0,0,0,0,992,0,0,0,0,1,0,0,nan,nan,nan,nan,nan,nan,nan
21785,1,5,5,1,0,0,0,992,0,0,0,0,1,0,0,28.499574560170004,37.84288490365361,10.963866606238298,nan,nan,nan,nan
21786,1,5,5,1,0,0,0,992,0,0,0,0,1,0,0,nan,nan,nan,nan,nan,nan,nan
21787,1,5,5,1,0,0,0,992,0,0,0,0,1,0,0,nan,nan,nan,nan,nan,nan,nan
21788,1,5,5,1,0,0,0,992,0,0,0,0,1,0,0,nan,nan,nan,nan,nan,nan,nan
21789,1,5,5,1,0,0,0,992,0,0,0,0,1,0,0,nan,nan,nan,nan,nan,nan,nan
21790,1,5,5,1,0,0,0,992,0,0,0,0,1,0,0,nan,nan,nan,nan,nan,nan,nan
21791,1,5,5,1,0,0,0,992,0,0,0,0,1,0,0,nan,nan,nan,nan,nan,nan,nan
21792,1,5,5,1,0,0,0,992,0,0,0,0,1,0,0,nan,nan,nan,nan,nan,nan,nan
21793,1,5,5,1,0,0,0,992,0,0,0,0,1,0,0,nan,nan,nan,nan,nan,nan,nan
21794,1,5,5,0,0,0,1,992,0,0,0,0,0,1,0,nan,nan,nan,38.278518113002065,nan,11.73415345043395,nan
21795,1,5,5,0,0,0,1,992,0,0,0,0,0,1,0,nan,nan,nan,nan,nan,nan,nan
21796,1,5,5,0,0,0,1,992,0,0,0,0,0,1,0,nan,nan,nan,nan,nan,nan,nan
21797,1,5,5,0,0,0,1,992,0,0,0,0,0,1,0,nan,nan,nan,nan,nan,nan,nan
21798,1,5,5,0,0,0,1,992,0,0,0,0,0,1,0,nan,nan,nan,nan,nan,nan,nan
21799,1,5,5,0,0,0,1,992,0,0,0,0,0,1,0,nan,nan,nan,nan,nan,nan,nan
21800,1,5,5,0,0,0,1,992,0,0,0,0,0,1,0,nan,nan,nan,nan,nan,nan,nan
21801,1,5,5,0,0,0,1,992,0,0,0,0,0,1,0,nan,nan,nan,nan,nan,nan,nan
21802,1,5,5,0,0,0,1,992,0,2,0,0,0,1,0,nan,17.37384614266557,nan,nan,nan,nan,nan
21803,1,4,5,1,0,0,1,992,0,0,0,0,0,1,0,nan,nan,18.491815489276632,nan,nan,nan,nan
21804,1,4,5,1,0,0,1,992,0,0,0,0,0,1,0,nan,nan,nan,nan,nan,nan,nan
21805,1,4,5,1,0,0,1,992,0,0,0,0,1,0,0,nan,nan,nan,nan,24.423887805776758,nan,nan
21806,1,4,5,1,0,0,1,992,0,0,0,0,1,0,0,nan,nan,nan,nan,nan,nan,nan
21807,1,4,5,1,0,0,1,992,0,0,0,0,1,0,0,nan,nan,nan,nan,nan,nan,nan
21808,1,4,5,1,0,0,1,992,0,0,0,0,1,0,0,nan,nan,nan,nan,nan,nan,nan
21809,1,5,5,1,0,0,0,993,0,0,0,0,1,0,0,24.216630647522834,nan,nan,nan,nan,nan,31.011788377247285
21810,1,5,5,1,0,0,0,993,0,0,0,0,1,0,0,nan,nan,nan,nan,nan,nan,nan
21811,1,5,5,1,0,0,0,993,0,0,0,0,1,0,0,nan,nan,nan,nan,nan,nan,nan
21812,1,5,5,1,0,0,0,993,0,0,0,0,1,0,0,nan,nan,nan,nan,nan,nan,nan
21813,1,5,5,1,0,0,1,993,0,0,0,0,1,1,0,nan,nan,nan,nan,nan,19.44897298422802,nan
21814,1,5,5,1,0,0,1,993,0,0,0,0,1,1,0,nan,nan,nan,nan,nan,nan,nan
21815,1,5,5,1,0,0,1,993,0,0,0,0,1,1,0,nan,nan,nan,nan,nan,nan,nan
21816,1,5,5,1,0,0,1,993,0,0,0,0,1,1,0,nan,nan,nan,nan,nan,nan,nan
21817,1,5,5,1,0,0,1,993,0,0,0,0,1,1,0,nan,nan,nan,nan,nan,nan,nan
21818,1,5,5,1,0,0,1,993,0,0,0,0,1,1,0,nan,nan,nan,nan,nan,nan,nan
21819,1,5,5,1,0,0,1,993,0,0,0,0,1,1,0,nan,nan,nan,nan,nan,nan,nan
21820,1,5,5,1,0,0,1,993,0,0,0,0,1,1,0,nan,nan,nan,nan,nan,nan,nan
21821,1,5,5,1,0,0,1,993,0,0,0,0,1,1,0,nan,nan,nan,nan,nan,nan,nan
21822,1,5,5,1,0,0,1,993,0,0,0,0,1,1,0,nan,nan,nan,nan,nan,nan,nan
21823,1,5,5,1,0,0,1,993,0,2,0,0,1,1,0,nan,20.653898081745865,nan,nan,nan,nan,nan
21824,1,5,5,1,0,0,1,993,0,2,0,0,1,1,0,nan,nan,nan,nan,nan,nan,nan
21825,1,5,5,1,0,0,1,993,0,2,0,0,1,1,0,nan,nan,nan,nan,nan,nan,nan
21826,1,5,5,1,0,0,1,993,0,2,0,0,1,1,0,nan,nan,nan,nan,nan,nan,nan
21827,1,4,5,2,0,0,1,993,0,0,0,0,1,1,0,nan,nan,23.664096980384784,nan,nan,nan,nan
21828,1,4,5,2,0,0,1,993,0,0,0,0,1,1,0,nan,nan,nan,nan,nan,nan,nan
21829,1,4,5,2,0,0,1,993,0,0,0,0,1,1,0,nan,nan,nan,nan,nan,nan,nan
21830,1,4,5,2,0,0,1,993,0,0,0,0,1,1,0,nan,nan,nan,nan,nan,nan,nan
21831,1,4,5,2,0,0,1,993,0,0,0,0,1,1,0,nan,nan,nan,nan,nan,nan,nan
21832,1,4,5,2,0,0,1,993,0,0,0,0,1,1,0,nan,nan,nan,nan,nan,nan,nan
21833,1,4,5,2,0,0,1,993,0,0,0,0,1,1,0,nan,nan,nan,nan,nan,nan,nan
21834,1,4,5,2,0,0,1,993,0,0,0,0,1,1,0,nan,nan,nan,nan,nan,nan,nan
21835,1,4,5,1,0,0,1,993,0,0,0,0,0,1,0,nan,nan,nan,40.41100392925364,nan,nan,nan
21836,1,4,5,1,0,0,1,993,0,0,0,0,0,1,0,nan,nan,nan,nan,nan,nan,nan
21837,1,4,5,1,0,0,1,993,0,2,0,0,0,1,0,nan,14.401648230956198,nan,nan,nan,nan,nan
21838,1,4,5,1,0,0,1,993,0,2,0,0,0,1,0,nan,nan,nan,nan,nan,nan,nan
21839,1,4,5,1,0,0,1,993,0,2,0,0,0,1,0,nan,nan,nan,nan,nan,nan,nan
21840,1,4,5,1,0,0,0,994,0,2,0,0,0,1,0,nan,nan,nan,nan,nan,nan,30.79184870321842
21841,1,5,5,1,0,0,0,994,0,2,0,0,0,1,0,31.988384632277302,nan,nan,nan,nan,nan,nan
21842,1,5,5,1,0,0,0,994,0,2,0,0,0,1,0,nan,nan,nan,nan,nan,nan,nan
21843,1,5,5,1,0,0,0,994,0,2,0,0,0,1,0,nan,nan,nan,nan,nan,nan,nan
21844,1,5,5,1,0,0,0,994,0,2,0,0,0,1,0,nan,nan,nan,nan,nan,nan,nan
21845,1,5,5,1,0,0,0,994,0,2,0,0,0,1,0,nan,nan,nan,nan,nan,nan,nan
21846,1,5,5,0,1,0,0,994,0,2,0,0,0,1,0,nan,nan,nan,11.6714553075617,nan,nan,nan
21847,1,5,5,0,1,0,0,994,0,2,0,0,0,1,0,nan,nan,nan,nan,nan,nan,nan
21848,1,5,5,0,1,0,0,994,0,2,0,0,0,1,0,nan,nan,nan,nan,nan,nan,nan
21849,1,5,5,0,1,0,0,994,0,2,0,0,0,1,0,nan,nan,nan,nan,nan,nan,nan
21850,1,5,5,0,1,0,0,994,0,2,0,0,0,1,0,nan,nan,nan,nan,nan,nan,nan
21851,1,5,5,0,1,0,0,994,0,2,0,0,0,1,0,nan,nan,nan,nan,nan,nan,nan
21852,1,5,5,0,0,0,0,994,0,2,0,0,0,0,0,nan,nan,nan,nan,47.67801112214147,nan,nan
21853,1,5,5,0,0,0,0,994,0,2,0,0,0,0,0,nan,nan,nan,nan,nan,nan,nan
21854,1,5,5,0,0,0,0,994,0,2,0,0,0,0,0,nan,nan,nan,nan,nan,nan,nan
21855,1,4,5,1,0,0,0,994,0,0,0,0,0,0,0,nan,nan,27.727658980944398,nan,nan,nan,nan
21856,1,4,5,1,0,0,0,994,0,0,0,0,0,0,0,nan,nan,nan,nan,nan,nan,nan
21857,1,4,5,1,0,0,0,994,0,0,0,0,0,0,0,nan,nan,nan,nan,nan,nan,nan
21858,1,4,5,1,0,0,0,994,0,0,0,0,0,0,0,nan,nan,nan,nan,nan,nan,nan
21859,1,4,5,1,0,0,0,994,0,0,0,0,0,0,0,nan,nan,nan,nan,nan,nan,nan
21860,1,4,5,1,0,0,0,994,0,0,0,0,0,0,0,nan,nan,nan,nan,nan,nan,nan
21861,1,4,5,1,0,0,0,995,0,0,0,0,0,0,1,nan,nan,nan,nan,nan,nan,21.1024547927409
21862,1,4,5,0,1,0,0,995,0,0,0,0,0,0,1,nan,nan,nan,15.196775020482164,nan,nan,nan
21863,1,4,5,0,1,0,0,995,0,0,0,0,0,0,1,nan,nan,nan,nan,nan,nan,nan
21864,1,5,5,0,1,0,0,995,0,0,0,0,0,0,1,22.26683587324078,nan,nan,nan,nan,nan,nan
21865,1,5,5,0,1,0,0,995,0,0,0,0,0,0,1,nan,nan,nan,nan,nan,nan,nan
21866,1,5,5,0,1,0,0,995,0,0,0,0,0,0,1,nan,nan,nan,nan,nan,nan,nan
21867,1,5,5,0,1,0,0,995,0,0,0,0,0,0,1,nan,nan,nan,nan,nan,nan,nan
21868,1,5,5,0,1,0,0,995,0,0,0,0,0,0,1,nan,nan,nan,nan,nan,nan,nan
21869,1,5,5,0,1,0,0,995,0,0,0,0,0,0,1,nan,nan,nan,nan,nan,nan,nan
21870,1,5,5,0,1,0,0,995,0,0,0,0,0,0,1,nan,nan,nan,nan,nan,nan,nan
21871,1,5,5,0,0,1,0,995,0,0,0,0,0,0,1,nan,nan,nan,nan,18.275419108817005,nan,nan
21872,1,5,5,0,0,1,0,995,0,0,0,0,0,0,1,nan,nan,nan,nan,nan,nan,nan
21873,1,5,5,0,0,1,0,995,0,0,0,0,0,0,1,nan,nan,nan,nan,nan,nan,nan
21874,1,5,5,0,0,1,0,995,0,0,0,0,0,0,1,nan,nan,nan,nan,nan,nan,nan
21875,1,5,5,0,0,1,0,995,0,0,0,0,0,0,1,nan,nan,nan,nan,nan,nan,nan
21876,1,5,5,0,0,1,0,995,0,0,0,0,0,0,1,nan,nan,nan,nan,nan,nan,nan
21877,1,5,5,0,1,1,0,995,0,0,0,1,0,0,1,nan,nan,nan,15.921412883060839,nan,nan,nan
21878,1,5,5,0,1,1,0,995,0,0,0,1,0,0,1,nan,nan,nan,nan,nan,nan,nan
21879,1,5,5,0,1,1,0,995,0,0,0,1,0,0,1,nan,nan,nan,nan,nan,nan,nan
21880,1,5,5,0,1,1,0,995,0,0,0,1,0,0,1,nan,nan,nan,nan,nan,nan,nan
21881,1,5,5,0,1,1,0,995,0,0,0,1,0,0,1,nan,nan,nan,nan,nan,nan,nan
21882,1,5,5,0,1,1,0,995,0,0,0,1,0,0,1,nan,nan,nan,nan,nan,nan,nan
21883,1,5,5,0,1,1,0,995,0,0,0,1,0,0,1,nan,nan,nan,nan,nan,nan,nan
21884,1,5,5,0,1,1,0,995,0,0,0,1,0,0,1,nan,nan,nan,nan,nan,nan,nan
21885,1,5,5,0,1,1,0,995,0,0,0,1,0,0,1,nan,nan,nan,nan,nan,nan,nan
21886,1,5,5,0,0,2,0,995,0,0,0,1,0,0,1,nan,nan,nan,nan,15.472893588026636,nan,nan
21887,1,5,5,0,0,2,0,995,0,0,0,1,0,0,1,nan,nan,nan,nan,nan,nan,nan
21888,1,5,5,0,0,2,0,995,0,0,0,1,0,0,1,nan,nan,nan,nan,nan,nan,nan
21889,1,5,5,0,0,2,0,995,0,0,0,1,0,0,1,nan,nan,nan,nan,nan,nan,nan
21890,1,5,5,0,0,2,0,995,0,0,0,1,0,0,1,nan,nan,nan,nan,nan,nan,nan
21891,1,5,5,0,0,2,0,995,0,0,0,1,0,0,1,nan,nan,nan,nan,nan,nan,nan
21892,1,5,5,0,0,1,0,995,0,2,0,1,0,0,0,nan,55.47586625122858,nan,nan,nan,79.05220862261922,nan
21893,1,5,5,0,0,1,0,995,2,2,0,1,0,0,0,29.53849911319412,nan,nan,nan,nan,nan,nan
21894,1,5,5,0,0,1,0,995,2,2,0,1,0,0,0,nan,nan,nan,nan,nan,nan,nan
21895,1,5,5,0,0,1,0,995,2,2,0,1,0,0,0,nan,nan,nan,nan,nan,nan,nan
21896,1,5,5,0,0,1,0,995,2,2,0,1,0,0,0,nan,nan,nan,nan,nan,nan,nan
21897,1,5,5,0,0,1,0,995,2,2,0,1,0,0,0,nan,nan,nan,nan,nan,nan,nan
21898,1,5,5,0,0,1,0,995,2,2,0,1,0,0,0,nan,nan,nan,nan,nan,nan,nan
21899,1,5,5,0,0,1,0,995,2,2,0,1,0,0,0,nan,nan,nan,nan,nan,nan,nan
21900,1,5,5,0,0,1,0,995,2,2,0,1,0,0,0,nan,nan,nan,nan,nan,nan,nan
21901,1,5,5,0,0,1,0,995,2,2,0,1,0,0,0,nan,nan,nan,nan,nan,nan,nan
21902,1,5,5,0,0,1,0,995,2,2,0,1,0,0,0,nan,nan,nan,nan,nan,nan,nan
21903,1,5,5,0,0,1,0,995,2,2,0,1,0,0,0,nan,nan,nan,nan,nan,nan,nan
21904,1,5,5,0,0,1,0,995,2,2,0,1,0,0,0,nan,nan,nan,nan,nan,nan,nan
21905,1,5,5,0,0,1,0,995,2,2,0,1,0,0,0,nan,nan,nan,nan,nan,nan,nan
21906,1,5,5,0,0,1,0,995,2,2,0,1,0,0,0,nan,nan,nan,nan,nan,nan,nan
21907,1,5,5,0,0,1,0,995,0,0,0,0,0,0,0,nan,nan,52.06306675149972,nan,nan,nan,nan
21908,1,5,5,0,0,1,0,995,0,0,0,0,0,0,0,nan,nan,nan,nan,nan,nan,nan
21909,1,5,5,0,0,0,1,995,0,0,0,0,0,0,0,nan,nan,nan,nan,nan,16.282375852548284,nan
21910,1,5,5,0,0,1,1,995,0,0,0,0,1,0,0,nan,nan,nan,nan,23.40116104891422,nan,nan
21911,1,5,5,0,0,1,1,995,0,0,0,0,1,0,0,nan,nan,nan,nan,nan,nan,nan
21912,1,5,5,0,0,1,1,995,0,0,0,0,1,0,0,nan,nan,nan,nan,nan,nan,nan
21913,1,5,5,0,0,1,1,995,0,0,0,0,1,0,0,nan,nan,nan,nan,nan,nan,nan
21914,1,5,5,0,0,1,1,995,0,0,0,0,1,0,0,nan,nan,nan,nan,nan,nan,nan
21915,1,5,5,0,0,1,1,995,0,0,0,0,1,0,0,nan,nan,nan,nan,nan,nan,nan
21916,1,5,5,0,0,1,1,995,0,0,0,0,1,0,0,nan,nan,nan,nan,nan,nan,nan
21917,1,5,5,0,0,1,1,995,0,0,0,0,1,0,0,nan,nan,nan,nan,nan,nan,nan
21918,1,5,5,0,0,1,0,996,0,0,0,0,1,0,0,nan,nan,nan,nan,nan,nan,56.953960649534565
21919,1,5,5,0,0,1,0,996,0,0,0,0,1,0,0,nan,nan,nan,nan,nan,nan,nan
21920,1,5,5,0,0,0,1,996,0,0,0,0,1,0,0,nan,nan,nan,nan,nan,11.797939710180799,nan
21921,1,5,4,0,0,0,1,996,0,0,0,0,0,0,0,nan,nan,13.926395653492364,43.51858607302347,nan,nan,nan
21922,1,5,4,0,0,0,1,996,0,0,0,0,0,0,0,nan,nan,nan,nan,nan,nan,nan
21923,1,5,4,0,0,0,1,996,0,0,0,0,0,0,0,nan,nan,nan,nan,nan,nan,nan
21924,1,5,4,0,0,0,1,996,0,0,0,0,0,0,0,nan,nan,nan,nan,nan,nan,nan
21925,1,5,4,0,0,0,1,996,0,0,0,0,0,0,0,nan,nan,nan,nan,nan,nan,nan
21926,1,5,4,0,0,0,1,996,0,0,0,0,0,0,0,nan,nan,nan,nan,nan,nan,nan
21927,1,4,5,0,0,0,1,996,0,0,0,0,0,0,0,nan,34.915994278751896,nan,nan,nan,nan,nan
21928,1,5,5,0,0,0,1,996,0,0,0,0,0,0,0,34.427023339707375,nan,nan,nan,nan,nan,nan
21929,1,5,5,0,0,0,0,997,0,0,0,0,0,0,0,nan,nan,nan,nan,nan,nan,10.83326775410751
21930,1,5,5,0,0,0,0,997,0,0,0,0,0,0,0,nan,nan,nan,nan,nan,nan,nan
21931,1,5,5,0,0,0,0,997,0,0,0,0,0,0,0,nan,nan,nan,nan,nan,nan,nan
21932,1,5,5,0,0,0,0,997,0,0,0,0,0,0,0,nan,nan,nan,nan,nan,nan,nan
21933,1,5,5,0,0,0,1,997,0,0,0,0,0,1,0,nan,nan,nan,nan,nan,12.273038526898745,nan
21934,1,5,5,0,0,0,1,997,0,0,0,0,1,0,0,nan,nan,nan,nan,24.276996774111467,nan,nan
21935,1,5,5,0,0,0,1,997,0,0,0,0,1,0,0,nan,nan,nan,nan,nan,nan,nan
21936,1,5,5,0,0,0,1,997,0,0,0,0,1,0,0,nan,nan,nan,nan,nan,nan,nan
21937,1,5,5,0,0,0,1,997,0,0,0,0,1,0,0,nan,nan,nan,nan,nan,nan,nan
21938,1,5,5,0,0,0,1,997,0,0,0,0,1,0,0,nan,nan,nan,nan,nan,nan,nan
21939,1,5,5,0,0,0,1,997,0,0,0,0,1,0,0,nan,nan,nan,nan,nan,nan,nan
21940,1,5,5,0,0,0,1,997,0,0,0,0,1,0,0,nan,nan,nan,nan,nan,nan,nan
21941,1,5,5,0,0,0,0,998,2,2,0,0,1,0,0,13.597329990261642,13.936476057166146,nan,nan,nan,nan,12.200203960099316
21942,1,5,5,0,0,0,0,998,2,2,0,0,1,0,0,nan,nan,nan,nan,nan,nan,nan
21943,1,5,5,0,0,0,0,998,2,2,0,0,1,0,0,nan,nan,nan,nan,nan,nan,nan
21944,1,5,5,0,0,0,0,998,0,0,0,0,0,0,0,nan,nan,22.91108791607985,22.518414150574245,nan,nan,nan
21945,1,5,5,0,0,0,0,998,0,0,0,0,0,0,0,nan,nan,nan,nan,nan,nan,nan
21946,1,5,5,0,0,0,0,998,0,0,0,0,0,0,0,nan,nan,nan,nan,nan,nan,nan
21947,1,5,5,0,0,0,0,998,0,0,0,0,0,0,0,nan,nan,nan,nan,nan,nan,nan
21948,1,5,5,0,0,0,0,998,0,0,0,0,0,0,0,nan,nan,nan,nan,nan,nan,nan
21949,1,5,5,0,0,0,0,998,0,0,0,0,0,0,0,nan,nan,nan,nan,nan,nan,nan
21950,1,5,5,0,0,0,0,998,0,0,0,0,0,0,0,nan,nan,nan,nan,nan,nan,nan
21951,1,5,5,0,0,0,0,998,0,0,0,0,0,0,0,nan,nan,nan,nan,nan,nan,nan
21952,1,5,5,0,0,0,0,998,0,0,0,0,0,0,0,nan,nan,nan,nan,nan,nan,nan
21953,1,5,5,0,0,0,0,998,0,0,0,0,0,0,0,nan,nan,nan,nan,nan,nan,nan
21954,1,5,5,0,0,0,0,998,0,0,0,0,0,0,0,nan,nan,nan,nan,nan,nan,nan
21955,1,5,5,0,0,0,1,998,0,0,0,0,0,1,0,nan,nan,nan,nan,nan,21.807341434567206,nan
21956,1,5,5,0,1,0,1,998,2,2,0,1,0,1,0,14.893405702317978,14.26468761418073,nan,12.433404289597092,nan,nan,nan
21957,1,5,5,0,1,0,1,998,2,2,0,1,0,1,0,nan,nan,nan,nan,nan,nan,nan
21958,1,5,5,0,0,0,1,998,2,2,0,1,0,0,0,nan,nan,nan,nan,24.13645416608415,nan,nan
21959,1,5,5,0,0,0,1,998,2,2,0,1,0,0,0,nan,nan,nan,nan,nan,nan,nan
21960,1,5,5,0,0,0,1,998,0,0,0,0,0,0,0,nan,nan,16.514720501705597,nan,nan,nan,nan
21961,1,5,5,0,0,0,1,998,0,0,0,0,0,0,0,nan,nan,nan,nan,nan,nan,nan
21962,1,5,5,0,0,0,1,998,0,0,0,0,0,0,0,nan,nan,nan,nan,nan,nan,nan
21963,1,5,5,0,0,0,1,998,0,0,0,0,0,0,0,nan,nan,nan,nan,nan,nan,nan
21964,1,5,5,0,0,0,1,998,0,0,0,0,0,0,0,nan,nan,nan,nan,nan,nan,nan
21965,1,5,5,0,0,0,0,999,0,0,0,0,0,0,0,nan,nan,nan,nan,nan,nan,24.015315916414693
21966,1,5,5,0,0,0,0,999,0,0,0,0,0,0,0,nan,nan,nan,nan,nan,nan,nan
21967,1,5,5,0,0,0,0,999,0,0,0,0,0,0,0,nan,nan,nan,nan,nan,nan,nan
21968,1,5,5,0,0,0,0,999,0,0,0,0,0,0,0,nan,nan,nan,nan,nan,nan,nan
21969,1,5,5,0,0,0,0,999,0,0,0,0,0,0,0,nan,nan,nan,nan,nan,nan,nan
21970,1,5,5,0,0,0,0,999,0,0,0,0,0,0,0,nan,nan,nan,nan,nan,nan,nan
21971,1,5,5,0,0,0,0,999,0,0,0,0,0,0,0,nan,nan,nan,nan,nan,nan,nan
21972,1,5,5,0,1,0,0,999,0,0,0,1,0,0,0,nan,nan,nan,16.336735801483883,nan,nan,nan
21973,1,5,5,0,1,0,0,999,0,2,0,1,0,0,0,nan,17.793023835412896,nan,nan,nan,nan,nan
21974,1,5,5,0,1,0,0,999,0,2,0,1,0,0,0,nan,nan,nan,nan,nan,nan,nan
21975,1,5,5,0,1,0,0,999,0,2,0,1,0,0,0,nan,nan,nan,nan,nan,nan,nan
21976,1,5,5,0,1,0,0,999,0,2,0,1,0,0,0,nan,nan,nan,nan,nan,nan,nan
21977,1,5,5,0,1,0,0,999,0,2,0,1,0,0,0,nan,nan,nan,nan,nan,nan,nan
21978,1,5,5,0,1,0,0,1000,0,2,0,1,0,0,1,nan,nan,nan,nan,nan,nan,13.45881109673428
21979,1,4,5,0,1,0,0,1000,0,0,0,0,0,0,1,nan,nan,19.395619733899366,nan,nan,nan,nan
21980,1,4,5,0,1,0,0,1000,0,0,0,0,0,0,1,nan,nan,nan,nan,nan,nan,nan
21981,1,4,5,0,1,0,0,1000,0,0,0,0,0,0,1,nan,nan,nan,nan,nan,nan,nan
21982,1,4,5,0,1,0,0,1000,0,0,0,0,0,0,1,nan,nan,nan,nan,nan,nan,nan
21983,1,4,5,0,1,0,0,1000,0,0,0,0,0,0,1,nan,nan,nan,nan,nan,nan,nan
21984,1,5,5,0,1,0,0,1000,0,0,0,0,0,0,1,27.493808982708288,nan,nan,nan,nan,nan,nan
21985,1,5,5,0,1,0,0,1000,0,0,0,0,0,0,1,nan,nan,nan,nan,nan,nan,nan
21986,1,5,5,0,1,0,0,1000,0,0,0,0,0,0,1,nan,nan,nan,nan,nan,nan,nan
21987,1,5,5,0,1,0,0,1000,0,0,0,0,0,0,1,nan,nan,nan,nan,nan,nan,nan
21988,1,5,5,0,1,0,0,1000,0,0,0,0,0,0,1,nan,nan,nan,nan,nan,nan,nan
21989,1,5,5,0,1,0,0,1000,0,0,0,0,0,0,1,nan,nan,nan,nan,nan,nan,nan
21990,1,5,5,0,1,0,0,1000,0,0,0,0,0,0,1,nan,nan,nan,nan,nan,nan,nan
21991,1,5,5,0,1,0,0,1000,0,0,0,0,0,1,0,nan,nan,nan,nan,nan,36.5387074930004,nan
21992,1,5,5,0,0,0,0,1000,0,0,0,0,0,0,0,nan,nan,nan,nan,34.18890238911263,nan,nan
21993,1,5,5,0,0,0,0,1000,0,0,0,0,0,0,0,nan,nan,nan,nan,nan,nan,nan
21994,1,5,5,0,0,0,0,1000,0,2,0,0,0,0,0,nan,20.195849871284736,nan,nan,nan,nan,nan
21995,1,5,5,0,0,0,0,1000,0,2,0,0,0,0,0,nan,nan,nan,nan,nan,nan,nan
21996,1,5,5,0,0,0,0,1000,0,2,0,0,0,0,0,nan,nan,nan,nan,nan,nan,nan
21997,1,4,5,1,0,0,0,1000,0,0,0,0,0,0,0,nan,nan,17.130174989542866,nan,nan,nan,nan
21998,1,4,5,1,0,0,0,1000,0,0,0,0,0,0,0,nan,nan,nan,nan,nan,nan,nan
21999,1,4,5,0,1,0,0,1000,0,0,0,0,0,0,0,nan,nan,nan,26.85825100445072,nan,nan,nan
22000,1,4,5,0,1,0,0,1000,0,0,0,0,0,0,0,nan,nan,nan,nan,nan,nan,nan
22001,1,5,5,0,1,0,0,1000,0,0,0,0,0,0,0,17.81277875527303,nan,nan,nan,nan,nan,nan
22002,1,5,5,0,1,0,0,1000,0,0,0,0,0,0,0,nan,nan,nan,nan,nan,nan,nan
22003,1,5,5,0,1,0,0,1000,0,0,0,0,0,0,0,nan,nan,nan,nan,nan,nan,nan
22004,1,5,5,0,1,0,0,1000,0,0,0,0,0,0,0,nan,nan,nan,nan,nan,nan,nan
22005,1,5,5,0,1,0,0,1000,0,0,0,0,0,0,0,nan,nan,nan,nan,nan,nan,nan
22006,1,5,5,0,1,0,1,1000,0,0,0,0,0,1,0,nan,nan,nan,nan,nan,15.321868503400765,nan
22007,1,5,5,0,1,0,1,1000,0,0,0,0,0,1,0,nan,nan,nan,nan,nan,nan,nan
22008,1,5,5,0,1,0,1,1000,0,0,0,0,0,1,0,nan,nan,nan,nan,nan,nan,nan
22009,1,5,5,0,1,0,1,1000,0,0,0,0,0,1,0,nan,nan,nan,nan,nan,nan,nan
22010,1,5,5,0,1,0,1,1000,0,0,0,0,0,1,0,nan,nan,nan,nan,nan,nan,nan
22011,1,5,5,0,0,0,1,1000,0,0,0,0,0,0,0,nan,nan,nan,nan,18.838725797213556,nan,nan
22012,1,5,5,0,0,0,1,1000,0,0,0,0,0,0,0,nan,nan,nan,nan,nan,nan,nan
22013,1,5,5,0,0,0,1,1000,0,0,0,0,0,0,0,nan,nan,nan,nan,nan,nan,nan
22014,1,5,5,0,0,0,1,1000,0,0,0,0,0,0,0,nan,nan,nan,nan,nan,nan,nan
22015,1,5,5,0,1,0,1,1000,0,0,0,1,0,0,0,nan,nan,nan,16.09905605401218,nan,nan,nan
22016,1,5,5,0,1,0,1,1000,0,2,0,1,0,0,0,nan,22.151982798084646,nan,nan,nan,nan,nan
22017,1,5,5,0,1,0,1,1000,0,2,0,1,0,0,0,nan,nan,nan,nan,nan,nan,nan
22018,1,5,5,0,1,0,0,1001,0,2,0,1,0,0,0,nan,nan,nan,nan,nan,nan,39.27733427874773
22019,1,5,5,0,1,0,0,1001,0,2,0,1,0,0,0,nan,nan,nan,nan,nan,nan,nan
22020,1,5,5,0,1,0,0,1001,0,2,0,1,0,0,0,nan,nan,nan,nan,nan,nan,nan
22021,1,5,5,0,1,0,0,1001,0,2,0,1,0,0,0,nan,nan,nan,nan,nan,nan,nan
22022,1,5,5,0,1,0,0,1001,0,2,0,1,0,0,0,nan,nan,nan,nan,nan,nan,nan
22023,1,5,5,0,1,0,0,1001,0,0,0,0,0,0,0,21.80403593085066,nan,25.94426387628846,nan,nan,nan,nan
22024,1,5,5,0,1,0,0,1001,0,0,0,0,0,0,0,nan,nan,nan,nan,nan,nan,nan
22025,1,5,5,0,1,0,0,1001,0,0,0,0,0,0,0,nan,nan,nan,nan,nan,nan,nan
22026,1,5,5,0,1,0,0,1001,0,0,0,0,0,0,0,nan,nan,nan,nan,nan,nan,nan
22027,1,5,5,0,1,0,0,1001,0,0,0,0,0,0,0,nan,nan,nan,nan,nan,nan,nan
22028,1,5,5,0,1,0,0,1001,0,0,0,0,0,0,0,nan,nan,nan,nan,nan,nan,nan
22029,1,5,5,0,1,0,0,1001,0,0,0,0,0,0,0,nan,nan,nan,nan,nan,nan,nan
22030,1,5,5,0,0,0,1,1001,0,0,0,0,0,0,0,nan,nan,nan,nan,19.164319956613326,23.602438133944815,nan
22031,1,5,5,0,0,0,1,1001,0,0,0,0,0,0,0,nan,nan,nan,nan,nan,nan,nan
22032,1,5,5,0,0,0,1,1001,0,0,0,0,0,0,0,nan,nan,nan,nan,nan,nan,nan
22033,1,5,5,0,1,0,1,1001,0,0,0,1,0,0,0,nan,nan,nan,17.805609101691516,nan,nan,nan
22034,1,5,5,0,1,0,1,1001,0,0,0,1,0,0,0,nan,nan,nan,nan,nan,nan,nan
22035,1,5,5,0,1,0,1,1001,2,0,0,1,0,0,0,12.00798102888075,nan,nan,nan,nan,nan,nan
22036,1,5,5,0,1,0,1,1001,2,0,0,1,0,0,0,nan,nan,nan,nan,nan,nan,nan
22037,1,5,5,0,1,0,1,1001,2,0,0,1,0,0,0,nan,nan,nan,nan,nan,nan,nan
22038,1,5,4,0,1,0,1,1001,2,0,0,0,0,0,0,nan,nan,15.803848644376558,nan,nan,nan,nan
22039,1,5,4,0,1,0,1,1001,2,0,0,0,0,0,0,nan,nan,nan,nan,nan,nan,nan
22040,1,5,4,0,0,1,0,1002,2,0,0,0,0,0,0,nan,nan,nan,nan,9.836195812473306,nan,22.102333121318225
22041,1,5,5,0,0,1,0,1002,0,0,0,0,0,0,0,nan,25.5830402385036,nan,nan,nan,nan,nan
22042,1,5,5,0,0,1,0,1002,0,0,0,0,0,0,0,nan,nan,nan,nan,nan,nan,nan
22043,1,5,5,0,0,1,0,1002,0,0,0,0,0,0,0,nan,nan,nan,nan,nan,nan,nan
22044,1,5,5,0,0,1,0,1002,0,0,0,0,0,0,0,nan,nan,nan,nan,nan,nan,nan
22045,1,5,5,0,0,1,0,1002,0,0,0,0,0,0,0,nan,nan,nan,nan,nan,nan,nan
22046,1,5,5,0,0,1,0,1002,0,0,0,0,0,0,0,nan,nan,nan,nan,nan,nan,nan
22047,1,5,5,0,0,1,0,1002,0,0,0,0,0,0,0,nan,nan,nan,nan,nan,nan,nan
22048,1,5,5,0,0,1,0,1002,0,0,0,0,0,0,0,nan,nan,nan,nan,nan,nan,nan
22049,1,5,5,0,0,0,1,1002,0,0,0,0,0,0,0,nan,nan,nan,nan,nan,19.219749687767035,nan
22050,1,5,5,0,0,0,1,1002,0,0,0,0,0,0,0,nan,nan,nan,nan,nan,nan,nan
22051,1,5,5,0,0,0,1,1002,0,2,0,0,0,0,0,nan,9.944780237452505,nan,nan,nan,nan,nan
22052,1,5,5,0,0,0,1,1002,0,2,0,0,0,0,0,nan,nan,nan,nan,nan,nan,nan
22053,1,5,5,0,0,0,1,1002,0,2,0,0,0,0,0,nan,nan,nan,nan,nan,nan,nan
22054,1,5,5,0,0,0,1,1002,0,2,0,0,0,0,0,nan,nan,nan,nan,nan,nan,nan
22055,1,5,5,0,0,0,1,1002,0,2,0,0,0,0,0,nan,nan,nan,nan,nan,nan,nan
22056,1,5,5,0,0,0,1,1002,0,2,0,0,0,0,0,nan,nan,nan,nan,nan,nan,nan
22057,1,5,5,0,0,0,1,1002,2,2,0,0,0,0,0,21.89673438509635,nan,nan,nan,nan,nan,nan
22058,1,5,5,0,0,0,1,1002,2,2,0,0,0,0,0,nan,nan,nan,nan,nan,nan,nan
22059,1,5,5,0,0,1,1,1002,2,2,0,0,1,0,0,nan,nan,nan,nan,19.407070507037133,nan,nan
22060,1,5,5,0,0,1,0,1003,2,2,0,0,1,0,0,nan,nan,nan,nan,nan,nan,20.06359596929542
22061,1,5,5,0,0,1,0,1003,2,2,0,0,1,0,0,nan,nan,nan,nan,nan,nan,nan
22062,1,5,5,0,0,1,0,1003,2,2,0,0,1,0,0,nan,nan,nan,nan,nan,nan,nan
22063,1,5,5,0,0,1,0,1003,2,2,0,1,0,0,0,nan,nan,nan,29.6082318870358,nan,nan,nan
22064,1,5,5,0,0,1,0,1003,2,2,0,1,0,0,0,nan,nan,nan,nan,nan,nan,nan
22065,1,5,5,0,0,1,0,1003,2,2,0,1,0,0,0,nan,nan,nan,nan,nan,nan,nan
22066,1,5,5,0,0,1,0,1003,2,2,0,1,0,0,0,nan,nan,nan,nan,nan,nan,nan
22067,1,5,5,0,0,1,0,1003,2,2,0,1,0,0,0,nan,nan,nan,nan,nan,nan,nan
22068,1,5,5,0,0,1,0,1003,2,2,0,1,0,0,0,nan,nan,nan,nan,nan,nan,nan
22069,1,5,5,0,0,1,0,1003,2,2,0,1,0,0,0,nan,nan,nan,nan,nan,nan,nan
22070,1,5,5,0,0,0,1,1003,2,2,0,1,0,0,0,nan,nan,nan,nan,nan,20.75956755698644,nan
22071,1,5,5,0,0,0,0,1004,2,2,0,1,0,0,0,nan,nan,nan,nan,nan,nan,11.317130358573195
22072,1,5,5,0,0,0,0,1004,2,2,0,1,0,0,0,nan,nan,nan,nan,nan,nan,nan
22073,1,5,5,0,0,0,0,1004,2,2,0,1,0,0,0,nan,nan,nan,nan,nan,nan,nan
22074,1,5,5,0,0,0,0,1004,2,2,0,1,0,0,0,nan,nan,nan,nan,nan,nan,nan
22075,1,5,5,0,0,0,0,1004,0,0,0,0,0,0,0,nan,nan,36.47600807658819,nan,nan,nan,nan
22076,1,5,5,0,0,0,0,1004,0,0,0,0,0,0,0,nan,nan,nan,nan,nan,nan,nan
22077,1,5,5,0,0,0,0,1004,0,0,0,0,0,0,0,nan,nan,nan,nan,nan,nan,nan
22078,1,5,5,0,0,0,0,1004,0,0,0,0,0,0,0,nan,nan,nan,nan,nan,nan,nan
22079,1,5,5,0,0,0,0,1004,0,0,0,0,0,0,0,nan,nan,nan,nan,nan,nan,nan
22080,1,5,5,0,0,0,0,1004,0,0,0,0,0,0,0,nan,nan,nan,nan,nan,nan,nan
22081,1,5,5,0,0,0,0,1004,0,0,0,0,0,0,0,nan,nan,nan,nan,nan,nan,nan
22082,1,5,5,0,0,1,0,1004,0,0,0,0,1,0,0,nan,nan,nan,nan,22.367601748595916,nan,nan
22083,1,5,5,0,0,1,0,1004,0,0,0,0,1,0,0,nan,nan,nan,nan,nan,nan,nan
22084,1,5,5,0,0,1,0,1004,0,0,0,0,1,0,0,nan,nan,nan,nan,nan,nan,nan
22085,1,5,5,0,0,1,0,1005,0,0,0,0,1,0,1,nan,nan,nan,nan,nan,nan,13.756719768527546
22086,1,5,5,0,0,1,0,1005,0,0,0,0,1,0,1,nan,nan,nan,nan,nan,nan,nan
22087,1,5,5,0,0,1,0,1005,0,0,0,0,1,0,1,nan,nan,nan,nan,nan,nan,nan
22088,1,5,5,0,0,1,0,1005,0,2,0,0,1,0,1,nan,36.40327642462944,nan,nan,nan,nan,nan
22089,1,5,5,0,0,1,0,1005,0,2,0,0,1,0,1,nan,nan,nan,nan,nan,nan,nan
22090,1,5,5,0,0,1,0,1005,0,2,0,1,0,0,1,nan,nan,nan,27.102588746220135,nan,nan,nan
22091,1,5,5,0,0,1,0,1005,2,2,0,1,0,0,1,34.17717865782106,nan,nan,nan,nan,nan,nan
22092,1,5,5,0,0,1,0,1005,2,2,0,1,0,0,1,nan,nan,nan,nan,nan,nan,nan
22093,1,5,5,0,0,1,0,1005,0,0,0,0,0,0,1,nan,nan,18.392088016247726,nan,nan,nan,nan
22094,1,5,5,0,0,1,0,1005,0,0,0,0,0,0,1,nan,nan,nan,nan,nan,nan,nan
22095,1,5,5,0,0,1,0,1005,0,0,0,0,0,0,1,nan,nan,nan,nan,nan,nan,nan
22096,1,5,5,0,0,1,0,1005,0,0,0,0,0,0,1,nan,nan,nan,nan,nan,nan,nan
22097,1,5,5,0,0,1,0,1005,0,0,0,0,0,0,1,nan,nan,nan,nan,nan,nan,nan
22098,1,5,5,0,0,1,0,1005,0,0,0,0,0,0,1,nan,nan,nan,nan,nan,nan,nan
22099,1,5,5,0,0,1,0,1005,0,0,0,0,0,0,1,nan,nan,nan,nan,nan,nan,nan
22100,1,5,5,0,0,1,0,1005,0,0,0,0,0,0,1,nan,nan,nan,nan,nan,nan,nan
22101,1,5,5,0,0,1,0,1005,0,0,0,0,0,0,1,nan,nan,nan,nan,nan,nan,nan
22102,1,5,5,0,0,0,0,1005,0,0,0,0,0,0,0,nan,nan,nan,nan,nan,32.01119044202642,nan
22103,1,5,5,0,0,0,0,1005,0,0,0,0,0,0,0,nan,nan,nan,nan,nan,nan,nan
22104,1,5,5,0,0,0,0,1005,0,0,0,0,0,0,0,nan,nan,nan,nan,nan,nan,nan
22105,1,5,5,0,0,0,0,1005,2,0,0,0,0,0,0,13.638683834378753,nan,nan,nan,nan,nan,nan
22106,1,5,4,1,0,0,0,1005,2,0,0,0,0,0,0,nan,nan,12.511038396514778,nan,nan,nan,nan
22107,1,5,4,1,0,0,0,1005,2,0,0,0,0,0,0,nan,nan,nan,nan,nan,nan,nan
22108,1,5,4,1,0,0,0,1005,2,0,0,0,0,0,0,nan,nan,nan,nan,nan,nan,nan
22109,1,5,4,1,0,0,0,1005,2,0,0,0,0,0,0,nan,nan,nan,nan,nan,nan,nan
22110,1,5,4,0,1,0,0,1005,2,0,0,0,0,0,0,nan,nan,nan,20.702443799149478,nan,nan,nan
22111,1,5,4,0,1,0,0,1005,2,0,0,0,0,0,0,nan,nan,nan,nan,nan,nan,nan
22112,1,5,4,0,0,1,0,1005,2,0,0,0,0,0,0,nan,nan,nan,nan,30.313170498564432,nan,nan
22113,1,5,4,0,0,0,1,1005,2,0,0,0,0,0,0,nan,nan,nan,nan,nan,10.55057936167941,nan
22114,1,5,4,0,0,0,1,1005,2,0,0,0,0,0,0,nan,nan,nan,nan,nan,nan,nan
22115,1,5,4,0,0,0,1,1005,2,0,0,0,0,0,0,nan,nan,nan,nan,nan,nan,nan
22116,1,5,4,0,0,0,1,1005,2,0,0,0,0,0,0,nan,nan,nan,nan,nan,nan,nan
22117,1,5,4,0,0,0,1,1005,2,0,0,0,0,0,0,nan,nan,nan,nan,nan,nan,nan
22118,1,5,5,0,0,0,1,1005,0,0,0,0,0,0,0,nan,30.814504662295803,nan,nan,nan,nan,nan
22119,1,5,5,0,0,0,1,1005,0,0,0,0,0,0,0,nan,nan,nan,nan,nan,nan,nan
22120,1,5,5,0,0,0,0,1006,0,0,0,0,0,0,0,nan,nan,nan,nan,nan,nan,34.84196333790169
22121,1,5,5,0,0,0,0,1006,0,0,0,0,0,0,0,nan,nan,nan,nan,nan,nan,nan
22122,1,5,5,0,0,0,0,1006,0,0,0,0,0,0,0,nan,nan,nan,nan,nan,nan,nan
22123,1,5,5,0,0,0,0,1006,0,0,0,0,0,0,0,nan,nan,nan,nan,nan,nan,nan
22124,1,5,5,0,0,0,0,1006,0,0,0,0,0,0,0,nan,nan,nan,nan,nan,nan,nan
22125,1,5,5,0,0,0,0,1006,0,0,0,0,0,0,0,nan,nan,nan,nan,nan,nan,nan
22126,1,5,5,0,0,0,0,1006,0,0,0,0,0,0,0,nan,nan,nan,nan,nan,nan,nan
22127,1,5,5,0,0,1,0,1006,0,0,0,0,1,0,0,nan,nan,nan,nan,15.069642680136894,nan,nan
22128,1,5,5,0,0,1,0,1006,0,0,0,0,1,0,0,nan,nan,nan,nan,nan,nan,nan
22129,1,5,5,0,0,1,0,1006,0,0,0,0,1,0,0,nan,nan,nan,nan,nan,nan,nan
22130,1,5,5,0,0,1,0,1006,0,0,0,1,0,0,0,nan,nan,nan,19.577014380331093,nan,nan,nan
22131,1,5,5,0,0,1,0,1006,0,0,0,1,0,0,0,nan,nan,nan,nan,nan,nan,nan
22132,1,5,5,0,0,1,0,1006,0,0,0,1,0,0,0,nan,nan,nan,nan,nan,nan,nan
22133,1,5,5,0,0,1,0,1007,0,0,0,1,0,0,1,nan,nan,nan,nan,nan,nan,12.835602267208742
22134,1,5,5,0,0,1,0,1007,0,0,0,1,0,0,1,nan,nan,nan,nan,nan,nan,nan
22135,1,5,5,0,0,1,0,1007,0,0,0,1,0,0,1,nan,nan,nan,nan,nan,nan,nan
22136,1,5,5,0,0,1,0,1007,0,0,0,1,0,0,1,nan,nan,nan,nan,nan,nan,nan
22137,1,5,5,0,0,1,0,1007,2,0,0,1,0,0,1,31.924618214896327,nan,nan,nan,nan,nan,nan
22138,1,5,5,0,0,1,0,1007,2,2,0,1,0,0,1,nan,19.11769562360132,nan,nan,nan,nan,nan
22139,1,5,5,0,0,1,0,1007,2,2,0,1,0,0,1,nan,nan,nan,nan,nan,nan,nan
22140,1,5,5,0,0,1,0,1007,2,2,0,1,0,0,1,nan,nan,nan,nan,nan,nan,nan
22141,1,5,5,0,0,0,0,1007,2,2,0,1,0,0,0,nan,nan,nan,nan,nan,28.565748988203268,nan
22142,1,5,5,0,0,0,0,1007,2,2,0,1,0,0,0,nan,nan,nan,nan,nan,nan,nan
22143,1,5,5,0,0,0,0,1007,2,2,0,1,0,0,0,nan,nan,nan,nan,nan,nan,nan
22144,1,5,5,0,0,0,0,1007,0,0,0,0,0,0,0,nan,nan,38.30678855290898,nan,nan,nan,nan
22145,1,5,5,0,0,0,0,1007,0,0,0,0,0,0,0,nan,nan,nan,nan,nan,nan,nan
22146,1,5,5,0,0,0,0,1007,0,0,0,0,0,0,0,nan,nan,nan,nan,nan,nan,nan
22147,1,5,5,0,0,0,0,1007,0,0,0,0,0,0,0,nan,nan,nan,nan,nan,nan,nan
22148,1,5,5,0,0,0,0,1007,0,0,0,0,0,0,0,nan,nan,nan,nan,nan,nan,nan
22149,1,5,5,0,0,0,0,1007,0,0,0,0,0,0,0,nan,nan,nan,nan,nan,nan,nan
22150,1,5,5,0,0,0,0,1007,0,0,0,0,0,0,0,nan,nan,nan,nan,nan,nan,nan
22151,1,5,5,0,0,0,0,1007,0,0,0,0,0,0,0,nan,nan,nan,nan,nan,nan,nan
22152,1,5,5,0,0,0,0,1007,0,0,0,0,0,0,0,nan,nan,nan,nan,nan,nan,nan
22153,1,5,5,0,0,0,0,1007,0,0,0,0,0,0,0,nan,nan,nan,nan,nan,nan,nan
22154,1,5,5,0,0,0,0,1007,2,0,0,0,0,0,0,17.38395134487655,nan,nan,nan,nan,nan,nan
22155,1,5,5,0,0,0,0,1007,2,0,0,0,0,0,0,nan,nan,nan,nan,nan,nan,nan
22156,1,5,5,0,0,0,0,1007,2,0,0,0,0,0,0,nan,nan,nan,nan,nan,nan,nan
22157,1,5,5,0,0,0,0,1007,2,0,0,0,0,0,0,nan,nan,nan,nan,nan,nan,nan
22158,1,5,5,0,0,0,0,1008,2,0,0,0,0,0,1,nan,nan,nan,nan,nan,nan,25.53571860888769
22159,1,5,5,0,0,0,0,1008,2,0,0,0,0,0,1,nan,nan,nan,nan,nan,nan,nan
22160,1,5,5,0,0,0,0,1008,2,0,0,0,0,1,0,nan,nan,nan,nan,nan,18.70981506192402,nan
22161,1,5,5,0,0,0,0,1008,2,0,0,0,0,1,0,nan,nan,nan,nan,nan,nan,nan
22162,1,5,5,0,0,0,0,1008,2,0,0,0,0,1,0,nan,nan,nan,nan,nan,nan,nan
22163,1,5,5,0,0,0,0,1008,2,0,0,0,0,1,0,nan,nan,nan,nan,nan,nan,nan
22164,1,5,5,0,0,0,0,1008,2,0,0,0,0,1,0,nan,nan,nan,nan,nan,nan,nan
22165,1,5,5,0,0,0,0,1008,2,0,0,0,1,0,0,nan,nan,nan,nan,37.80250133813388,nan,nan
22166,1,5,4,1,0,0,0,1008,2,0,0,0,1,0,0,nan,nan,22.029198686730524,nan,nan,nan,nan
22167,1,5,4,1,0,0,0,1008,2,0,0,0,1,0,0,nan,nan,nan,nan,nan,nan,nan
22168,1,5,4,1,0,0,0,1008,2,0,0,0,1,0,0,nan,nan,nan,nan,nan,nan,nan
22169,1,5,4,1,0,0,0,1008,2,0,0,0,1,0,0,nan,nan,nan,nan,nan,nan,nan
22170,1,5,4,1,0,0,0,1008,2,0,0,0,1,0,0,nan,nan,nan,nan,nan,nan,nan
22171,1,5,4,1,0,0,0,1009,2,0,0,0,1,0,1,nan,nan,nan,nan,nan,nan,12.594757871982438
22172,1,5,4,1,0,0,0,1009,2,0,0,0,1,0,1,nan,nan,nan,nan,nan,nan,nan
22173,1,5,4,1,0,0,0,1009,2,0,0,0,1,0,1,nan,nan,nan,nan,nan,nan,nan
22174,1,5,4,1,0,0,0,1009,2,0,0,0,1,0,1,nan,nan,nan,nan,nan,nan,nan
22175,1,5,5,1,0,0,0,1009,0,0,0,0,1,0,1,nan,37.53677306477039,nan,nan,nan,nan,nan
22176,1,5,5,1,0,0,0,1009,0,0,0,0,1,0,1,nan,nan,nan,nan,nan,nan,nan
22177,1,5,5,1,0,0,0,1009,0,0,0,0,1,0,1,nan,nan,nan,nan,nan,nan,nan
22178,1,5,5,1,0,0,0,1009,0,0,0,0,1,0,1,nan,nan,nan,nan,nan,nan,nan
22179,1,5,5,1,0,0,0,1009,0,0,0,0,1,0,1,nan,nan,nan,nan,nan,nan,nan
22180,1,5,5,1,0,0,0,1009,0,0,0,0,1,0,1,nan,nan,nan,nan,nan,nan,nan
22181,1,5,5,0,0,0,0,1009,0,0,0,0,0,0,1,nan,nan,nan,50.99462364412102,nan,nan,nan
22182,1,5,5,0,0,0,0,1009,0,0,0,0,0,0,1,nan,nan,nan,nan,nan,nan,nan
22183,1,5,5,0,0,0,0,1009,0,0,0,0,0,1,0,nan,nan,nan,nan,nan,22.82192982520428,nan
22184,1,5,5,0,0,0,0,1009,0,0,0,0,0,1,0,nan,nan,nan,nan,nan,nan,nan
22185,1,5,5,0,0,0,0,1009,0,0,0,0,0,1,0,nan,nan,nan,nan,nan,nan,nan
22186,1,5,5,0,0,0,0,1009,0,0,0,0,0,1,0,nan,nan,nan,nan,nan,nan,nan
22187,1,5,5,0,0,0,0,1009,0,2,0,0,0,1,0,nan,12.158671235494694,nan,nan,nan,nan,nan
22188,1,5,5,0,0,0,0,1009,0,2,0,0,0,1,0,nan,nan,nan,nan,nan,nan,nan
22189,1,5,5,0,0,0,0,1009,2,2,0,0,0,1,0,34.50632388300073,nan,nan,nan,nan,nan,nan
22190,1,5,5,0,0,0,0,1009,2,2,0,0,0,1,0,nan,nan,nan,nan,nan,nan,nan
22191,1,5,5,0,0,0,0,1009,2,2,0,0,0,1,0,nan,nan,nan,nan,nan,nan,nan
22192,1,5,5,0,0,0,0,1009,2,2,0,0,0,1,0,nan,nan,nan,nan,nan,nan,nan
22193,1,5,5,0,1,0,0,1009,0,0,0,0,0,1,0,nan,nan,27.01265806495212,12.08128682872848,nan,nan,nan
22194,1,5,5,0,1,0,0,1009,0,0,0,0,0,1,0,nan,nan,nan,nan,nan,nan,nan
22195,1,5,5,0,1,0,0,1009,0,0,0,0,0,1,0,nan,nan,nan,nan,nan,nan,nan
22196,1,5,5,0,1,0,0,1009,0,0,0,0,0,1,0,nan,nan,nan,nan,nan,nan,nan
22197,1,5,5,0,1,0,0,1009,0,0,0,0,0,1,0,nan,nan,nan,nan,nan,nan,nan
22198,1,5,5,0,1,0,0,1009,0,0,0,0,0,1,0,nan,nan,nan,nan,nan,nan,nan
22199,1,5,5,0,1,0,0,1009,0,0,0,0,0,1,0,nan,nan,nan,nan,nan,nan,nan
22200,1,5,5,0,1,0,0,1010,0,0,0,0,0,1,1,nan,nan,nan,nan,nan,nan,29.490321250879788
22201,1,5,5,0,1,0,0,1010,0,0,0,0,0,1,1,nan,nan,nan,nan,nan,nan,nan
22202,1,5,5,0,1,0,0,1010,0,0,0,0,0,1,1,nan,nan,nan,nan,nan,nan,nan
22203,1,5,5,0,1,0,0,1010,0,0,0,0,0,1,1,nan,nan,nan,nan,nan,nan,nan
22204,1,5,5,0,1,0,0,1010,0,0,0,0,0,1,1,nan,nan,nan,nan,nan,nan,nan
22205,1,5,5,0,1,0,0,1010,2,0,0,0,0,1,1,16.483002193959692,nan,nan,nan,nan,nan,nan
22206,1,5,5,0,1,0,0,1010,2,0,0,0,0,1,1,nan,nan,nan,nan,nan,nan,nan
22207,1,5,5,0,1,0,0,1010,2,0,0,0,0,1,1,nan,nan,nan,nan,nan,nan,nan
22208,1,5,5,0,1,0,0,1010,2,0,0,0,0,1,1,nan,nan,nan,nan,nan,nan,nan
22209,1,5,5,0,1,0,0,1010,2,0,0,0,0,1,1,nan,nan,nan,nan,nan,nan,nan
22210,1,5,5,0,1,0,0,1010,2,2,0,0,0,1,1,nan,23.190007822107873,nan,nan,nan,nan,nan
22211,1,5,5,0,1,0,0,1010,2,2,0,0,0,1,1,nan,nan,nan,nan,nan,nan,nan
22212,1,5,5,0,1,0,0,1010,2,2,0,0,0,1,1,nan,nan,nan,nan,nan,nan,nan
22213,1,5,5,0,1,0,0,1010,2,2,0,0,0,1,1,nan,nan,nan,nan,nan,nan,nan
22214,1,5,5,0,0,0,0,1010,2,2,0,0,0,0,1,nan,nan,nan,nan,49.46089352059789,nan,nan
22215,1,5,5,0,0,0,0,1010,2,2,0,0,0,0,1,nan,nan,nan,nan,nan,nan,nan
22216,1,5,5,1,0,0,0,1010,0,0,0,0,0,0,1,nan,nan,22.62296174635412,nan,nan,nan,nan
22217,1,5,5,1,0,0,0,1010,0,0,0,0,0,0,1,nan,nan,nan,nan,nan,nan,nan
22218,1,5,5,0,1,0,0,1010,0,0,0,0,0,0,1,nan,nan,nan,25.049965920748946,nan,nan,nan
22219,1,5,5,0,1,0,0,1010,0,0,0,0,0,0,1,nan,nan,nan,nan,nan,nan,nan
22220,1,5,5,0,1,0,0,1010,0,0,0,0,0,0,1,nan,nan,nan,nan,nan,nan,nan
22221,1,5,5,0,1,0,0,1010,0,0,0,0,0,0,1,nan,nan,nan,nan,nan,nan,nan
22222,1,5,5,0,1,0,0,1010,0,0,0,0,0,0,1,nan,nan,nan,nan,nan,nan,nan
22223,1,5,5,0,1,0,0,1010,0,0,0,0,0,0,1,nan,nan,nan,nan,nan,nan,nan
22224,1,5,5,0,1,0,0,1010,0,0,0,0,0,0,1,nan,nan,nan,nan,nan,nan,nan
22225,1,5,5,0,1,0,0,1010,0,0,0,0,0,0,1,nan,nan,nan,nan,nan,nan,nan
22226,1,5,5,0,1,0,0,1010,0,0,0,0,0,0,1,nan,nan,nan,nan,nan,nan,nan
22227,1,5,5,0,1,0,0,1010,0,0,0,0,0,0,1,nan,nan,nan,nan,nan,nan,nan
22228,1,5,5,0,1,0,0,1010,0,0,0,0,0,0,1,nan,nan,nan,nan,nan,nan,nan
22229,1,5,5,0,1,0,0,1010,0,0,0,0,0,0,1,nan,nan,nan,nan,nan,nan,nan
22230,1,5,5,0,0,1,0,1010,0,0,0,0,0,0,1,nan,nan,nan,nan,15.393873875571444,nan,nan
22231,1,5,5,0,1,1,0,1010,0,0,0,1,0,0,1,nan,nan,nan,12.721820660346566,nan,nan,nan
22232,1,5,5,0,1,1,0,1010,0,0,0,1,0,0,1,nan,nan,nan,nan,nan,nan,nan
22233,1,5,5,0,1,1,0,1010,0,0,0,1,0,0,1,nan,nan,nan,nan,nan,nan,nan
22234,1,5,5,0,1,1,0,1010,0,0,0,1,0,0,1,nan,nan,nan,nan,nan,nan,nan
22235,1,5,5,0,1,1,0,1010,0,0,0,1,0,0,1,nan,nan,nan,nan,nan,nan,nan
22236,1,5,5,0,1,0,0,1010,2,0,0,1,0,0,0,30.787024464934802,nan,nan,nan,nan,52.96338101200672,nan
22237,1,5,5,0,1,0,0,1010,2,0,0,1,0,0,0,nan,nan,nan,nan,nan,nan,nan
22238,1,5,5,0,1,0,0,1010,2,2,0,1,0,0,0,nan,27.055631819883274,nan,nan,nan,nan,nan
22239,1,5,5,0,1,0,0,1010,2,2,0,1,0,0,0,nan,nan,nan,nan,nan,nan,nan
22240,1,5,5,0,1,0,0,1010,2,2,0,1,0,0,0,nan,nan,nan,nan,nan,nan,nan
22241,1,5,5,0,1,0,0,1010,2,2,0,1,0,0,0,nan,nan,nan,nan,nan,nan,nan
22242,1,5,5,0,1,0,0,1010,2,2,0,1,0,0,0,nan,nan,nan,nan,nan,nan,nan
22243,1,5,5,0,1,0,0,1010,2,2,0,1,0,0,0,nan,nan,nan,nan,nan,nan,nan
22244,1,5,5,0,1,0,0,1010,2,2,0,1,0,0,0,nan,nan,nan,nan,nan,nan,nan
22245,1,5,5,0,1,0,0,1010,2,2,0,1,0,0,0,nan,nan,nan,nan,nan,nan,nan
22246,1,5,5,0,1,0,0,1010,2,2,0,1,0,0,0,nan,nan,nan,nan,nan,nan,nan
22247,1,5,5,0,1,0,0,1010,2,2,0,1,0,0,0,nan,nan,nan,nan,nan,nan,nan
22248,1,5,5,0,1,0,1,1010,2,2,0,1,0,1,0,nan,nan,nan,nan,nan,12.409562985074444,nan
22249,1,5,5,0,1,0,1,1010,2,2,0,1,0,1,0,nan,nan,nan,nan,nan,nan,nan
22250,1,5,5,0,0,0,0,1011,2,2,0,1,0,0,0,nan,nan,nan,nan,20.173760573485197,nan,50.282276056492265
22251,1,5,5,0,0,0,0,1011,2,2,0,1,0,0,0,nan,nan,nan,nan,nan,nan,nan
22252,1,5,5,0,0,0,0,1011,0,0,0,0,0,0,0,nan,nan,36.05266164718705,nan,nan,nan,nan
22253,1,5,5,0,0,0,0,1011,0,0,0,0,0,0,0,nan,nan,nan,nan,nan,nan,nan
22254,1,5,5,0,0,0,0,1011,0,0,0,0,0,0,0,nan,nan,nan,nan,nan,nan,nan
22255,1,5,5,0,0,0,0,1011,0,0,0,0,0,0,0,nan,nan,nan,nan,nan,nan,nan
22256,1,5,5,0,0,0,0,1011,0,0,0,0,0,0,0,nan,nan,nan,nan,nan,nan,nan
22257,1,5,5,0,0,0,0,1011,0,0,0,0,0,0,0,nan,nan,nan,nan,nan,nan,nan
22258,1,5,5,0,0,0,0,1011,0,0,0,0,0,0,0,nan,nan,nan,nan,nan,nan,nan
22259,1,5,5,0,0,0,0,1011,0,0,0,0,0,0,0,nan,nan,nan,nan,nan,nan,nan
22260,1,5,5,0,0,0,0,1011,0,0,0,0,0,0,0,nan,nan,nan,nan,nan,nan,nan
22261,1,5,5,0,0,0,0,1011,0,0,0,0,0,0,0,nan,nan,nan,nan,nan,nan,nan
22262,1,5,5,0,0,0,0,1011,0,0,0,0,0,0,0,nan,nan,nan,nan,nan,nan,nan
22263,1,5,5,0,0,0,0,1011,0,0,0,0,0,0,0,nan,nan,nan,nan,nan,nan,nan
22264,1,5,5,0,0,0,0,1011,2,0,0,0,0,0,0,28.28352529439144,nan,nan,nan,nan,nan,nan
22265,1,5,5,0,0,0,0,1011,2,2,0,0,0,0,0,nan,27.73515033917647,nan,nan,nan,nan,nan
22266,1,5,5,0,0,0,0,1011,2,2,0,0,0,0,0,nan,nan,nan,nan,nan,nan,nan
22267,1,5,5,0,0,0,0,1011,2,2,0,0,0,0,0,nan,nan,nan,nan,nan,nan,nan
22268,1,5,5,0,0,0,0,1011,2,2,0,0,0,0,0,nan,nan,nan,nan,nan,nan,nan
22269,1,5,5,0,0,0,0,1011,2,2,0,0,0,0,0,nan,nan,nan,nan,nan,nan,nan
22270,1,5,5,0,0,0,0,1011,2,2,0,0,0,0,0,nan,nan,nan,nan,nan,nan,nan
22271,1,5,5,0,0,0,1,1011,2,2,0,0,0,1,0,nan,nan,nan,nan,nan,23.465606984555052,nan
22272,1,5,5,0,0,0,1,1011,2,2,0,0,0,1,0,nan,nan,nan,nan,nan,nan,nan
22273,1,5,5,0,0,0,1,1011,2,2,0,0,0,1,0,nan,nan,nan,nan,nan,nan,nan
22274,1,5,5,0,0,0,1,1011,2,2,0,0,1,0,0,nan,nan,nan,nan,23.981809701195743,nan,nan
22275,1,5,5,0,0,0,1,1011,2,2,0,1,0,0,0,nan,nan,nan,43.883119017053104,nan,nan,nan
22276,1,5,5,0,0,0,1,1011,2,2,0,1,0,0,0,nan,nan,nan,nan,nan,nan,nan
22277,1,5,5,0,0,0,0,1012,2,2,0,1,0,0,0,nan,nan,nan,nan,nan,nan,26.667969939611794
22278,1,5,5,0,0,0,0,1012,2,2,0,1,0,0,0,nan,nan,nan,nan,nan,nan,nan
22279,1,5,5,0,0,0,0,1012,2,2,0,1,0,0,0,nan,nan,nan,nan,nan,nan,nan
22280,1,5,5,0,0,0,0,1012,2,2,0,1,0,0,0,nan,nan,nan,nan,nan,nan,nan
22281,1,5,5,0,0,0,0,1012,2,2,0,1,0,0,0,nan,nan,nan,nan,nan,nan,nan
22282,1,5,5,0,0,0,0,1012,2,2,0,1,0,0,0,nan,nan,nan,nan,nan,nan,nan
22283,1,5,5,0,0,0,0,1012,2,2,0,1,0,0,0,nan,nan,nan,nan,nan,nan,nan
22284,1,5,5,0,0,0,0,1012,0,0,0,0,0,0,0,nan,nan,31.76489750260589,nan,nan,nan,nan
22285,1,5,5,0,0,0,0,1012,0,0,0,0,0,0,0,nan,nan,nan,nan,nan,nan,nan
22286,1,5,5,0,0,0,0,1012,0,0,0,0,0,0,0,nan,nan,nan,nan,nan,nan,nan
22287,1,5,5,0,0,0,0,1012,0,0,0,0,0,0,0,nan,nan,nan,nan,nan,nan,nan
22288,1,5,5,0,0,0,1,1012,0,0,0,0,0,1,0,nan,nan,nan,nan,nan,16.114112724037113,nan
22289,1,5,5,0,0,0,1,1012,0,0,0,0,1,0,0,nan,nan,nan,nan,14.944274723733542,nan,nan
22290,1,5,5,0,0,0,1,1012,0,0,0,0,1,0,0,nan,nan,nan,nan,nan,nan,nan
22291,1,5,5,0,0,0,1,1012,0,0,0,0,1,0,0,nan,nan,nan,nan,nan,nan,nan
22292,1,5,5,0,0,0,1,1012,0,0,0,0,1,0,0,nan,nan,nan,nan,nan,nan,nan
22293,1,5,5,0,0,0,1,1012,0,0,0,0,1,0,0,nan,nan,nan,nan,nan,nan,nan
22294,1,5,5,0,0,0,1,1012,2,0,0,0,1,0,0,30.247772508821072,nan,nan,nan,nan,nan,nan
22295,1,5,5,0,0,0,1,1012,2,0,0,0,1,0,0,nan,nan,nan,nan,nan,nan,nan
22296,1,5,5,0,0,0,1,1012,2,0,0,0,1,0,0,nan,nan,nan,nan,nan,nan,nan
22297,1,5,5,0,0,0,1,1012,2,0,0,0,1,0,0,nan,nan,nan,nan,nan,nan,nan
22298,1,5,4,1,0,0,1,1012,2,0,0,0,1,0,0,nan,nan,14.515914889456326,nan,nan,nan,nan
22299,1,5,4,1,0,0,1,1012,2,0,0,0,1,0,0,nan,nan,nan,nan,nan,nan,nan
22300,1,5,4,1,0,0,2,1012,2,0,0,0,1,1,0,nan,nan,nan,nan,nan,12.194428191447514,nan
22301,1,5,4,1,0,0,2,1012,2,0,0,0,1,1,0,nan,nan,nan,nan,nan,nan,nan
22302,1,5,4,1,0,0,2,1012,2,0,0,0,1,1,0,nan,nan,nan,nan,nan,nan,nan
22303,1,5,4,1,0,0,2,1012,2,0,0,0,1,1,0,nan,nan,nan,nan,nan,nan,nan
22304,1,5,4,1,0,0,2,1012,2,0,0,0,1,1,0,nan,nan,nan,nan,nan,nan,nan
22305,1,5,5,1,0,0,2,1012,0,0,0,0,1,1,0,nan,39.73947529806537,nan,nan,nan,nan,nan
22306,1,5,5,1,0,0,2,1012,0,0,0,0,1,1,0,nan,nan,nan,nan,nan,nan,nan
22307,1,5,5,1,0,0,2,1012,0,0,0,0,1,1,0,nan,nan,nan,nan,nan,nan,nan
22308,1,5,5,0,0,0,1,1013,0,0,0,0,0,1,0,nan,nan,nan,33.10559902415844,nan,nan,30.366895969607867
22309,1,5,5,0,0,0,1,1013,0,0,0,0,0,1,0,nan,nan,nan,nan,nan,nan,nan
22310,1,5,5,0,0,0,1,1013,0,0,0,0,0,1,0,nan,nan,nan,nan,nan,nan,nan
22311,1,5,5,0,0,0,1,1013,0,0,0,0,0,1,0,nan,nan,nan,nan,nan,nan,nan
22312,1,5,5,0,0,0,1,1013,0,0,0,0,0,1,0,nan,nan,nan,nan,nan,nan,nan
22313,1,5,5,0,0,0,1,1013,0,0,0,0,0,1,0,nan,nan,nan,nan,nan,nan,nan
22314,1,5,5,0,0,0,1,1013,0,0,0,0,0,1,0,nan,nan,nan,nan,nan,nan,nan
22315,1,5,5,0,0,0,1,1013,0,0,0,0,0,1,0,nan,nan,nan,nan,nan,nan,nan
22316,1,5,5,0,0,0,1,1013,0,0,0,0,0,1,0,nan,nan,nan,nan,nan,nan,nan
22317,1,5,5,0,0,0,1,1013,0,0,0,0,0,1,0,nan,nan,nan,nan,nan,nan,nan
22318,1,5,5,0,1,0,1,1013,0,0,0,1,0,1,0,nan,nan,nan,9.77126505331762,nan,nan,nan
22319,1,5,5,0,1,0,1,1013,0,0,0,1,0,1,0,nan,nan,nan,nan,nan,nan,nan
22320,1,5,5,0,1,0,1,1013,0,0,0,1,0,1,0,nan,nan,nan,nan,nan,nan,nan
22321,1,5,5,0,1,0,1,1013,0,0,0,1,0,1,0,nan,nan,nan,nan,nan,nan,nan
22322,1,5,5,0,1,0,1,1013,0,0,0,1,0,1,0,nan,nan,nan,nan,nan,nan,nan
22323,1,5,5,0,1,0,1,1013,0,0,0,1,0,1,0,nan,nan,nan,nan,nan,nan,nan
22324,1,5,5,0,1,0,1,1013,0,0,0,1,0,1,0,nan,nan,nan,nan,nan,nan,nan
22325,1,5,5,0,1,0,1,1013,0,0,0,1,0,1,0,nan,nan,nan,nan,nan,nan,nan
22326,1,5,5,0,0,0,1,1013,0,0,0,1,0,0,0,nan,nan,nan,nan,36.579064961453696,nan,nan
22327,1,5,4,0,0,0,1,1013,0,0,0,0,0,0,0,nan,nan,28.49208780290064,nan,nan,nan,nan
22328,1,5,5,0,0,0,1,1013,0,0,0,0,0,0,0,33.93128418687775,23.052801133642788,nan,nan,nan,nan,nan
22329,1,5,5,0,0,0,0,1014,0,0,0,0,0,0,0,nan,nan,nan,nan,nan,nan,21.783050417088816
22330,1,5,5,0,0,0,0,1014,0,0,0,0,0,0,0,nan,nan,nan,nan,nan,nan,nan
22331,1,5,5,0,0,0,0,1014,0,0,0,0,0,0,0,nan,nan,nan,nan,nan,nan,nan
22332,1,5,5,0,0,0,0,1014,0,0,0,0,0,0,0,nan,nan,nan,nan,nan,nan,nan
22333,1,5,5,0,0,0,0,1014,0,0,0,0,0,0,0,nan,nan,nan,nan,nan,nan,nan
22334,1,5,5,0,0,0,0,1014,0,0,0,0,0,0,0,nan,nan,nan,nan,nan,nan,nan
22335,1,5,5,0,0,0,0,1014,0,0,0,0,0,0,0,nan,nan,nan,nan,nan,nan,nan
22336,1,5,5,0,0,0,0,1014,0,0,0,0,0,0,0,nan,nan,nan,nan,nan,nan,nan
22337,1,5,5,0,1,0,0,1014,0,0,0,1,0,0,0,nan,nan,nan,18.89661475725734,nan,nan,nan
22338,1,5,5,0,1,0,0,1014,0,0,0,1,0,0,0,nan,nan,nan,nan,nan,nan,nan
22339,1,5,5,0,1,0,0,1014,0,0,0,1,0,0,0,nan,nan,nan,nan,nan,nan,nan
22340,1,5,5,0,1,0,0,1014,0,0,0,1,0,0,0,nan,nan,nan,nan,nan,nan,nan
22341,1,5,5,0,1,0,0,1014,0,0,0,1,0,0,0,nan,nan,nan,nan,nan,nan,nan
22342,1,5,5,0,0,1,0,1014,0,0,0,1,0,0,0,nan,nan,nan,nan,16.729291511186602,nan,nan
22343,1,5,5,0,0,1,0,1014,0,0,0,1,0,0,0,nan,nan,nan,nan,nan,nan,nan
22344,1,5,5,0,0,1,0,1014,0,0,0,1,0,0,0,nan,nan,nan,nan,nan,nan,nan
22345,1,5,5,0,0,1,0,1014,0,0,0,1,0,0,0,nan,nan,nan,nan,nan,nan,nan
22346,1,5,5,0,0,1,0,1014,0,0,0,1,0,0,0,nan,nan,nan,nan,nan,nan,nan
22347,1,5,5,0,0,0,1,1014,0,2,0,1,0,0,0,nan,18.864207885791984,nan,nan,nan,47.18305804202464,nan
22348,1,5,5,0,0,0,1,1014,2,2,0,1,0,0,0,19.733046122615633,nan,nan,nan,nan,nan,nan
22349,1,5,5,0,0,0,0,1015,0,0,0,0,0,0,0,nan,nan,22.862878170657496,nan,nan,nan,19.64379106575143
22350,1,5,5,0,0,0,0,1015,0,0,0,0,0,0,0,nan,nan,nan,nan,nan,nan,nan
22351,1,5,5,0,0,0,0,1015,0,0,0,0,0,0,0,nan,nan,nan,nan,nan,nan,nan
22352,1,5,5,0,0,0,0,1015,0,0,0,0,0,0,0,nan,nan,nan,nan,nan,nan,nan
22353,1,5,5,0,0,0,0,1015,0,0,0,0,0,0,0,nan,nan,nan,nan,nan,nan,nan
22354,1,5,5,0,0,0,0,1015,0,0,0,0,0,0,0,nan,nan,nan,nan,nan,nan,nan
22355,1,5,5,0,0,0,0,1015,0,0,0,0,0,0,0,nan,nan,nan,nan,nan,nan,nan
22356,1,5,5,0,0,0,0,1015,0,0,0,0,0,0,0,nan,nan,nan,nan,nan,nan,nan
22357,1,5,5,0,0,0,0,1015,0,0,0,0,0,0,0,nan,nan,nan,nan,nan,nan,nan
22358,1,5,5,0,0,0,0,1015,0,0,0,0,0,0,0,nan,nan,nan,nan,nan,nan,nan
22359,1,5,5,0,0,0,0,1015,0,0,0,0,0,0,0,nan,nan,nan,nan,nan,nan,nan
22360,1,5,5,0,0,0,1,1015,0,0,0,0,0,1,0,nan,nan,nan,nan,nan,13.079209749364963,nan
22361,1,5,5,0,0,0,1,1015,0,0,0,0,0,1,0,nan,nan,nan,nan,nan,nan,nan
22362,1,5,5,0,0,0,1,1015,0,0,0,0,0,1,0,nan,nan,nan,nan,nan,nan,nan
22363,1,5,5,0,0,0,1,1015,0,2,0,0,0,1,0,nan,15.690384617162636,nan,nan,nan,nan,nan
22364,1,5,5,0,0,0,0,1016,0,2,0,0,0,1,0,nan,nan,nan,nan,nan,nan,15.279848709698854
22365,1,5,5,0,0,0,0,1016,0,2,0,0,0,1,0,nan,nan,nan,nan,nan,nan,nan
22366,1,5,5,0,0,0,0,1016,0,2,0,0,0,1,0,nan,nan,nan,nan,nan,nan,nan
22367,1,5,5,0,0,0,0,1016,0,2,0,0,0,1,0,nan,nan,nan,nan,nan,nan,nan
22368,1,5,5,0,0,0,0,1016,0,2,0,0,0,1,0,nan,nan,nan,nan,nan,nan,nan
22369,1,5,5,1,0,0,0,1016,0,0,0,0,0,1,0,21.231201888629585,nan,19.451061205192673,nan,nan,nan,nan
22370,1,5,5,1,0,0,0,1016,0,0,0,0,1,0,0,nan,nan,nan,nan,27.721839886497037,nan,nan
22371,1,5,5,1,0,0,0,1016,0,0,0,0,1,0,0,nan,nan,nan,nan,nan,nan,nan
22372,1,5,5,0,0,0,0,1016,0,0,0,0,0,0,0,nan,nan,nan,35.01867110818421,nan,nan,nan
22373,1,5,5,0,0,0,0,1016,0,0,0,0,0,0,0,nan,nan,nan,nan,nan,nan,nan
22374,1,5,5,0,0,0,0,1016,0,0,0,0,0,0,0,nan,nan,nan,nan,nan,nan,nan
22375,1,5,5,0,0,0,0,1016,0,0,0,0,0,0,0,nan,nan,nan,nan,nan,nan,nan
22376,1,5,5,0,0,0,0,1016,0,0,0,0,0,0,0,nan,nan,nan,nan,nan,nan,nan
22377,1,5,5,0,0,0,0,1016,0,0,0,0,0,0,0,nan,nan,nan,nan,nan,nan,nan
22378,1,5,5,0,0,0,0,1016,0,0,0,0,0,0,0,nan,nan,nan,nan,nan,nan,nan
22379,1,5,5,0,0,0,0,1017,0,0,0,0,0,0,1,nan,nan,nan,nan,nan,nan,14.805913732445333
22380,1,5,5,0,0,0,0,1017,0,0,0,0,0,0,1,nan,nan,nan,nan,nan,nan,nan
22381,1,5,5,0,0,0,0,1017,0,0,0,0,0,0,1,nan,nan,nan,nan,nan,nan,nan
22382,1,5,5,0,0,0,0,1017,0,0,0,0,0,0,1,nan,nan,nan,nan,nan,nan,nan
22383,1,5,5,0,0,0,0,1017,0,0,0,0,0,0,1,nan,nan,nan,nan,nan,nan,nan
22384,1,5,5,0,0,0,0,1017,0,0,0,0,0,0,1,nan,nan,nan,nan,nan,nan,nan
22385,1,5,5,0,0,0,0,1017,0,0,0,0,0,0,1,nan,nan,nan,nan,nan,nan,nan
22386,1,5,5,0,0,0,0,1017,0,2,0,0,0,1,0,nan,23.433534020372463,nan,nan,nan,25.589816610878188,nan
22387,1,5,5,0,0,0,0,1017,0,2,0,0,0,1,0,nan,nan,nan,nan,nan,nan,nan
22388,1,5,5,0,0,0,0,1017,0,2,0,0,0,1,0,nan,nan,nan,nan,nan,nan,nan
22389,1,5,5,0,0,0,0,1017,0,2,0,0,0,1,0,nan,nan,nan,nan,nan,nan,nan
22390,1,5,5,0,0,0,0,1017,0,2,0,0,0,1,0,nan,nan,nan,nan,nan,nan,nan
22391,1,5,5,0,1,0,0,1017,0,2,0,1,0,1,0,nan,nan,nan,19.546330120865605,nan,nan,nan
22392,1,5,5,0,1,0,0,1017,0,2,0,1,0,1,0,nan,nan,nan,nan,nan,nan,nan
22393,1,5,5,0,1,0,0,1017,0,2,0,1,0,1,0,nan,nan,nan,nan,nan,nan,nan
22394,1,5,5,0,1,0,0,1017,2,2,0,1,0,1,0,24.86950423982489,nan,nan,nan,nan,nan,nan
22395,1,5,5,0,1,0,0,1017,2,2,0,1,0,1,0,nan,nan,nan,nan,nan,nan,nan
22396,1,5,5,0,1,0,0,1017,2,2,0,1,0,1,0,nan,nan,nan,nan,nan,nan,nan
22397,1,5,5,0,1,0,0,1017,2,2,0,1,0,1,0,nan,nan,nan,nan,nan,nan,nan
22398,1,5,5,0,1,0,0,1017,2,2,0,1,0,1,0,nan,nan,nan,nan,nan,nan,nan
22399,1,5,5,0,1,0,0,1017,2,2,0,1,0,1,0,nan,nan,nan,nan,nan,nan,nan
22400,1,5,5,0,1,0,0,1017,2,2,0,1,0,1,0,nan,nan,nan,nan,nan,nan,nan
22401,1,5,5,0,1,0,0,1017,2,2,0,1,0,1,0,nan,nan,nan,nan,nan,nan,nan
22402,1,5,5,0,1,0,0,1017,0,0,0,0,0,1,0,nan,nan,33.06525431441332,nan,nan,nan,nan
22403,1,5,5,0,1,0,0,1017,0,0,0,0,0,1,0,nan,nan,nan,nan,nan,nan,nan
22404,1,5,5,0,1,0,0,1017,0,0,0,0,0,1,0,nan,nan,nan,nan,nan,nan,nan
22405,1,5,5,0,0,0,0,1017,0,0,0,0,0,0,0,nan,nan,nan,nan,35.0049017448473,nan,nan
22406,1,5,5,0,0,0,0,1017,0,0,0,0,0,0,0,nan,nan,nan,nan,nan,nan,nan
22407,1,5,5,0,0,0,0,1017,0,0,0,0,0,0,0,nan,nan,nan,nan,nan,nan,nan
22408,1,5,5,0,0,0,0,1017,0,0,0,0,0,0,0,nan,nan,nan,nan,nan,nan,nan
22409,1,5,5,0,0,0,0,1017,0,0,0,0,0,0,0,nan,nan,nan,nan,nan,nan,nan
22410,1,5,5,0,0,0,0,1017,0,0,0,0,0,0,0,nan,nan,nan,nan,nan,nan,nan
22411,1,5,5,0,0,0,0,1017,0,0,0,0,0,0,0,nan,nan,nan,nan,nan,nan,nan
22412,1,5,5,0,0,0,0,1017,0,0,0,0,0,0,0,nan,nan,nan,nan,nan,nan,nan
22413,1,5,5,0,0,0,0,1017,0,0,0,0,0,0,0,nan,nan,nan,nan,nan,nan,nan
22414,1,5,5,0,0,0,0,1018,0,0,0,0,0,0,1,nan,nan,nan,nan,nan,nan,34.85631963534979
22415,1,5,5,0,0,0,0,1018,0,0,0,0,0,0,1,nan,nan,nan,nan,nan,nan,nan
22416,1,5,5,0,0,0,0,1018,0,0,0,0,0,0,1,nan,nan,nan,nan,nan,nan,nan
22417,1,5,5,0,0,0,0,1018,2,0,0,0,0,0,1,23.157559870262048,nan,nan,nan,nan,nan,nan
22418,1,5,5,0,0,0,0,1018,2,0,0,0,0,1,0,nan,nan,nan,nan,nan,32.31200344897297,nan
22419,1,5,5,0,0,0,0,1018,2,2,0,0,0,1,0,nan,32.907907998196606,nan,nan,nan,nan,nan
22420,1,5,5,0,0,0,0,1018,2,2,0,0,0,1,0,nan,nan,nan,nan,nan,nan,nan
22421,1,5,5,0,0,0,0,1018,2,2,0,0,1,0,0,nan,nan,nan,nan,16.382050754698867,nan,nan
22422,1,5,5,0,0,0,0,1018,2,2,0,1,0,0,0,nan,nan,nan,30.427653513099358,nan,nan,nan
22423,1,5,5,0,0,0,0,1018,2,2,0,1,0,0,0,nan,nan,nan,nan,nan,nan,nan
22424,1,5,5,0,0,0,0,1018,2,2,0,1,0,0,0,nan,nan,nan,nan,nan,nan,nan
22425,1,5,5,0,0,0,0,1018,2,2,0,1,0,0,0,nan,nan,nan,nan,nan,nan,nan
22426,1,5,5,0,0,0,0,1018,0,0,0,0,0,0,0,nan,nan,24.294138972869405,nan,nan,nan,nan
22427,1,5,5,0,0,0,0,1018,0,0,0,0,0,0,0,nan,nan,nan,nan,nan,nan,nan
22428,1,5,5,0,0,0,0,1018,0,0,0,0,0,0,0,nan,nan,nan,nan,nan,nan,nan
22429,1,5,5,0,0,0,0,1018,0,0,0,0,0,0,0,nan,nan,nan,nan,nan,nan,nan
22430,1,5,5,0,0,0,0,1018,0,0,0,0,0,0,0,nan,nan,nan,nan,nan,nan,nan
22431,1,5,5,0,0,0,0,1019,0,0,0,0,0,0,1,nan,nan,nan,nan,nan,nan,17.01349431365452
22432,1,5,5,0,0,0,0,1019,0,0,0,0,0,1,0,nan,nan,nan,nan,nan,14.299136476343847,nan
22433,1,5,5,0,0,0,0,1019,0,0,0,0,0,1,0,nan,nan,nan,nan,nan,nan,nan
22434,1,5,5,0,0,0,0,1019,0,0,0,0,0,1,0,nan,nan,nan,nan,nan,nan,nan
22435,1,5,5,0,0,0,0,1019,0,0,0,0,0,1,0,nan,nan,nan,nan,nan,nan,nan
22436,1,5,5,0,0,0,0,1019,0,0,0,0,0,1,0,nan,nan,nan,nan,nan,nan,nan
22437,1,5,5,0,0,0,0,1019,0,0,0,0,0,1,0,nan,nan,nan,nan,nan,nan,nan
22438,1,5,5,0,0,0,0,1019,0,0,0,0,0,1,0,nan,nan,nan,nan,nan,nan,nan
22439,1,5,5,0,0,0,0,1019,0,0,0,0,0,1,0,nan,nan,nan,nan,nan,nan,nan
22440,1,5,5,0,0,0,0,1019,0,0,0,0,0,1,0,nan,nan,nan,nan,nan,nan,nan
22441,1,5,5,0,0,0,0,1019,0,0,0,0,0,1,0,nan,nan,nan,nan,nan,nan,nan
22442,1,5,5,0,0,0,0,1019,0,0,0,0,0,1,0,nan,nan,nan,nan,nan,nan,nan
22443,1,5,5,0,0,0,0,1020,0,0,0,0,0,1,1,nan,nan,nan,nan,nan,nan,12.538752322157961
22444,1,4,5,1,0,0,0,1020,0,0,0,0,0,1,1,nan,24.875750342129322,17.95885948011346,nan,nan,nan,nan
22445,1,4,5,1,0,0,0,1020,0,0,0,0,0,1,1,nan,nan,nan,nan,nan,nan,nan
22446,1,4,5,1,0,0,0,1020,0,0,0,0,0,1,1,nan,nan,nan,nan,nan,nan,nan
22447,1,4,5,1,0,0,0,1020,0,0,0,0,1,0,1,nan,nan,nan,nan,25.97991880808695,nan,nan
22448,1,4,5,1,0,0,0,1020,0,0,0,0,1,0,1,nan,nan,nan,nan,nan,nan,nan
22449,1,4,5,1,0,0,0,1020,0,0,0,0,1,0,1,nan,nan,nan,nan,nan,nan,nan
22450,1,4,5,1,0,0,0,1020,0,0,0,0,1,0,1,nan,nan,nan,nan,nan,nan,nan
22451,1,5,5,1,0,0,0,1020,0,0,0,0,1,0,1,33.17461236159943,nan,nan,nan,nan,nan,nan
22452,1,5,5,0,0,0,0,1020,0,0,0,0,0,0,1,nan,nan,nan,30.217297168634104,nan,nan,nan
22453,1,5,5,0,0,0,0,1020,0,0,0,0,0,0,1,nan,nan,nan,nan,nan,nan,nan
22454,1,5,5,0,0,0,0,1020,0,0,0,0,0,0,1,nan,nan,nan,nan,nan,nan,nan
22455,1,5,5,0,0,0,0,1020,0,0,0,0,0,0,1,nan,nan,nan,nan,nan,nan,nan
22456,1,5,5,0,0,0,0,1020,0,0,0,0,0,0,1,nan,nan,nan,nan,nan,nan,nan
22457,1,5,5,0,0,0,0,1020,0,0,0,0,0,0,1,nan,nan,nan,nan,nan,nan,nan
22458,1,5,5,0,0,0,0,1020,0,0,0,0,0,1,0,nan,nan,nan,nan,nan,25.77700738652493,nan
22459,1,5,5,0,0,0,0,1020,0,0,0,0,0,1,0,nan,nan,nan,nan,nan,nan,nan
22460,1,5,5,0,0,0,0,1020,0,2,0,0,0,1,0,nan,16.510775768892927,nan,nan,nan,nan,nan
22461,1,5,5,0,0,0,0,1020,0,2,0,0,0,1,0,nan,nan,nan,nan,nan,nan,nan
22462,1,5,5,0,0,0,0,1020,0,2,0,0,0,1,0,nan,nan,nan,nan,nan,nan,nan
22463,1,4,5,0,1,0,0,1020,0,0,0,0,0,1,0,nan,nan,18.919631148197368,11.099231292038894,nan,nan,nan
22464,1,4,5,0,1,0,0,1020,0,0,0,0,0,1,0,nan,nan,nan,nan,nan,nan,nan
22465,1,4,5,0,1,0,0,1020,0,0,0,0,0,1,0,nan,nan,nan,nan,nan,nan,nan
22466,1,4,5,0,1,0,0,1020,0,0,0,0,0,1,0,nan,nan,nan,nan,nan,nan,nan
22467,1,4,5,0,1,0,0,1020,0,0,0,0,0,1,0,nan,nan,nan,nan,nan,nan,nan
22468,1,4,5,0,1,0,0,1020,0,0,0,0,0,1,0,nan,nan,nan,nan,nan,nan,nan
22469,1,4,5,0,1,0,0,1020,0,0,0,0,0,1,0,nan,nan,nan,nan,nan,nan,nan
22470,1,4,5,0,0,0,0,1020,0,0,0,0,0,0,0,nan,nan,nan,nan,23.108275274429616,nan,nan
22471,1,4,5,0,0,0,0,1020,0,0,0,0,0,0,0,nan,nan,nan,nan,nan,nan,nan
22472,1,4,5,0,0,0,0,1021,0,0,0,0,0,0,1,nan,nan,nan,nan,nan,nan,28.917684062624176
22473,1,4,5,0,0,0,0,1021,0,0,0,0,0,0,1,nan,nan,nan,nan,nan,nan,nan
22474,1,4,5,0,0,0,0,1021,0,0,0,0,0,0,1,nan,nan,nan,nan,nan,nan,nan
22475,1,5,5,0,0,0,0,1021,0,0,0,0,0,0,1,24.363722707163106,nan,nan,nan,nan,nan,nan
22476,1,5,4,1,0,0,0,1021,0,0,0,0,0,0,1,nan,nan,12.807277276599052,nan,nan,nan,nan
22477,1,5,4,1,0,0,0,1021,0,0,0,0,0,0,1,nan,nan,nan,nan,nan,nan,nan
22478,1,5,4,1,0,0,0,1021,0,0,0,0,0,0,1,nan,nan,nan,nan,nan,nan,nan
22479,1,5,4,1,0,0,0,1021,0,0,0,0,0,0,1,nan,nan,nan,nan,nan,nan,nan
22480,1,5,4,1,0,0,0,1021,0,0,0,0,0,0,1,nan,nan,nan,nan,nan,nan,nan
22481,1,5,4,1,0,0,0,1021,0,0,0,0,0,0,1,nan,nan,nan,nan,nan,nan,nan
22482,1,5,4,1,0,0,0,1021,0,0,0,0,0,0,1,nan,nan,nan,nan,nan,nan,nan
22483,1,5,4,1,0,0,0,1021,0,0,0,0,0,0,1,nan,nan,nan,nan,nan,nan,nan
22484,1,5,4,1,0,0,0,1021,0,0,0,0,0,0,1,nan,nan,nan,nan,nan,nan,nan
22485,1,5,4,1,0,0,0,1021,0,0,0,0,0,1,0,nan,nan,nan,nan,nan,26.473027545998775,nan
22486,1,4,5,1,0,0,0,1021,0,0,0,0,0,1,0,nan,25.996893861367425,nan,nan,nan,nan,nan
22487,1,4,4,2,0,0,0,1021,0,0,0,0,0,1,0,nan,nan,11.58260970386982,nan,nan,nan,nan
22488,1,4,4,2,0,0,0,1021,0,0,0,0,0,1,0,nan,nan,nan,nan,nan,nan,nan
22489,1,4,4,2,0,0,0,1021,0,0,0,0,0,1,0,nan,nan,nan,nan,nan,nan,nan
22490,1,4,4,2,0,0,0,1021,0,0,0,0,0,1,0,nan,nan,nan,nan,nan,nan,nan
22491,1,4,4,2,0,0,0,1021,0,0,0,0,0,1,0,nan,nan,nan,nan,nan,nan,nan
22492,1,4,4,1,0,0,0,1021,0,0,0,0,0,0,0,nan,nan,nan,29.440464779749163,21.816444486605178,nan,nan
22493,1,4,4,1,0,0,0,1021,0,0,0,0,0,0,0,nan,nan,nan,nan,nan,nan,nan
22494,1,5,4,1,0,0,0,1021,0,0,0,0,0,0,0,18.58624191274066,nan,nan,nan,nan,nan,nan
22495,1,5,4,1,0,0,0,1021,0,0,0,0,0,0,0,nan,nan,nan,nan,nan,nan,nan
22496,1,5,4,1,0,0,0,1021,0,0,0,0,0,0,0,nan,nan,nan,nan,nan,nan,nan
22497,1,5,4,1,0,0,0,1021,0,0,0,0,0,0,0,nan,nan,nan,nan,nan,nan,nan
22498,1,5,4,1,0,0,0,1022,0,0,0,0,0,0,1,nan,nan,nan,nan,nan,nan,26.06396006311479
22499,1,5,4,1,0,0,0,1022,0,0,0,0,0,0,1,nan,nan,nan,nan,nan,nan,nan
22500,1,5,4,1,0,0,0,1022,0,0,0,0,0,0,1,nan,nan,nan,nan,nan,nan,nan
22501,1,5,4,1,0,0,0,1022,0,0,0,0,0,0,1,nan,nan,nan,nan,nan,nan,nan
22502,1,5,4,1,0,0,0,1022,0,0,0,0,0,0,1,nan,nan,nan,nan,nan,nan,nan
22503,1,5,4,1,0,0,0,1022,0,0,0,0,0,0,1,nan,nan,nan,nan,nan,nan,nan
22504,1,4,5,1,0,0,0,1022,0,0,0,0,0,0,1,nan,17.91057671740782,nan,nan,nan,nan,nan
22505,1,4,5,1,0,0,0,1022,0,0,0,0,0,0,1,nan,nan,nan,nan,nan,nan,nan
22506,1,4,5,1,0,0,0,1022,0,0,0,0,0,0,1,nan,nan,nan,nan,nan,nan,nan
22507,1,4,5,1,0,0,0,1022,0,0,0,0,0,0,1,nan,nan,nan,nan,nan,nan,nan
22508,1,4,5,1,0,0,0,1022,0,0,0,0,0,0,1,nan,nan,nan,nan,nan,nan,nan
22509,1,4,5,0,1,0,0,1022,0,0,0,0,0,0,1,nan,nan,nan,17.067901342405094,nan,nan,nan
22510,1,4,4,1,1,0,0,1022,0,0,0,0,0,0,1,nan,nan,22.546793681129202,nan,nan,nan,nan
22511,1,4,4,1,1,0,0,1022,0,0,0,0,0,0,1,nan,nan,nan,nan,nan,nan,nan
22512,1,4,4,1,1,0,0,1022,0,0,0,0,0,0,1,nan,nan,nan,nan,nan,nan,nan
22513,1,3,5,1,1,0,0,1022,0,0,0,0,0,0,1,nan,8.738573626589641,nan,nan,nan,nan,nan
22514,1,3,5,1,1,0,0,1022,0,0,0,0,0,1,0,nan,nan,nan,nan,nan,29.401853393905185,nan
22515,1,3,5,1,1,0,0,1022,0,0,0,0,0,1,0,nan,nan,nan,nan,nan,nan,nan
22516,1,3,5,1,1,0,0,1022,0,0,0,0,0,1,0,nan,nan,nan,nan,nan,nan,nan
22517,1,3,5,1,1,0,0,1022,0,0,0,0,0,1,0,nan,nan,nan,nan,nan,nan,nan
22518,1,3,5,1,1,0,0,1022,0,0,0,0,0,1,0,nan,nan,nan,nan,nan,nan,nan
22519,1,3,5,1,1,0,0,1022,0,0,0,0,0,1,0,nan,nan,nan,nan,nan,nan,nan
22520,1,3,5,1,0,0,0,1022,0,0,0,0,0,0,0,nan,nan,nan,nan,27.289439349766326,nan,nan
22521,1,3,5,1,0,0,0,1022,0,0,0,0,0,0,0,nan,nan,nan,nan,nan,nan,nan
22522,1,3,5,1,0,0,0,1022,0,0,0,0,0,0,0,nan,nan,nan,nan,nan,nan,nan
22523,1,3,5,1,0,0,0,1022,0,0,0,0,0,0,0,nan,nan,nan,nan,nan,nan,nan
22524,1,3,5,1,0,0,0,1022,0,0,0,0,0,0,0,nan,nan,nan,nan,nan,nan,nan
22525,1,3,5,1,0,0,0,1022,0,0,0,0,0,0,0,nan,nan,nan,nan,nan,nan,nan
22526,1,3,4,2,0,0,0,1022,0,0,0,0,0,0,0,nan,nan,15.653358177012706,nan,nan,nan,nan
22527,1,3,4,2,0,0,0,1022,0,0,0,0,0,0,0,nan,nan,nan,nan,nan,nan,nan
22528,1,3,4,2,0,0,0,1022,0,0,0,0,0,0,0,nan,nan,nan,nan,nan,nan,nan
22529,1,3,4,2,0,0,0,1022,0,0,0,0,0,0,0,nan,nan,nan,nan,nan,nan,nan
22530,1,3,4,2,0,0,0,1022,0,0,0,0,0,0,0,nan,nan,nan,nan,nan,nan,nan
22531,1,3,4,2,0,0,0,1022,0,0,0,0,0,0,0,nan,nan,nan,nan,nan,nan,nan
22532,1,4,4,1,1,0,0,1023,0,0,0,0,0,1,0,38.21348871484224,nan,nan,22.56298526568935,nan,17.66758444253719,33.70954244843597
22533,1,4,4,1,1,0,0,1023,0,0,0,0,0,1,0,nan,nan,nan,nan,nan,nan,nan
22534,1,4,4,1,1,0,0,1023,0,0,0,0,0,1,0,nan,nan,nan,nan,nan,nan,nan
22535,1,4,4,1,1,0,0,1023,0,0,0,0,0,1,0,nan,nan,nan,nan,nan,nan,nan
22536,1,4,4,1,1,0,0,1023,0,0,0,0,0,1,0,nan,nan,nan,nan,nan,nan,nan
22537,1,3,5,1,1,0,0,1023,0,0,0,0,0,1,0,nan,23.884771168064617,nan,nan,nan,nan,nan
22538,1,3,5,1,0,0,0,1023,0,0,0,0,0,0,0,nan,nan,nan,nan,18.109492307794426,nan,nan
22539,1,3,5,1,0,0,0,1023,0,0,0,0,0,0,0,nan,nan,nan,nan,nan,nan,nan
22540,1,3,5,1,0,0,0,1023,0,0,0,0,0,0,0,nan,nan,nan,nan,nan,nan,nan
22541,1,3,5,1,0,0,0,1023,0,0,0,0,0,0,0,nan,nan,nan,nan,nan,nan,nan
22542,1,3,5,1,0,0,0,1023,0,0,0,0,0,0,0,nan,nan,nan,nan,nan,nan,nan
22543,1,3,5,1,0,0,0,1023,0,0,0,0,0,0,0,nan,nan,nan,nan,nan,nan,nan
22544,1,3,5,1,0,0,0,1023,0,0,0,0,0,0,0,nan,nan,nan,nan,nan,nan,nan
22545,1,3,5,1,0,0,0,1023,0,0,0,0,0,0,0,nan,nan,nan,nan,nan,nan,nan
22546,1,3,5,1,0,0,0,1023,0,0,0,0,0,0,0,nan,nan,nan,nan,nan,nan,nan
22547,1,4,5,1,0,0,0,1023,0,0,0,0,0,0,0,15.188326333565783,nan,nan,nan,nan,nan,nan
22548,1,4,5,1,0,0,0,1023,0,0,0,0,0,0,0,nan,nan,nan,nan,nan,nan,nan
22549,1,4,5,1,0,0,0,1023,0,0,0,0,0,0,0,nan,nan,nan,nan,nan,nan,nan
22550,1,4,5,1,0,0,0,1023,0,0,0,0,0,0,0,nan,nan,nan,nan,nan,nan,nan
22551,1,4,5,1,0,0,0,1024,0,0,0,0,0,0,1,nan,nan,nan,nan,nan,nan,18.62111579196062
22552,1,4,5,1,0,0,0,1024,0,0,0,0,0,0,1,nan,nan,nan,nan,nan,nan,nan
22553,1,4,5,1,0,0,0,1024,0,0,0,0,0,0,1,nan,nan,nan,nan,nan,nan,nan
22554,1,4,5,0,0,1,0,1024,0,0,0,0,0,0,1,nan,nan,nan,22.343632671829255,16.14939335677991,nan,nan
22555,1,4,5,0,0,1,0,1024,0,0,0,0,0,0,1,nan,nan,nan,nan,nan,nan,nan
22556,1,4,5,0,0,1,0,1024,0,0,0,0,0,0,1,nan,nan,nan,nan,nan,nan,nan
22557,1,3,5,1,0,1,0,1024,0,0,0,0,0,0,1,nan,19.82559846264121,30.897853729471535,nan,nan,nan,nan
22558,1,3,5,1,0,1,0,1024,0,0,0,0,0,0,1,nan,nan,nan,nan,nan,nan,nan
22559,1,3,5,1,0,1,0,1024,0,0,0,0,0,0,1,nan,nan,nan,nan,nan,nan,nan
22560,1,3,5,1,0,0,0,1024,0,0,0,0,0,0,0,nan,nan,nan,nan,nan,28.899594082558906,nan
22561,1,4,5,1,0,0,0,1024,0,0,0,0,0,0,0,14.27397196878519,nan,nan,nan,nan,nan,nan
22562,1,4,5,1,0,0,0,1024,0,0,0,0,0,0,0,nan,nan,nan,nan,nan,nan,nan
22563,1,4,5,1,0,0,0,1024,0,0,0,0,0,0,0,nan,nan,nan,nan,nan,nan,nan
22564,1,4,5,1,0,0,0,1024,0,0,0,0,0,0,0,nan,nan,nan,nan,nan,nan,nan
22565,1,4,5,1,0,1,0,1024,0,0,0,0,1,0,0,nan,nan,nan,nan,11.143683554742893,nan,nan
22566,1,4,5,1,0,1,0,1024,0,0,0,0,1,0,0,nan,nan,nan,nan,nan,nan,nan
22567,1,4,5,1,0,1,0,1024,0,0,0,0,1,0,0,nan,nan,nan,nan,nan,nan,nan
22568,1,4,5,1,0,1,0,1024,0,0,0,0,1,0,0,nan,nan,nan,nan,nan,nan,nan
22569,1,4,5,1,0,1,0,1024,0,0,0,0,1,0,0,nan,nan,nan,nan,nan,nan,nan
22570,1,4,5,1,0,1,0,1024,0,0,0,0,1,0,0,nan,nan,nan,nan,nan,nan,nan
22571,1,4,5,1,0,1,0,1024,0,0,0,0,1,0,0,nan,nan,nan,nan,nan,nan,nan
22572,1,4,5,0,0,1,0,1024,0,0,0,0,0,0,0,nan,nan,nan,17.38509497654377,nan,nan,nan
22573,1,4,5,0,0,1,0,1024,0,0,0,0,0,0,0,nan,nan,nan,nan,nan,nan,nan
22574,1,4,5,0,0,1,0,1024,0,0,0,0,0,0,0,nan,nan,nan,nan,nan,nan,nan
22575,1,4,4,1,0,1,0,1024,0,0,0,0,0,0,0,nan,nan,17.9588481754472,nan,nan,nan,nan
22576,1,3,5,1,0,1,0,1024,0,0,0,0,0,0,0,nan,19.28563768310778,nan,nan,nan,nan,nan
22577,1,3,5,1,0,0,1,1024,0,0,0,0,0,0,0,nan,nan,nan,nan,nan,16.439330133176554,nan
22578,1,3,5,1,0,0,1,1024,0,0,0,0,0,0,0,nan,nan,nan,nan,nan,nan,nan
22579,1,3,5,1,0,0,1,1024,0,0,0,0,0,0,0,nan,nan,nan,nan,nan,nan,nan
22580,1,3,5,1,0,0,1,1024,0,0,0,0,0,0,0,nan,nan,nan,nan,nan,nan,nan
22581,1,3,5,1,0,0,1,1024,0,0,0,0,0,0,0,nan,nan,nan,nan,nan,nan,nan
22582,1,3,5,1,0,0,0,1025,0,0,0,0,0,0,0,nan,nan,nan,nan,nan,nan,31.16793415041684
22583,1,3,5,1,0,0,0,1025,0,0,0,0,0,0,0,nan,nan,nan,nan,nan,nan,nan
22584,1,3,5,1,0,0,0,1025,0,0,0,0,0,0,0,nan,nan,nan,nan,nan,nan,nan
22585,1,4,5,1,0,0,0,1025,0,0,0,0,0,0,0,23.31484341754549,nan,nan,nan,nan,nan,nan
22586,1,4,5,1,0,0,0,1025,0,0,0,0,0,0,0,nan,nan,nan,nan,nan,nan,nan
22587,1,4,5,1,0,0,0,1025,0,0,0,0,0,0,0,nan,nan,nan,nan,nan,nan,nan
22588,1,4,5,1,0,0,0,1025,0,0,0,0,0,0,0,nan,nan,nan,nan,nan,nan,nan
22589,1,4,5,1,0,0,0,1025,0,0,0,0,0,0,0,nan,nan,nan,nan,nan,nan,nan
22590,1,4,5,1,0,0,1,1025,0,2,0,0,1,0,0,nan,13.837083847603935,nan,nan,24.65436811633117,13.512553728145576,nan
22591,1,4,5,1,0,0,1,1025,0,2,0,0,1,0,0,nan,nan,nan,nan,nan,nan,nan
22592,1,4,5,1,0,0,1,1025,0,2,0,0,1,0,0,nan,nan,nan,nan,nan,nan,nan
22593,1,4,5,1,0,0,0,1026,0,2,0,0,1,0,0,nan,nan,nan,nan,nan,nan,11.316714778295136
22594,1,4,5,1,0,0,0,1026,0,2,0,0,1,0,0,nan,nan,nan,nan,nan,nan,nan
22595,1,4,5,1,0,0,0,1026,0,2,0,0,1,0,0,nan,nan,nan,nan,nan,nan,nan
22596,1,3,5,2,0,0,0,1026,0,0,0,0,1,0,0,nan,nan,21.90939664256439,nan,nan,nan,nan
22597,1,3,5,2,0,0,0,1026,0,0,0,0,1,0,0,nan,nan,nan,nan,nan,nan,nan
22598,1,3,5,2,0,0,0,1026,0,0,0,0,1,0,0,nan,nan,nan,nan,nan,nan,nan
22599,1,3,5,2,0,0,0,1026,0,0,0,0,1,0,0,nan,nan,nan,nan,nan,nan,nan
22600,1,3,5,1,0,0,0,1026,0,0,0,0,0,0,0,nan,nan,nan,28.083873868097726,nan,nan,nan
22601,1,3,5,1,0,0,0,1026,0,0,0,0,0,0,0,nan,nan,nan,nan,nan,nan,nan
22602,1,3,5,1,0,0,0,1026,0,0,0,0,0,0,0,nan,nan,nan,nan,nan,nan,nan
22603,1,3,5,1,0,0,0,1026,0,0,0,0,0,0,0,nan,nan,nan,nan,nan,nan,nan
22604,1,3,5,1,0,0,0,1026,0,0,0,0,0,0,0,nan,nan,nan,nan,nan,nan,nan
22605,1,3,5,1,0,0,0,1026,0,0,0,0,0,0,0,nan,nan,nan,nan,nan,nan,nan
22606,1,3,5,1,0,0,0,1026,0,0,0,0,0,0,0,nan,nan,nan,nan,nan,nan,nan
22607,1,3,5,1,0,0,0,1026,0,0,0,0,0,0,0,nan,nan,nan,nan,nan,nan,nan
22608,1,3,5,1,0,0,0,1026,0,0,0,0,0,0,0,nan,nan,nan,nan,nan,nan,nan
22609,1,3,4,2,0,0,0,1026,0,0,0,0,0,0,0,nan,nan,12.481381729048735,nan,nan,nan,nan
22610,1,3,4,2,0,0,0,1026,0,0,0,0,0,0,0,nan,nan,nan,nan,nan,nan,nan
22611,1,3,4,2,0,0,0,1026,0,0,0,0,0,0,0,nan,nan,nan,nan,nan,nan,nan
22612,1,4,4,1,1,0,0,1027,0,0,0,0,0,0,1,27.084934105667344,nan,nan,12.361405118834227,nan,nan,19.022010459564626
22613,1,4,4,1,1,0,0,1027,0,0,0,0,0,0,1,nan,nan,nan,nan,nan,nan,nan
22614,1,4,4,1,1,0,0,1027,0,0,0,0,0,0,1,nan,nan,nan,nan,nan,nan,nan
22615,1,4,4,1,0,0,0,1027,0,0,0,0,0,0,0,nan,nan,nan,nan,25.36920631584144,24.695786633827083,nan
22616,1,3,5,1,0,0,0,1027,0,0,0,0,0,0,0,nan,26.456353933805076,nan,nan,nan,nan,nan
22617,1,3,5,1,0,0,0,1027,0,0,0,0,0,0,0,nan,nan,nan,nan,nan,nan,nan
22618,1,3,5,1,0,0,0,1027,0,0,0,0,0,0,0,nan,nan,nan,nan,nan,nan,nan
22619,1,3,5,1,0,0,0,1027,0,0,0,0,0,0,0,nan,nan,nan,nan,nan,nan,nan
22620,1,3,5,1,0,0,0,1027,0,0,0,0,0,0,0,nan,nan,nan,nan,nan,nan,nan
22621,1,3,5,1,0,0,0,1027,0,0,0,0,0,0,0,nan,nan,nan,nan,nan,nan,nan
22622,1,3,5,1,0,0,0,1027,0,0,0,0,0,0,0,nan,nan,nan,nan,nan,nan,nan
22623,1,3,5,1,0,0,0,1027,0,0,0,0,0,0,0,nan,nan,nan,nan,nan,nan,nan
22624,1,4,5,0,1,0,0,1027,0,0,0,0,0,0,0,12.8481649426285,nan,nan,11.830329758555308,nan,nan,nan
22625,1,4,5,0,1,0,0,1027,0,0,0,0,0,0,0,nan,nan,nan,nan,nan,nan,nan
22626,1,4,5,0,1,0,0,1027,0,0,0,0,0,0,0,nan,nan,nan,nan,nan,nan,nan
22627,1,4,5,0,1,0,0,1027,0,0,0,0,0,0,0,nan,nan,nan,nan,nan,nan,nan
22628,1,4,5,0,1,0,1,1027,0,0,0,0,0,1,0,nan,nan,nan,nan,nan,12.45621419677991,nan
22629,1,4,5,0,1,0,1,1027,0,0,0,0,0,1,0,nan,nan,nan,nan,nan,nan,nan
22630,1,4,5,0,1,0,1,1027,0,0,0,0,0,1,0,nan,nan,nan,nan,nan,nan,nan
22631,1,4,5,0,1,0,0,1028,0,0,0,0,0,1,0,nan,nan,nan,nan,nan,nan,18.881117806358816
22632,1,4,5,0,1,0,0,1028,0,0,0,0,0,1,0,nan,nan,nan,nan,nan,nan,nan
22633,1,4,5,0,1,0,0,1028,0,0,0,0,0,1,0,nan,nan,nan,nan,nan,nan,nan
22634,1,4,5,0,0,0,0,1028,0,2,0,0,0,0,0,nan,17.364277907348878,nan,nan,19.40477926821768,nan,nan
22635,1,4,5,0,0,0,0,1028,0,2,0,0,0,0,0,nan,nan,nan,nan,nan,nan,nan
22636,1,4,5,0,1,0,0,1028,0,2,0,1,0,0,0,nan,nan,nan,12.517303697066382,nan,nan,nan
22637,1,3,5,0,1,0,0,1028,0,0,0,0,0,0,0,nan,nan,27.98927597520742,nan,nan,nan,nan
22638,1,3,5,0,1,0,0,1028,0,0,0,0,0,0,0,nan,nan,nan,nan,nan,nan,nan
22639,1,3,5,0,1,0,0,1028,0,0,0,0,0,0,0,nan,nan,nan,nan,nan,nan,nan
22640,1,3,5,0,1,0,0,1028,0,0,0,0,0,0,0,nan,nan,nan,nan,nan,nan,nan
22641,1,3,5,0,1,0,0,1028,0,0,0,0,0,0,0,nan,nan,nan,nan,nan,nan,nan
22642,1,3,5,0,1,0,0,1028,0,0,0,0,0,0,0,nan,nan,nan,nan,nan,nan,nan
22643,1,3,5,0,1,0,0,1028,0,0,0,0,0,0,0,nan,nan,nan,nan,nan,nan,nan
22644,1,4,5,0,1,0,0,1028,0,0,0,0,0,0,0,19.05499038288326,nan,nan,nan,nan,nan,nan
22645,1,4,5,0,1,0,0,1028,0,0,0,0,0,0,0,nan,nan,nan,nan,nan,nan,nan
22646,1,4,5,0,1,0,0,1029,0,0,0,0,0,0,1,nan,nan,nan,nan,nan,nan,15.264501304161968
22647,1,4,5,0,2,0,0,1029,0,0,0,1,0,0,1,nan,nan,nan,10.956788050541945,nan,nan,nan
22648,1,4,5,0,2,0,0,1029,0,0,0,1,0,0,1,nan,nan,nan,nan,nan,nan,nan
22649,1,4,5,0,2,0,0,1029,0,2,0,1,0,0,1,nan,15.546284261574328,nan,nan,nan,nan,nan
22650,1,4,5,0,2,0,0,1029,0,2,0,1,0,0,1,nan,nan,nan,nan,nan,nan,nan
22651,1,4,5,0,2,0,0,1029,0,2,0,1,0,0,1,nan,nan,nan,nan,nan,nan,nan
22652,1,3,5,0,2,0,0,1029,0,0,0,0,0,0,1,nan,nan,15.53489606090443,nan,nan,nan,nan
22653,1,3,5,0,1,1,0,1029,0,0,0,0,0,0,1,nan,nan,nan,nan,18.39122949599914,nan,nan
22654,1,3,5,0,1,1,0,1029,0,0,0,0,0,0,1,nan,nan,nan,nan,nan,nan,nan
22655,1,3,5,0,1,1,0,1029,0,0,0,0,0,0,1,nan,nan,nan,nan,nan,nan,nan
22656,1,3,5,0,1,1,0,1029,0,0,0,0,0,0,1,nan,nan,nan,nan,nan,nan,nan
22657,1,3,5,0,1,1,0,1029,0,0,0,0,0,0,1,nan,nan,nan,nan,nan,nan,nan
22658,1,3,5,0,1,1,0,1029,0,0,0,0,0,0,1,nan,nan,nan,nan,nan,nan,nan
22659,1,4,5,0,1,1,0,1029,0,0,0,0,0,0,1,15.185656886016659,nan,nan,nan,nan,nan,nan
22660,1,4,5,0,1,1,0,1029,0,0,0,0,0,0,1,nan,nan,nan,nan,nan,nan,nan
22661,1,4,5,0,1,0,0,1029,0,0,0,0,0,0,0,nan,nan,nan,nan,nan,33.03695377324766,nan
22662,1,4,5,0,1,0,0,1029,0,0,0,0,0,0,0,nan,nan,nan,nan,nan,nan,nan
22663,1,4,5,0,1,0,0,1029,0,0,0,0,0,0,0,nan,nan,nan,nan,nan,nan,nan
22664,1,4,5,0,1,0,0,1029,0,0,0,0,0,0,0,nan,nan,nan,nan,nan,nan,nan
22665,1,4,5,0,1,0,0,1029,0,0,0,0,0,0,0,nan,nan,nan,nan,nan,nan,nan
22666,1,4,5,0,1,0,0,1029,0,0,0,0,0,0,0,nan,nan,nan,nan,nan,nan,nan
22667,1,4,5,0,0,1,0,1029,0,0,0,0,0,0,0,nan,nan,nan,nan,14.031260349122022,nan,nan
22668,1,4,5,0,0,1,0,1029,0,0,0,0,0,0,0,nan,nan,nan,nan,nan,nan,nan
22669,1,4,5,0,1,1,0,1029,0,0,0,1,0,0,0,nan,nan,nan,21.62568048094181,nan,nan,nan
22670,1,5,5,0,1,1,0,1029,0,0,0,1,0,0,0,11.746582181014674,nan,nan,nan,nan,nan,nan
22671,1,5,5,0,1,1,0,1029,0,0,0,1,0,0,0,nan,nan,nan,nan,nan,nan,nan
22672,1,5,5,0,1,1,0,1029,0,0,0,1,0,0,0,nan,nan,nan,nan,nan,nan,nan
22673,1,5,5,0,1,1,0,1029,0,0,0,1,0,0,0,nan,nan,nan,nan,nan,nan,nan
22674,1,5,5,0,1,1,0,1029,0,0,0,1,0,0,0,nan,nan,nan,nan,nan,nan,nan
22675,1,5,5,0,1,1,0,1030,0,0,0,1,0,0,1,nan,nan,nan,nan,nan,nan,28.1470536392153
22676,1,5,5,0,1,1,0,1030,0,0,0,1,0,0,1,nan,nan,nan,nan,nan,nan,nan
22677,1,5,5,0,1,1,0,1030,0,2,0,1,0,0,1,nan,27.909994007266505,nan,nan,nan,nan,nan
22678,1,5,5,0,1,1,0,1030,0,2,0,1,0,0,1,nan,nan,nan,nan,nan,nan,nan
22679,1,5,5,0,1,1,0,1030,0,2,0,1,0,0,1,nan,nan,nan,nan,nan,nan,nan
22680,1,5,5,0,1,1,0,1030,0,2,0,1,0,0,1,nan,nan,nan,nan,nan,nan,nan
22681,1,5,5,0,1,1,0,1030,0,2,0,1,0,0,1,nan,nan,nan,nan,nan,nan,nan
22682,1,5,5,0,1,1,0,1030,0,2,0,1,0,0,1,nan,nan,nan,nan,nan,nan,nan
22683,1,5,5,0,1,1,0,1030,0,2,0,1,0,0,1,nan,nan,nan,nan,nan,nan,nan
22684,1,5,5,0,1,0,0,1030,0,2,0,1,0,0,0,nan,nan,nan,nan,nan,23.06875091079928,nan
22685,1,5,5,0,1,0,0,1030,0,0,0,0,0,0,0,15.061615539394552,nan,32.63744494155617,nan,nan,nan,nan
22686,1,5,5,0,1,0,0,1030,0,0,0,0,0,0,0,nan,nan,nan,nan,nan,nan,nan
22687,1,5,5,0,1,0,0,1030,0,0,0,0,0,0,0,nan,nan,nan,nan,nan,nan,nan
22688,1,5,5,0,1,0,0,1030,0,0,0,0,0,0,0,nan,nan,nan,nan,nan,nan,nan
22689,1,5,5,0,0,1,0,1030,0,0,0,0,0,0,0,nan,nan,nan,nan,22.395303084227635,nan,nan
22690,1,5,5,0,0,1,0,1030,0,0,0,0,0,0,0,nan,nan,nan,nan,nan,nan,nan
22691,1,5,5,0,0,1,0,1030,0,0,0,0,0,0,0,nan,nan,nan,nan,nan,nan,nan
22692,1,5,5,0,0,1,0,1030,0,0,0,0,0,0,0,nan,nan,nan,nan,nan,nan,nan
22693,1,5,5,0,0,1,0,1030,0,0,0,0,0,0,0,nan,nan,nan,nan,nan,nan,nan
22694,1,5,5,0,0,1,0,1030,0,0,0,0,0,0,0,nan,nan,nan,nan,nan,nan,nan
22695,1,5,5,0,0,1,0,1031,0,0,0,0,0,0,1,nan,nan,nan,nan,nan,nan,20.515176328710368
22696,1,5,5,0,0,0,0,1031,0,0,0,0,0,0,0,nan,nan,nan,nan,nan,12.767860757478047,nan
22697,1,5,4,0,1,0,0,1031,0,0,0,0,0,0,0,nan,nan,12.162065993547003,27.61187431920189,nan,nan,nan
22698,1,5,4,0,1,0,0,1031,0,0,0,0,0,0,0,nan,nan,nan,nan,nan,nan,nan
22699,1,5,4,0,1,0,0,1031,0,0,0,0,0,0,0,nan,nan,nan,nan,nan,nan,nan
22700,1,5,4,0,1,0,0,1031,0,0,0,0,0,0,0,nan,nan,nan,nan,nan,nan,nan
22701,1,5,4,0,1,0,0,1031,2,0,0,0,0,0,0,15.668252254872641,nan,nan,nan,nan,nan,nan
22702,1,5,4,0,1,0,0,1031,2,0,0,0,0,0,0,nan,nan,nan,nan,nan,nan,nan
22703,1,5,4,0,0,1,0,1031,2,0,0,0,0,0,0,nan,nan,nan,nan,13.804536589570489,nan,nan
22704,1,5,5,0,0,1,0,1031,0,0,0,0,0,0,0,nan,26.828473164514435,nan,nan,nan,nan,nan
22705,1,5,5,0,0,1,0,1031,0,0,0,0,0,0,0,nan,nan,nan,nan,nan,nan,nan
22706,1,5,5,0,0,1,0,1031,0,0,0,0,0,0,0,nan,nan,nan,nan,nan,nan,nan
22707,1,5,5,0,0,1,0,1031,0,0,0,0,0,0,0,nan,nan,nan,nan,nan,nan,nan
22708,1,5,5,0,0,0,1,1031,0,0,0,0,0,0,0,nan,nan,nan,nan,nan,11.2825998552471,nan
22709,1,5,5,0,0,0,1,1031,0,0,0,0,0,0,0,nan,nan,nan,nan,nan,nan,nan
22710,1,5,5,0,0,0,1,1031,0,0,0,0,0,0,0,nan,nan,nan,nan,nan,nan,nan
22711,1,5,5,0,0,0,1,1031,0,0,0,0,0,0,0,nan,nan,nan,nan,nan,nan,nan
22712,1,5,5,0,0,0,1,1031,0,0,0,0,0,0,0,nan,nan,nan,nan,nan,nan,nan
22713,1,5,5,0,0,0,1,1031,0,0,0,0,0,0,0,nan,nan,nan,nan,nan,nan,nan
22714,1,5,5,0,0,0,1,1031,0,0,0,0,0,0,0,nan,nan,nan,nan,nan,nan,nan
22715,1,5,5,0,0,0,1,1031,0,0,0,0,0,0,0,nan,nan,nan,nan,nan,nan,nan
22716,1,5,5,0,0,0,1,1031,0,0,0,0,0,0,0,nan,nan,nan,nan,nan,nan,nan
22717,1,5,5,0,0,0,0,1032,0,0,0,0,0,0,0,nan,nan,nan,nan,nan,nan,22.186615399892617
22718,1,5,5,0,0,0,0,1032,0,0,0,0,0,0,0,nan,nan,nan,nan,nan,nan,nan
22719,1,5,5,0,0,0,0,1032,0,0,0,0,0,0,0,nan,nan,nan,nan,nan,nan,nan
22720,1,5,5,0,0,0,0,1032,0,0,0,0,0,0,0,nan,nan,nan,nan,nan,nan,nan
22721,1,5,5,0,0,0,0,1032,0,0,0,0,0,0,0,nan,nan,nan,nan,nan,nan,nan
22722,1,5,5,0,0,0,0,1032,0,0,0,0,0,0,0,nan,nan,nan,nan,nan,nan,nan
22723,1,5,5,0,0,0,0,1032,0,2,0,0,0,0,0,nan,19.184099466656335,nan,nan,nan,nan,nan
22724,1,5,5,0,1,0,0,1032,0,2,0,1,0,0,0,nan,nan,nan,27.830351412005257,nan,nan,nan
22725,1,5,5,0,1,0,0,1032,0,2,0,1,0,0,0,nan,nan,nan,nan,nan,nan,nan
22726,1,5,5,0,1,0,1,1032,0,2,0,1,0,1,0,nan,nan,nan,nan,nan,18.0398102846666,nan
22727,1,5,5,0,1,0,1,1032,0,2,0,1,0,1,0,nan,nan,nan,nan,nan,nan,nan
22728,1,5,5,0,1,0,1,1032,0,2,0,1,0,1,0,nan,nan,nan,nan,nan,nan,nan
22729,1,5,5,0,1,0,1,1032,2,2,0,1,0,1,0,27.607923651761666,nan,nan,nan,nan,nan,nan
22730,1,5,5,0,1,0,1,1032,0,0,0,0,0,1,0,nan,nan,33.23268560113138,nan,nan,nan,nan
22731,1,5,5,0,0,0,1,1032,0,0,0,0,0,0,0,nan,nan,nan,nan,28.44292220301213,nan,nan
22732,1,5,5,0,0,0,1,1032,0,0,0,0,0,0,0,nan,nan,nan,nan,nan,nan,nan
22733,1,5,5,0,0,0,1,1032,0,0,0,0,0,0,0,nan,nan,nan,nan,nan,nan,nan
22734,1,5,5,0,0,0,0,1033,0,0,0,0,0,0,0,nan,nan,nan,nan,nan,nan,16.64458746026139
22735,1,5,5,0,0,0,0,1033,0,0,0,0,0,0,0,nan,nan,nan,nan,nan,nan,nan
22736,1,5,5,0,0,0,0,1033,0,0,0,0,0,0,0,nan,nan,nan,nan,nan,nan,nan
22737,1,5,5,0,0,0,0,1033,0,0,0,0,0,0,0,nan,nan,nan,nan,nan,nan,nan
22738,1,5,5,0,0,0,0,1033,0,0,0,0,0,0,0,nan,nan,nan,nan,nan,nan,nan
22739,1,5,5,0,0,0,0,1033,0,0,0,0,0,0,0,nan,nan,nan,nan,nan,nan,nan
22740,1,5,5,0,0,0,0,1033,0,0,0,0,0,0,0,nan,nan,nan,nan,nan,nan,nan
22741,1,5,5,0,0,0,0,1033,0,0,0,0,0,0,0,nan,nan,nan,nan,nan,nan,nan
22742,1,5,5,0,0,0,0,1033,0,0,0,0,0,0,0,nan,nan,nan,nan,nan,nan,nan
22743,1,5,5,0,0,0,1,1033,2,0,0,0,0,1,0,14.121812714736734,nan,nan,nan,nan,17.279539946452132,nan
22744,1,5,5,0,0,0,1,1033,2,0,0,0,0,1,0,nan,nan,nan,nan,nan,nan,nan
22745,1,5,5,0,0,0,1,1033,2,0,0,0,0,1,0,nan,nan,nan,nan,nan,nan,nan
22746,1,5,5,0,0,0,1,1033,2,0,0,0,0,1,0,nan,nan,nan,nan,nan,nan,nan
22747,1,5,5,0,1,0,1,1033,2,0,0,1,0,1,0,nan,nan,nan,22.31072431174107,nan,nan,nan
22748,1,5,5,0,1,0,0,1034,2,0,0,1,0,1,0,nan,nan,nan,nan,nan,nan,14.418317958054104
22749,1,5,5,0,1,0,0,1034,2,0,0,1,0,1,0,nan,nan,nan,nan,nan,nan,nan
22750,1,5,5,0,1,0,0,1034,2,0,0,1,0,1,0,nan,nan,nan,nan,nan,nan,nan
22751,1,5,5,0,1,0,0,1034,2,0,0,1,0,1,0,nan,nan,nan,nan,nan,nan,nan
22752,1,5,5,0,1,0,0,1034,2,2,0,1,0,1,0,nan,28.75854684533988,nan,nan,nan,nan,nan
22753,1,5,5,0,0,0,0,1034,2,2,0,1,0,0,0,nan,nan,nan,nan,21.634317298037786,nan,nan
22754,1,5,5,0,0,0,0,1034,0,0,0,0,0,0,0,nan,nan,23.54712907908106,nan,nan,nan,nan
22755,1,5,5,0,0,0,0,1034,0,0,0,0,0,0,0,nan,nan,nan,nan,nan,nan,nan
22756,1,5,5,0,0,0,0,1034,0,0,0,0,0,0,0,nan,nan,nan,nan,nan,nan,nan
22757,1,5,5,0,0,0,0,1034,0,0,0,0,0,0,0,nan,nan,nan,nan,nan,nan,nan
22758,1,5,5,0,0,0,0,1034,0,0,0,0,0,0,0,nan,nan,nan,nan,nan,nan,nan
22759,1,5,5,0,0,0,0,1034,0,0,0,0,0,0,0,nan,nan,nan,nan,nan,nan,nan
22760,1,5,5,0,0,0,0,1034,0,0,0,0,0,0,0,nan,nan,nan,nan,nan,nan,nan
22761,1,5,5,0,0,0,0,1034,0,0,0,0,0,0,0,nan,nan,nan,nan,nan,nan,nan
22762,1,5,5,0,0,0,0,1034,0,0,0,0,0,0,0,nan,nan,nan,nan,nan,nan,nan
22763,1,5,5,0,0,0,0,1034,0,0,0,0,0,0,0,nan,nan,nan,nan,nan,nan,nan
22764,1,5,5,0,0,0,0,1034,0,0,0,0,0,0,0,nan,nan,nan,nan,nan,nan,nan
22765,1,5,5,0,0,0,0,1035,0,0,0,0,0,0,1,nan,nan,nan,nan,nan,nan,16.416169586460455
22766,1,5,5,0,0,0,0,1035,0,0,0,0,0,0,1,nan,nan,nan,nan,nan,nan,nan
22767,1,5,5,0,0,1,0,1035,0,0,0,0,1,0,1,nan,nan,nan,nan,14.187577061424236,nan,nan
22768,1,5,5,0,0,1,0,1035,0,0,0,0,1,0,1,nan,nan,nan,nan,nan,nan,nan
22769,1,5,5,0,0,0,0,1035,2,0,0,0,1,0,0,26.19479551041877,nan,nan,nan,nan,26.217445741625852,nan
22770,1,5,5,0,0,0,0,1035,2,0,0,0,1,0,0,nan,nan,nan,nan,nan,nan,nan
22771,1,5,5,0,0,0,0,1035,2,0,0,1,0,0,0,nan,nan,nan,23.75484777938982,nan,nan,nan
22772,1,5,5,0,0,0,0,1035,2,0,0,1,0,0,0,nan,nan,nan,nan,nan,nan,nan
22773,1,5,5,0,0,0,0,1035,2,2,0,1,0,0,0,nan,20.8108075922064,nan,nan,nan,nan,nan
22774,1,5,5,0,0,0,0,1035,2,2,0,1,0,0,0,nan,nan,nan,nan,nan,nan,nan
22775,1,5,5,0,0,0,0,1035,2,2,0,1,0,0,0,nan,nan,nan,nan,nan,nan,nan
22776,1,5,5,0,0,0,0,1035,2,2,0,1,0,0,0,nan,nan,nan,nan,nan,nan,nan
22777,1,5,5,0,0,0,0,1035,2,2,0,1,0,0,0,nan,nan,nan,nan,nan,nan,nan
22778,1,5,5,0,0,0,1,1035,2,2,0,1,0,1,0,nan,nan,nan,nan,nan,8.964815202041791,nan
22779,1,5,5,0,0,0,1,1035,2,2,0,1,0,1,0,nan,nan,nan,nan,nan,nan,nan
22780,1,5,5,0,0,0,0,1036,0,0,0,0,0,1,0,nan,nan,26.02526206811308,nan,nan,nan,15.6651803963141
22781,1,5,5,0,0,0,0,1036,0,0,0,0,0,1,0,nan,nan,nan,nan,nan,nan,nan
22782,1,5,5,0,0,0,0,1036,0,0,0,0,0,1,0,nan,nan,nan,nan,nan,nan,nan
22783,1,5,5,0,0,0,0,1036,0,0,0,0,0,1,0,nan,nan,nan,nan,nan,nan,nan
22784,1,5,5,0,0,0,0,1036,0,0,0,0,0,1,0,nan,nan,nan,nan,nan,nan,nan
22785,1,5,5,0,0,0,0,1036,0,0,0,0,0,1,0,nan,nan,nan,nan,nan,nan,nan
22786,1,5,5,0,0,0,0,1036,0,0,0,0,0,1,0,nan,nan,nan,nan,nan,nan,nan
22787,1,5,5,0,0,0,0,1036,0,0,0,0,0,1,0,nan,nan,nan,nan,nan,nan,nan
22788,1,5,5,0,0,0,0,1036,0,0,0,0,0,1,0,nan,nan,nan,nan,nan,nan,nan
22789,1,5,5,0,0,0,0,1036,0,0,0,0,1,0,0,nan,nan,nan,nan,21.3711403879679,nan,nan
22790,1,5,5,0,0,0,0,1036,0,0,0,0,1,0,0,nan,nan,nan,nan,nan,nan,nan
22791,1,5,5,0,0,0,0,1036,0,0,0,0,1,0,0,nan,nan,nan,nan,nan,nan,nan
22792,1,5,5,0,0,0,0,1036,0,0,0,0,1,0,0,nan,nan,nan,nan,nan,nan,nan
22793,1,5,5,0,0,0,0,1036,0,0,0,0,1,0,0,nan,nan,nan,nan,nan,nan,nan
22794,1,5,4,1,0,0,0,1036,0,0,0,0,1,0,0,nan,nan,13.477030127964099,nan,nan,nan,nan
22795,1,5,4,1,0,0,0,1036,0,0,0,0,1,0,0,nan,nan,nan,nan,nan,nan,nan
22796,1,5,4,1,0,0,0,1037,0,0,0,0,1,0,1,nan,nan,nan,nan,nan,nan,15.168807699290483
22797,1,5,4,1,0,0,0,1037,0,0,0,0,1,0,1,nan,nan,nan,nan,nan,nan,nan
22798,1,5,4,1,0,0,0,1037,0,0,0,0,1,0,1,nan,nan,nan,nan,nan,nan,nan
22799,1,4,5,1,0,0,0,1037,0,0,0,0,1,0,1,nan,26.367440434652963,nan,nan,nan,nan,nan
22800,1,4,5,0,0,0,0,1037,0,0,0,0,0,0,1,nan,nan,nan,29.440148896715982,nan,nan,nan
22801,1,4,5,0,0,0,0,1037,0,0,0,0,0,0,1,nan,nan,nan,nan,nan,nan,nan
22802,1,4,5,0,0,0,0,1037,0,0,0,0,0,0,1,nan,nan,nan,nan,nan,nan,nan
22803,1,4,5,0,0,0,0,1037,0,0,0,0,0,1,0,nan,nan,nan,nan,nan,24.797149804304354,nan
22804,1,5,5,0,0,0,0,1037,0,0,0,0,0,1,0,35.20075299162636,nan,nan,nan,nan,nan,nan
22805,1,5,5,0,0,0,0,1037,0,0,0,0,0,1,0,nan,nan,nan,nan,nan,nan,nan
22806,1,5,5,0,0,0,0,1037,0,0,0,0,0,1,0,nan,nan,nan,nan,nan,nan,nan
22807,1,5,5,0,0,0,0,1037,0,0,0,0,0,1,0,nan,nan,nan,nan,nan,nan,nan
22808,1,5,5,0,0,0,0,1037,0,0,0,0,0,1,0,nan,nan,nan,nan,nan,nan,nan
22809,1,5,5,0,0,0,0,1037,0,0,0,0,0,1,0,nan,nan,nan,nan,nan,nan,nan
22810,1,5,5,0,0,0,0,1037,0,2,0,0,0,1,0,nan,10.963430315230653,nan,nan,nan,nan,nan
22811,1,5,5,0,0,0,0,1037,0,2,0,0,0,1,0,nan,nan,nan,nan,nan,nan,nan
22812,1,5,5,0,0,0,0,1037,0,2,0,0,0,1,0,nan,nan,nan,nan,nan,nan,nan
22813,1,5,5,0,1,0,0,1037,0,2,0,1,0,1,0,nan,nan,nan,13.15240903828817,nan,nan,nan
22814,1,5,5,0,1,0,0,1037,0,2,0,1,0,1,0,nan,nan,nan,nan,nan,nan,nan
22815,1,5,5,0,1,0,0,1037,0,2,0,1,0,1,0,nan,nan,nan,nan,nan,nan,nan
22816,1,5,5,0,1,0,0,1037,0,2,0,1,0,1,0,nan,nan,nan,nan,nan,nan,nan
22817,1,5,5,0,1,0,0,1037,0,2,0,1,0,1,0,nan,nan,nan,nan,nan,nan,nan
22818,1,5,5,0,1,0,0,1037,2,2,0,1,0,1,0,13.79830627787669,nan,nan,nan,nan,nan,nan
22819,1,5,5,0,1,0,0,1037,2,2,0,1,0,1,0,nan,nan,nan,nan,nan,nan,nan
22820,1,5,5,0,1,0,0,1037,2,2,0,1,0,1,0,nan,nan,nan,nan,nan,nan,nan
22821,1,5,5,0,1,0,0,1037,2,2,0,1,0,1,0,nan,nan,nan,nan,nan,nan,nan
22822,1,5,5,0,1,0,0,1037,0,0,0,0,0,1,0,nan,nan,28.20407316976707,nan,nan,nan,nan
22823,1,5,5,0,0,0,0,1038,0,0,0,0,0,0,1,nan,nan,nan,nan,34.040401925652986,nan,27.328521009174437
22824,1,5,5,0,0,0,0,1038,0,0,0,0,0,0,1,nan,nan,nan,nan,nan,nan,nan
22825,1,5,5,0,0,0,0,1038,0,0,0,0,0,0,1,nan,nan,nan,nan,nan,nan,nan
22826,1,5,5,0,0,0,0,1038,0,0,0,0,0,0,1,nan,nan,nan,nan,nan,nan,nan
22827,1,5,5,0,0,0,0,1038,0,0,0,0,0,0,1,nan,nan,nan,nan,nan,nan,nan
22828,1,5,5,0,0,0,0,1038,0,0,0,0,0,0,1,nan,nan,nan,nan,nan,nan,nan
22829,1,5,5,0,0,0,0,1038,0,0,0,0,0,0,1,nan,nan,nan,nan,nan,nan,nan
22830,1,5,5,0,0,0,0,1038,0,0,0,0,0,0,1,nan,nan,nan,nan,nan,nan,nan
22831,1,5,5,0,0,0,0,1038,0,0,0,0,0,0,1,nan,nan,nan,nan,nan,nan,nan
22832,1,5,5,0,0,0,0,1038,2,0,0,0,0,0,1,14.261403133608837,nan,nan,nan,nan,nan,nan
22833,1,5,5,0,1,0,0,1038,2,0,0,1,0,0,1,nan,nan,nan,20.171826377652906,nan,nan,nan
22834,1,5,5,0,1,0,0,1038,2,0,0,1,0,0,1,nan,nan,nan,nan,nan,nan,nan
22835,1,5,5,0,1,0,0,1038,2,0,0,1,0,0,1,nan,nan,nan,nan,nan,nan,nan
22836,1,5,5,0,1,0,0,1038,2,2,0,1,0,0,1,nan,26.335587697278243,nan,nan,nan,nan,nan
22837,1,5,5,0,1,0,0,1038,2,2,0,1,0,0,1,nan,nan,nan,nan,nan,nan,nan
22838,1,5,5,0,0,1,0,1038,2,2,0,1,0,0,1,nan,nan,nan,nan,15.164416583204002,nan,nan
22839,1,5,5,0,0,1,0,1038,2,2,0,1,0,0,1,nan,nan,nan,nan,nan,nan,nan
22840,1,5,5,0,0,1,0,1038,2,2,0,1,0,0,1,nan,nan,nan,nan,nan,nan,nan
22841,1,5,5,0,0,1,0,1038,2,2,0,1,0,0,1,nan,nan,nan,nan,nan,nan,nan
22842,1,5,5,0,0,1,0,1038,2,2,0,1,0,0,1,nan,nan,nan,nan,nan,nan,nan
22843,1,5,5,0,0,0,0,1038,2,2,0,1,0,0,0,nan,nan,nan,nan,nan,39.917325315564085,nan
22844,1,5,5,0,0,0,0,1038,2,2,0,1,0,0,0,nan,nan,nan,nan,nan,nan,nan
22845,1,5,5,0,0,0,0,1038,2,2,0,1,0,0,0,nan,nan,nan,nan,nan,nan,nan
22846,1,5,5,0,0,0,0,1038,2,2,0,1,0,0,0,nan,nan,nan,nan,nan,nan,nan
22847,1,5,5,0,0,0,0,1038,2,2,0,1,0,0,0,nan,nan,nan,nan,nan,nan,nan
22848,1,5,5,0,0,0,0,1038,2,2,0,1,0,0,0,nan,nan,nan,nan,nan,nan,nan
22849,1,5,5,0,0,0,0,1038,2,2,0,1,0,0,0,nan,nan,nan,nan,nan,nan,nan
22850,1,5,5,0,0,0,0,1038,2,2,0,1,0,0,0,nan,nan,nan,nan,nan,nan,nan
22851,1,5,5,0,0,0,0,1038,2,2,0,1,0,0,0,nan,nan,nan,nan,nan,nan,nan
22852,1,5,5,0,0,0,0,1038,2,2,0,1,0,0,0,nan,nan,nan,nan,nan,nan,nan
22853,1,5,5,0,0,1,0,1038,0,0,0,0,1,0,0,nan,nan,31.299622263781202,nan,15.151397763605928,nan,nan
22854,1,5,5,0,0,1,0,1038,0,0,0,0,1,0,0,nan,nan,nan,nan,nan,nan,nan
22855,1,5,5,0,0,1,0,1038,0,0,0,0,1,0,0,nan,nan,nan,nan,nan,nan,nan
22856,1,5,5,0,0,1,0,1038,0,0,0,0,1,0,0,nan,nan,nan,nan,nan,nan,nan
22857,1,5,5,0,0,1,0,1038,0,0,0,0,1,0,0,nan,nan,nan,nan,nan,nan,nan
22858,1,5,5,0,0,1,0,1038,0,0,0,0,1,0,0,nan,nan,nan,nan,nan,nan,nan
22859,1,5,5,0,0,1,0,1038,0,0,0,0,1,0,0,nan,nan,nan,nan,nan,nan,nan
22860,1,5,5,0,0,1,0,1038,0,0,0,0,1,0,0,nan,nan,nan,nan,nan,nan,nan
22861,1,5,5,0,0,1,0,1039,0,0,0,0,1,0,1,nan,nan,nan,nan,nan,nan,38.05432163161822
22862,1,5,5,0,0,1,0,1039,0,0,0,0,1,0,1,nan,nan,nan,nan,nan,nan,nan
22863,1,5,5,0,0,1,0,1039,0,0,0,0,1,0,1,nan,nan,nan,nan,nan,nan,nan
22864,1,5,5,0,0,1,0,1039,0,0,0,0,1,0,1,nan,nan,nan,nan,nan,nan,nan
22865,1,5,5,0,0,1,0,1039,0,0,0,0,1,0,1,nan,nan,nan,nan,nan,nan,nan
22866,1,5,5,0,0,1,0,1039,0,0,0,0,1,0,1,nan,nan,nan,nan,nan,nan,nan
22867,1,5,5,0,0,1,0,1039,0,0,0,0,1,0,1,nan,nan,nan,nan,nan,nan,nan
22868,1,5,5,0,0,1,0,1039,0,0,0,0,1,0,1,nan,nan,nan,nan,nan,nan,nan
22869,1,5,5,0,0,1,0,1039,0,0,0,1,0,0,1,nan,nan,nan,36.14980809285407,nan,nan,nan
22870,1,5,5,0,0,0,0,1039,0,0,0,1,0,0,0,nan,nan,nan,nan,nan,27.266704576341,nan
22871,1,5,5,0,0,0,0,1039,0,0,0,1,0,0,0,nan,nan,nan,nan,nan,nan,nan
22872,1,5,5,0,0,0,0,1039,0,0,0,1,0,0,0,nan,nan,nan,nan,nan,nan,nan
22873,1,5,5,0,0,0,0,1039,0,2,0,1,0,0,0,nan,36.52504897844483,nan,nan,nan,nan,nan
22874,1,5,5,0,0,0,0,1039,0,2,0,1,0,0,0,nan,nan,nan,nan,nan,nan,nan
22875,1,5,5,0,0,0,0,1039,2,2,0,1,0,0,0,42.24292584574505,nan,nan,nan,nan,nan,nan
22876,1,5,5,0,0,0,0,1039,2,2,0,1,0,0,0,nan,nan,nan,nan,nan,nan,nan
22877,1,5,5,0,0,0,0,1039,2,2,0,1,0,0,0,nan,nan,nan,nan,nan,nan,nan
22878,1,5,5,0,0,0,0,1039,2,2,0,1,0,0,0,nan,nan,nan,nan,nan,nan,nan
22879,1,5,5,0,0,0,0,1039,2,2,0,1,0,0,0,nan,nan,nan,nan,nan,nan,nan
22880,1,5,5,0,0,0,0,1039,2,2,0,1,0,0,0,nan,nan,nan,nan,nan,nan,nan
22881,1,5,5,0,0,0,0,1039,2,2,0,1,0,0,0,nan,nan,nan,nan,nan,nan,nan
22882,1,5,5,0,0,0,0,1039,2,2,0,1,0,0,0,nan,nan,nan,nan,nan,nan,nan
22883,1,5,5,0,0,0,0,1039,2,2,0,1,0,0,0,nan,nan,nan,nan,nan,nan,nan
22884,1,5,5,0,0,0,0,1039,0,0,0,0,0,0,0,nan,nan,30.51315256384987,nan,nan,nan,nan
22885,1,5,5,0,0,0,0,1039,0,0,0,0,0,0,0,nan,nan,nan,nan,nan,nan,nan
22886,1,5,5,0,0,0,0,1039,0,0,0,0,0,0,0,nan,nan,nan,nan,nan,nan,nan
22887,1,5,5,0,0,0,1,1039,0,0,0,0,0,1,0,nan,nan,nan,nan,nan,16.751474616114137,nan
22888,1,5,5,0,0,0,1,1039,0,0,0,0,0,1,0,nan,nan,nan,nan,nan,nan,nan
22889,1,5,5,0,0,0,1,1039,0,0,0,0,0,1,0,nan,nan,nan,nan,nan,nan,nan
22890,1,5,5,0,0,0,1,1039,0,0,0,0,0,1,0,nan,nan,nan,nan,nan,nan,nan
22891,1,5,5,0,0,0,1,1039,0,0,0,0,0,1,0,nan,nan,nan,nan,nan,nan,nan
22892,1,5,5,0,0,0,0,1040,0,0,0,0,0,1,0,nan,nan,nan,nan,nan,nan,30.942690448042413
22893,1,5,5,0,0,0,0,1040,0,0,0,0,0,1,0,nan,nan,nan,nan,nan,nan,nan
22894,1,5,5,0,0,0,0,1040,0,2,0,0,1,0,0,nan,21.537650650378055,nan,nan,41.00626756521524,nan,nan
22895,1,5,5,0,0,0,0,1040,0,2,0,0,1,0,0,nan,nan,nan,nan,nan,nan,nan
22896,1,5,5,0,0,0,0,1040,0,2,0,0,1,0,0,nan,nan,nan,nan,nan,nan,nan
22897,1,5,5,0,0,0,0,1040,0,2,0,0,1,0,0,nan,nan,nan,nan,nan,nan,nan
22898,1,5,5,0,0,0,0,1040,2,2,0,0,1,0,0,23.646729696596594,nan,nan,nan,nan,nan,nan
22899,1,5,5,0,0,0,0,1040,2,2,0,0,1,0,0,nan,nan,nan,nan,nan,nan,nan
22900,1,5,5,1,0,0,0,1040,0,0,0,0,1,0,0,nan,nan,16.25339042671112,nan,nan,nan,nan
22901,1,5,5,1,0,0,0,1040,0,0,0,0,1,0,0,nan,nan,nan,nan,nan,nan,nan
22902,1,5,5,0,0,0,0,1040,0,0,0,0,0,0,0,nan,nan,nan,32.47841749495274,nan,nan,nan
22903,1,5,5,0,0,0,0,1040,0,0,0,0,0,0,0,nan,nan,nan,nan,nan,nan,nan
22904,1,5,5,0,0,0,0,1041,0,0,0,0,0,0,1,nan,nan,nan,nan,nan,nan,11.864855882795382
22905,1,5,5,0,0,0,0,1041,0,0,0,0,0,0,1,nan,nan,nan,nan,nan,nan,nan
22906,1,5,5,0,0,0,0,1041,0,0,0,0,0,0,1,nan,nan,nan,nan,nan,nan,nan
22907,1,5,5,0,0,0,0,1041,0,0,0,0,0,0,1,nan,nan,nan,nan,nan,nan,nan
22908,1,5,5,0,0,0,0,1041,0,0,0,0,0,0,1,nan,nan,nan,nan,nan,nan,nan
22909,1,5,5,0,0,0,0,1041,0,0,0,0,0,0,1,nan,nan,nan,nan,nan,nan,nan
22910,1,5,5,0,0,0,0,1041,0,0,0,0,0,1,0,nan,nan,nan,nan,nan,22.687371433850785,nan
22911,1,5,5,0,0,0,0,1041,0,0,0,0,0,1,0,nan,nan,nan,nan,nan,nan,nan
22912,1,5,5,0,0,0,0,1041,0,2,0,0,0,1,0,nan,17.563307512733445,nan,nan,nan,nan,nan
22913,1,5,5,0,0,0,0,1041,0,2,0,0,0,1,0,nan,nan,nan,nan,nan,nan,nan
22914,1,5,5,0,0,0,0,1041,0,2,0,0,0,1,0,nan,nan,nan,nan,nan,nan,nan
22915,1,5,5,0,0,0,0,1041,0,2,0,0,0,1,0,nan,nan,nan,nan,nan,nan,nan
22916,1,5,5,0,0,0,0,1041,0,2,0,0,0,1,0,nan,nan,nan,nan,nan,nan,nan
22917,1,4,5,1,0,0,0,1041,0,0,0,0,0,1,0,nan,nan,16.74451149871311,nan,nan,nan,nan
22918,1,4,5,1,0,0,0,1041,0,0,0,0,0,1,0,nan,nan,nan,nan,nan,nan,nan
22919,1,5,5,1,0,0,0,1041,0,0,0,0,0,1,0,21.05070152461849,nan,nan,nan,nan,nan,nan
22920,1,5,5,1,0,0,0,1041,0,0,0,0,0,1,0,nan,nan,nan,nan,nan,nan,nan
22921,1,5,5,0,1,0,0,1041,0,0,0,0,0,1,0,nan,nan,nan,19.237049282946828,nan,nan,nan
22922,1,5,5,0,1,0,0,1041,0,0,0,0,0,1,0,nan,nan,nan,nan,nan,nan,nan
22923,1,5,5,0,0,0,0,1041,0,0,0,0,0,0,0,nan,nan,nan,nan,29.077333993558568,nan,nan
22924,1,5,5,0,0,0,0,1041,0,0,0,0,0,0,0,nan,nan,nan,nan,nan,nan,nan
22925,1,5,5,0,0,0,0,1041,0,0,0,0,0,0,0,nan,nan,nan,nan,nan,nan,nan
22926,1,5,5,0,0,0,0,1041,0,0,0,0,0,0,0,nan,nan,nan,nan,nan,nan,nan
22927,1,5,5,0,0,0,0,1041,0,0,0,0,0,0,0,nan,nan,nan,nan,nan,nan,nan
22928,1,5,5,0,0,0,0,1041,0,0,0,0,0,0,0,nan,nan,nan,nan,nan,nan,nan
22929,1,5,5,0,0,0,0,1041,0,0,0,0,0,0,0,nan,nan,nan,nan,nan,nan,nan
22930,1,5,5,0,0,0,0,1041,0,0,0,0,0,0,0,nan,nan,nan,nan,nan,nan,nan
22931,1,5,5,0,0,0,0,1041,0,0,0,0,0,0,0,nan,nan,nan,nan,nan,nan,nan
22932,1,5,5,0,0,0,0,1041,2,0,0,0,0,0,0,12.470923617369408,nan,nan,nan,nan,nan,nan
22933,1,5,5,0,0,0,0,1041,2,0,0,0,0,0,0,nan,nan,nan,nan,nan,nan,nan
22934,1,5,5,0,0,0,0,1042,2,0,0,0,0,0,1,nan,nan,nan,nan,nan,nan,29.84592271990914
22935,1,5,5,0,0,0,0,1042,2,0,0,0,0,0,1,nan,nan,nan,nan,nan,nan,nan
22936,1,5,5,0,0,0,0,1042,2,0,0,0,0,0,1,nan,nan,nan,nan,nan,nan,nan
22937,1,5,5,0,0,1,0,1042,2,0,0,0,1,0,1,nan,nan,nan,nan,13.800077072719432,nan,nan
22938,1,5,5,0,0,1,0,1042,2,0,0,0,1,0,1,nan,nan,nan,nan,nan,nan,nan
22939,1,5,5,0,0,1,0,1042,2,0,0,0,1,0,1,nan,nan,nan,nan,nan,nan,nan
22940,1,5,5,0,0,1,0,1042,2,0,0,0,1,0,1,nan,nan,nan,nan,nan,nan,nan
22941,1,5,5,0,0,1,0,1042,2,0,0,0,1,0,1,nan,nan,nan,nan,nan,nan,nan
22942,1,5,5,0,0,1,0,1042,2,0,0,0,1,0,1,nan,nan,nan,nan,nan,nan,nan
22943,1,5,4,1,0,1,0,1042,2,0,0,0,1,0,1,nan,nan,26.67027212216999,nan,nan,nan,nan
22944,1,5,4,1,0,1,0,1042,2,0,0,0,1,0,1,nan,nan,nan,nan,nan,nan,nan
22945,1,5,4,1,0,1,0,1042,2,0,0,0,1,0,1,nan,nan,nan,nan,nan,nan,nan
22946,1,5,4,1,0,1,0,1042,2,0,0,0,1,0,1,nan,nan,nan,nan,nan,nan,nan
22947,1,5,5,0,0,1,0,1042,0,0,0,0,0,0,1,nan,35.07224319877423,nan,25.648454340782337,nan,nan,nan
22948,1,5,5,0,0,0,0,1042,0,0,0,0,0,0,0,nan,nan,nan,nan,nan,38.576313349429256,nan
22949,1,5,5,0,0,0,0,1042,0,0,0,0,0,0,0,nan,nan,nan,nan,nan,nan,nan
22950,1,5,5,0,0,0,0,1042,0,0,0,0,0,0,0,nan,nan,nan,nan,nan,nan,nan
22951,1,5,5,0,0,0,0,1042,0,0,0,0,0,0,0,nan,nan,nan,nan,nan,nan,nan
22952,1,5,5,0,0,0,0,1042,0,0,0,0,0,0,0,nan,nan,nan,nan,nan,nan,nan
22953,1,5,5,0,0,0,0,1042,0,0,0,0,0,0,0,nan,nan,nan,nan,nan,nan,nan
22954,1,5,5,0,0,0,0,1042,0,0,0,0,0,0,0,nan,nan,nan,nan,nan,nan,nan
22955,1,5,5,0,0,0,0,1042,0,0,0,0,0,0,0,nan,nan,nan,nan,nan,nan,nan
22956,1,5,5,0,0,0,0,1042,0,0,0,0,0,0,0,nan,nan,nan,nan,nan,nan,nan
22957,1,5,5,0,0,0,0,1042,0,0,0,0,0,0,0,nan,nan,nan,nan,nan,nan,nan
22958,1,5,5,0,1,0,0,1042,0,0,0,1,0,0,0,nan,nan,nan,11.035224682804255,nan,nan,nan
22959,1,5,5,0,1,0,0,1042,0,0,0,1,0,0,0,nan,nan,nan,nan,nan,nan,nan
22960,1,5,5,0,1,0,0,1042,0,0,0,1,0,0,0,nan,nan,nan,nan,nan,nan,nan
22961,1,5,5,0,1,0,0,1042,0,0,0,1,0,0,0,nan,nan,nan,nan,nan,nan,nan
22962,1,5,5,0,1,0,0,1042,0,0,0,1,0,0,0,nan,nan,nan,nan,nan,nan,nan
22963,1,5,5,0,0,0,1,1042,0,0,0,1,0,0,0,nan,nan,nan,nan,26.545485056336474,14.66248957384596,nan
22964,1,5,5,0,0,0,1,1042,0,0,0,1,0,0,0,nan,nan,nan,nan,nan,nan,nan
22965,1,5,5,0,0,0,1,1042,0,0,0,1,0,0,0,nan,nan,nan,nan,nan,nan,nan
22966,1,5,5,0,0,0,1,1042,0,0,0,1,0,0,0,nan,nan,nan,nan,nan,nan,nan
22967,1,5,5,0,0,0,0,1043,2,0,0,1,0,0,0,35.26581668528888,nan,nan,nan,nan,nan,33.486462319975544
22968,1,5,5,0,0,0,0,1043,2,0,0,1,0,0,0,nan,nan,nan,nan,nan,nan,nan
22969,1,5,5,0,0,0,0,1043,2,0,0,1,0,0,0,nan,nan,nan,nan,nan,nan,nan
22970,1,5,5,0,0,0,0,1043,2,0,0,1,0,0,0,nan,nan,nan,nan,nan,nan,nan
22971,1,5,5,0,0,0,0,1043,2,0,0,1,0,0,0,nan,nan,nan,nan,nan,nan,nan
22972,1,5,5,0,0,0,0,1043,2,0,0,1,0,0,0,nan,nan,nan,nan,nan,nan,nan
22973,1,5,5,0,0,0,0,1043,2,0,0,1,0,0,0,nan,nan,nan,nan,nan,nan,nan
22974,1,5,5,0,0,0,0,1043,2,0,0,1,0,0,0,nan,nan,nan,nan,nan,nan,nan
22975,1,5,5,0,0,0,0,1043,2,0,0,1,0,0,0,nan,nan,nan,nan,nan,nan,nan
22976,1,5,5,0,0,0,0,1043,2,0,0,1,0,0,0,nan,nan,nan,nan,nan,nan,nan
22977,1,5,5,0,0,0,0,1043,2,0,0,1,0,0,0,nan,nan,nan,nan,nan,nan,nan
22978,1,5,4,0,0,0,0,1043,2,0,0,0,0,0,0,nan,nan,34.96397581820929,nan,nan,nan,nan
22979,1,5,5,0,0,0,0,1043,0,0,0,0,0,0,0,nan,32.09566565007481,nan,nan,nan,nan,nan
22980,1,5,5,0,0,0,0,1044,0,0,0,0,0,0,1,nan,nan,nan,nan,nan,nan,12.548516861916141
22981,1,5,5,0,0,0,0,1044,0,0,0,0,0,0,1,nan,nan,nan,nan,nan,nan,nan
22982,1,5,5,0,0,0,0,1044,0,0,0,0,0,0,1,nan,nan,nan,nan,nan,nan,nan
22983,1,5,5,0,0,0,0,1044,0,0,0,0,0,0,1,nan,nan,nan,nan,nan,nan,nan
22984,1,5,5,0,0,0,0,1044,0,0,0,0,0,0,1,nan,nan,nan,nan,nan,nan,nan
22985,1,5,5,0,0,0,0,1044,0,0,0,0,0,0,1,nan,nan,nan,nan,nan,nan,nan
22986,1,5,5,0,0,0,0,1044,0,0,0,0,0,0,1,nan,nan,nan,nan,nan,nan,nan
22987,1,5,5,0,0,0,0,1044,0,0,0,0,0,1,0,nan,nan,nan,nan,nan,24.099128075475164,nan
22988,1,5,5,0,0,0,0,1044,0,0,0,0,0,1,0,nan,nan,nan,nan,nan,nan,nan
22989,1,5,5,0,0,0,0,1044,0,0,0,0,0,1,0,nan,nan,nan,nan,nan,nan,nan
22990,1,5,5,0,0,0,0,1044,0,0,0,0,0,1,0,nan,nan,nan,nan,nan,nan,nan
22991,1,5,5,0,0,0,0,1044,0,0,0,0,0,1,0,nan,nan,nan,nan,nan,nan,nan
22992,1,5,5,0,0,0,0,1044,0,0,0,0,0,1,0,nan,nan,nan,nan,nan,nan,nan
22993,1,5,5,0,0,0,0,1044,0,0,0,0,0,1,0,nan,nan,nan,nan,nan,nan,nan
22994,1,5,4,1,0,0,0,1044,0,0,0,0,1,0,0,nan,nan,15.894714746791578,nan,30.420246348719957,nan,nan
22995,1,4,5,1,0,0,0,1044,0,0,0,0,1,0,0,nan,15.845135060018947,nan,nan,nan,nan,nan
22996,1,4,5,1,0,0,0,1044,0,0,0,0,1,0,0,nan,nan,nan,nan,nan,nan,nan
22997,1,5,5,1,0,0,0,1044,0,0,0,0,1,0,0,30.27360257985856,nan,nan,nan,nan,nan,nan
22998,1,5,5,1,0,0,0,1044,0,0,0,0,1,0,0,nan,nan,nan,nan,nan,nan,nan
22999,1,5,5,1,0,0,0,1044,0,0,0,0,1,0,0,nan,nan,nan,nan,nan,nan,nan
23000,1,5,5,1,0,0,0,1045,0,0,0,0,1,0,1,nan,nan,nan,nan,nan,nan,19.959917876676627
23001,1,5,5,1,0,0,0,1045,0,0,0,0,1,0,1,nan,nan,nan,nan,nan,nan,nan
23002,1,5,5,1,0,0,0,1045,0,0,0,0,1,0,1,nan,nan,nan,nan,nan,nan,nan
23003,1,5,5,1,0,0,0,1045,0,0,0,0,1,0,1,nan,nan,nan,nan,nan,nan,nan
23004,1,5,5,1,0,0,0,1045,0,0,0,0,1,0,1,nan,nan,nan,nan,nan,nan,nan
23005,1,5,5,0,0,0,0,1045,0,0,0,0,0,0,1,nan,nan,nan,46.67674358824661,nan,nan,nan
23006,1,5,5,0,0,0,0,1045,0,0,0,0,0,0,1,nan,nan,nan,nan,nan,nan,nan
23007,1,5,5,0,0,0,0,1045,0,0,0,0,0,0,1,nan,nan,nan,nan,nan,nan,nan
23008,1,5,5,0,0,0,0,1045,0,0,0,0,0,0,1,nan,nan,nan,nan,nan,nan,nan
23009,1,5,5,0,0,0,0,1045,0,0,0,0,0,0,1,nan,nan,nan,nan,nan,nan,nan
23010,1,5,5,0,0,0,0,1045,0,0,0,0,0,1,0,nan,nan,nan,nan,nan,22.770553035032208,nan
23011,1,5,5,0,0,0,0,1045,0,0,0,0,0,1,0,nan,nan,nan,nan,nan,nan,nan
23012,1,5,5,0,0,0,0,1045,0,2,0,0,0,1,0,nan,17.198730144362344,nan,nan,nan,nan,nan
23013,1,4,5,1,0,0,0,1045,0,0,0,0,0,1,0,nan,nan,19.147554096911335,nan,nan,nan,nan
23014,1,4,5,1,0,0,0,1045,0,0,0,0,0,1,0,nan,nan,nan,nan,nan,nan,nan
23015,1,4,5,1,0,0,0,1045,0,0,0,0,0,1,0,nan,nan,nan,nan,nan,nan,nan
23016,1,4,5,1,0,0,0,1045,0,0,0,0,0,1,0,nan,nan,nan,nan,nan,nan,nan
23017,1,4,5,0,1,0,0,1045,0,0,0,0,0,1,0,nan,nan,nan,12.800094361460651,nan,nan,nan
23018,1,4,5,0,1,0,0,1045,0,0,0,0,0,1,0,nan,nan,nan,nan,nan,nan,nan
23019,1,4,5,0,1,0,0,1045,0,0,0,0,0,1,0,nan,nan,nan,nan,nan,nan,nan
23020,1,4,5,0,1,0,0,1045,0,0,0,0,0,1,0,nan,nan,nan,nan,nan,nan,nan
23021,1,4,5,0,1,0,0,1045,0,0,0,0,0,1,0,nan,nan,nan,nan,nan,nan,nan
23022,1,4,5,0,1,0,0,1045,0,0,0,0,0,1,0,nan,nan,nan,nan,nan,nan,nan
23023,1,4,5,0,1,0,0,1045,0,0,0,0,0,1,0,nan,nan,nan,nan,nan,nan,nan
23024,1,4,5,0,1,0,0,1045,0,0,0,0,0,1,0,nan,nan,nan,nan,nan,nan,nan
23025,1,4,5,0,1,0,0,1045,0,0,0,0,0,1,0,nan,nan,nan,nan,nan,nan,nan
23026,1,4,5,0,1,0,0,1045,0,0,0,0,0,1,0,nan,nan,nan,nan,nan,nan,nan
23027,1,4,5,0,1,0,0,1045,0,0,0,0,0,1,0,nan,nan,nan,nan,nan,nan,nan
23028,1,5,5,0,1,0,0,1045,0,0,0,0,0,1,0,30.571955009163503,nan,nan,nan,nan,nan,nan
23029,1,5,5,0,1,0,0,1046,0,0,0,0,0,1,1,nan,nan,nan,nan,nan,nan,29.485491175892093
23030,1,5,5,0,1,0,0,1046,0,0,0,0,0,1,1,nan,nan,nan,nan,nan,nan,nan
23031,1,5,5,0,1,0,0,1046,0,0,0,0,0,1,1,nan,nan,nan,nan,nan,nan,nan
23032,1,5,5,0,1,0,0,1046,0,0,0,0,0,1,1,nan,nan,nan,nan,nan,nan,nan
23033,1,5,5,0,1,0,0,1046,0,0,0,0,0,1,1,nan,nan,nan,nan,nan,nan,nan
23034,1,5,5,0,1,0,0,1046,0,2,0,0,0,1,1,nan,22.299685864061757,nan,nan,nan,nan,nan
23035,1,5,5,0,0,0,0,1046,0,2,0,0,0,0,1,nan,nan,nan,nan,40.893340821843594,nan,nan
23036,1,5,5,0,0,0,0,1046,0,2,0,0,0,0,1,nan,nan,nan,nan,nan,nan,nan
23037,1,5,5,0,0,0,0,1046,0,2,0,0,0,0,1,nan,nan,nan,nan,nan,nan,nan
23038,1,5,5,0,0,0,0,1046,0,2,0,0,0,0,1,nan,nan,nan,nan,nan,nan,nan
23039,1,5,5,0,0,0,0,1046,0,2,0,0,0,0,1,nan,nan,nan,nan,nan,nan,nan
23040,1,5,5,0,0,0,0,1046,0,2,0,0,0,0,1,nan,nan,nan,nan,nan,nan,nan
23041,1,5,5,0,0,0,0,1046,0,2,0,0,0,0,1,nan,nan,nan,nan,nan,nan,nan
23042,1,5,5,0,0,0,0,1046,0,2,0,0,0,0,1,nan,nan,nan,nan,nan,nan,nan
23043,1,5,5,0,0,0,0,1046,0,2,0,0,0,0,1,nan,nan,nan,nan,nan,nan,nan
23044,1,5,5,0,0,0,0,1046,0,2,0,0,0,0,1,nan,nan,nan,nan,nan,nan,nan
23045,1,5,5,0,0,0,0,1046,0,2,0,0,0,0,1,nan,nan,nan,nan,nan,nan,nan
23046,1,5,5,0,0,0,0,1046,0,2,0,0,0,1,0,nan,nan,nan,nan,nan,36.22570319740771,nan
23047,1,5,5,0,0,0,0,1046,0,2,0,0,0,1,0,nan,nan,nan,nan,nan,nan,nan
23048,1,5,5,0,0,0,0,1046,0,2,0,0,0,1,0,nan,nan,nan,nan,nan,nan,nan
23049,1,5,5,0,0,0,0,1046,0,2,0,0,1,0,0,nan,nan,nan,nan,14.692171837501519,nan,nan
23050,1,5,5,0,0,0,0,1046,0,2,0,0,1,0,0,nan,nan,nan,nan,nan,nan,nan
23051,1,5,5,0,0,0,0,1046,0,2,0,0,1,0,0,nan,nan,nan,nan,nan,nan,nan
23052,1,5,5,0,0,0,0,1046,0,2,0,0,1,0,0,nan,nan,nan,nan,nan,nan,nan
23053,1,5,5,0,0,0,0,1046,0,2,0,1,0,0,0,nan,nan,nan,35.26405639241784,nan,nan,nan
23054,1,4,5,0,0,0,0,1046,0,0,0,0,0,0,0,nan,nan,40.83904010134938,nan,nan,nan,nan
23055,1,4,5,0,0,0,0,1046,0,0,0,0,0,0,0,nan,nan,nan,nan,nan,nan,nan
23056,1,4,5,0,0,0,0,1046,0,0,0,0,0,0,0,nan,nan,nan,nan,nan,nan,nan
23057,1,4,5,0,0,0,0,1046,0,0,0,0,0,0,0,nan,nan,nan,nan,nan,nan,nan
23058,1,4,5,0,0,0,0,1046,0,0,0,0,0,0,0,nan,nan,nan,nan,nan,nan,nan
23059,1,4,5,0,0,0,0,1046,0,0,0,0,0,0,0,nan,nan,nan,nan,nan,nan,nan
23060,1,4,5,0,0,0,0,1046,0,0,0,0,0,0,0,nan,nan,nan,nan,nan,nan,nan
23061,1,4,5,0,0,0,0,1046,0,0,0,0,0,0,0,nan,nan,nan,nan,nan,nan,nan
23062,1,4,5,0,0,0,0,1046,0,0,0,0,0,0,0,nan,nan,nan,nan,nan,nan,nan
23063,1,4,5,0,0,0,0,1047,0,0,0,0,0,1,0,nan,nan,nan,nan,nan,17.2378408212644,34.28895886491955
23064,1,4,5,0,0,0,0,1047,0,0,0,0,0,1,0,nan,nan,nan,nan,nan,nan,nan
23065,1,4,5,0,0,0,0,1047,0,0,0,0,0,1,0,nan,nan,nan,nan,nan,nan,nan
23066,1,4,5,0,0,0,0,1047,0,0,0,0,0,1,0,nan,nan,nan,nan,nan,nan,nan
23067,1,4,5,0,1,0,0,1047,0,0,0,1,0,1,0,nan,nan,nan,14.669628465060669,nan,nan,nan
23068,1,5,5,0,1,0,0,1047,0,2,0,1,0,1,0,40.24041946433135,33.075448302461155,nan,nan,nan,nan,nan
23069,1,5,5,0,1,0,0,1047,0,2,0,1,0,1,0,nan,nan,nan,nan,nan,nan,nan
23070,1,5,5,0,1,0,0,1047,0,2,0,1,0,1,0,nan,nan,nan,nan,nan,nan,nan
23071,1,5,5,0,1,0,0,1047,0,2,0,1,0,1,0,nan,nan,nan,nan,nan,nan,nan
23072,1,4,5,0,0,0,0,1047,0,0,0,0,0,0,0,nan,nan,18.302262116550992,nan,22.15020203917811,nan,nan
23073,1,4,5,0,0,0,0,1047,0,0,0,0,0,0,0,nan,nan,nan,nan,nan,nan,nan
23074,1,4,5,0,0,0,0,1047,0,0,0,0,0,0,0,nan,nan,nan,nan,nan,nan,nan
23075,1,4,5,0,0,0,0,1047,0,0,0,0,0,0,0,nan,nan,nan,nan,nan,nan,nan
23076,1,4,5,0,0,0,0,1047,0,0,0,0,0,0,0,nan,nan,nan,nan,nan,nan,nan
23077,1,4,5,0,0,0,0,1048,0,0,0,0,0,0,1,nan,nan,nan,nan,nan,nan,14.101699504564749
23078,1,4,5,0,0,0,0,1048,0,0,0,0,0,0,1,nan,nan,nan,nan,nan,nan,nan
23079,1,4,5,0,0,0,0,1048,0,0,0,0,0,0,1,nan,nan,nan,nan,nan,nan,nan
23080,1,5,5,0,0,0,0,1048,0,0,0,0,0,0,1,12.101103027427598,nan,nan,nan,nan,nan,nan
23081,1,5,5,0,0,0,0,1048,0,0,0,0,0,0,1,nan,nan,nan,nan,nan,nan,nan
23082,1,5,5,0,0,0,0,1048,0,0,0,0,0,0,1,nan,nan,nan,nan,nan,nan,nan
23083,1,5,5,0,0,0,0,1048,0,0,0,0,0,0,1,nan,nan,nan,nan,nan,nan,nan
23084,1,5,5,0,0,0,0,1048,0,0,0,0,0,0,1,nan,nan,nan,nan,nan,nan,nan
23085,1,5,5,0,0,0,0,1048,0,0,0,0,0,0,1,nan,nan,nan,nan,nan,nan,nan
23086,1,5,5,0,0,0,0,1048,0,0,0,0,0,1,0,nan,nan,nan,nan,nan,23.220537947498087,nan
23087,1,5,5,0,0,0,0,1048,0,0,0,0,0,1,0,nan,nan,nan,nan,nan,nan,nan
23088,1,5,5,0,0,0,0,1048,0,0,0,0,0,1,0,nan,nan,nan,nan,nan,nan,nan
23089,1,5,5,0,1,0,0,1048,0,2,0,1,0,1,0,nan,21.655769521144975,nan,21.45449905011992,nan,nan,nan
23090,1,5,5,0,1,0,0,1048,0,2,0,1,0,1,0,nan,nan,nan,nan,nan,nan,nan
23091,1,5,5,0,1,0,0,1048,0,2,0,1,0,1,0,nan,nan,nan,nan,nan,nan,nan
23092,1,5,5,0,0,0,0,1048,0,2,0,1,0,0,0,nan,nan,nan,nan,20.602863496522332,nan,nan
23093,1,5,5,0,0,0,0,1048,0,2,0,1,0,0,0,nan,nan,nan,nan,nan,nan,nan
23094,1,5,5,0,0,0,0,1048,0,2,0,1,0,0,0,nan,nan,nan,nan,nan,nan,nan
23095,1,5,5,0,0,0,0,1048,2,2,0,1,0,0,0,15.24059981188475,nan,nan,nan,nan,nan,nan
23096,1,5,5,0,0,0,0,1048,2,2,0,1,0,0,0,nan,nan,nan,nan,nan,nan,nan
23097,1,5,5,0,0,0,0,1048,0,0,0,0,0,0,0,nan,nan,24.662354476342443,nan,nan,nan,nan
23098,1,5,5,0,0,0,0,1048,0,0,0,0,0,0,0,nan,nan,nan,nan,nan,nan,nan
23099,1,5,5,0,0,0,0,1048,0,0,0,0,0,0,0,nan,nan,nan,nan,nan,nan,nan
23100,1,5,5,0,0,0,0,1048,0,0,0,0,0,0,0,nan,nan,nan,nan,nan,nan,nan
23101,1,5,5,0,0,0,0,1048,0,0,0,0,0,0,0,nan,nan,nan,nan,nan,nan,nan
23102,1,5,5,0,0,0,0,1048,0,0,0,0,0,0,0,nan,nan,nan,nan,nan,nan,nan
23103,1,5,5,0,0,0,0,1048,0,0,0,0,0,0,0,nan,nan,nan,nan,nan,nan,nan
23104,1,5,5,0,0,0,0,1048,0,0,0,0,0,0,0,nan,nan,nan,nan,nan,nan,nan
23105,1,5,5,0,0,0,1,1048,0,0,0,0,0,1,0,nan,nan,nan,nan,nan,18.695278015537042,nan
23106,1,5,5,0,0,0,1,1048,0,0,0,0,0,1,0,nan,nan,nan,nan,nan,nan,nan
23107,1,5,5,0,0,0,1,1048,0,0,0,0,0,1,0,nan,nan,nan,nan,nan,nan,nan
23108,1,5,5,0,0,0,0,1049,0,0,0,0,0,1,0,nan,nan,nan,nan,nan,nan,30.400219923794793
23109,1,5,5,0,0,0,0,1049,0,0,0,0,0,1,0,nan,nan,nan,nan,nan,nan,nan
23110,1,5,5,0,0,0,0,1049,2,0,0,0,0,1,0,14.77557697532393,nan,nan,nan,nan,nan,nan
23111,1,5,4,0,1,0,0,1049,2,0,0,0,0,1,0,nan,nan,14.3895670995189,21.939581619044475,nan,nan,nan
23112,1,5,4,0,0,0,0,1049,2,0,0,0,0,0,0,nan,nan,nan,nan,19.69310594009221,nan,nan
23113,1,5,4,0,0,0,0,1049,2,0,0,0,0,0,0,nan,nan,nan,nan,nan,nan,nan
23114,1,5,4,0,0,0,0,1049,2,0,0,0,0,0,0,nan,nan,nan,nan,nan,nan,nan
23115,1,5,4,0,0,0,0,1049,2,0,0,0,0,0,0,nan,nan,nan,nan,nan,nan,nan
23116,1,5,4,0,0,0,0,1049,2,0,0,0,0,0,0,nan,nan,nan,nan,nan,nan,nan
23117,1,5,5,0,0,0,0,1049,0,0,0,0,0,0,0,nan,27.298350858782214,nan,nan,nan,nan,nan
23118,1,5,5,0,0,0,0,1049,0,0,0,0,0,0,0,nan,nan,nan,nan,nan,nan,nan
23119,1,5,5,0,0,0,0,1050,0,0,0,0,0,0,1,nan,nan,nan,nan,nan,nan,11.299877975990967
23120,1,5,5,0,0,0,0,1050,0,0,0,0,0,0,1,nan,nan,nan,nan,nan,nan,nan
23121,1,5,5,0,0,0,0,1050,0,0,0,0,0,0,1,nan,nan,nan,nan,nan,nan,nan
23122,1,5,5,0,0,0,0,1050,0,0,0,0,0,0,1,nan,nan,nan,nan,nan,nan,nan
23123,1,5,5,0,0,0,0,1050,0,0,0,0,0,0,1,nan,nan,nan,nan,nan,nan,nan
23124,1,5,5,0,0,0,0,1050,0,0,0,0,0,0,1,nan,nan,nan,nan,nan,nan,nan
23125,1,5,5,0,0,0,0,1050,0,0,0,0,0,0,1,nan,nan,nan,nan,nan,nan,nan
23126,1,5,5,0,0,0,0,1050,0,0,0,0,0,0,1,nan,nan,nan,nan,nan,nan,nan
23127,1,5,5,0,0,0,0,1050,0,0,0,0,0,0,1,nan,nan,nan,nan,nan,nan,nan
23128,1,5,5,0,0,0,0,1050,0,0,0,0,0,0,1,nan,nan,nan,nan,nan,nan,nan
23129,1,5,5,0,0,0,0,1050,0,0,0,0,0,0,1,nan,nan,nan,nan,nan,nan,nan
23130,1,5,5,0,0,0,0,1050,0,0,0,0,0,0,1,nan,nan,nan,nan,nan,nan,nan
23131,1,5,4,1,0,0,0,1050,0,0,0,0,0,1,0,nan,nan,19.89402581698232,nan,nan,25.457521706855914,nan
23132,1,5,4,1,0,0,0,1050,0,0,0,0,0,1,0,nan,nan,nan,nan,nan,nan,nan
23133,1,5,4,1,0,0,0,1050,0,0,0,0,0,1,0,nan,nan,nan,nan,nan,nan,nan
23134,1,5,4,1,0,0,0,1050,0,0,0,0,0,1,0,nan,nan,nan,nan,nan,nan,nan
23135,1,5,4,0,0,0,0,1050,2,0,0,0,0,0,0,25.26079800136722,nan,nan,24.25614413204312,23.339006168582273,nan,nan
23136,1,5,4,0,0,0,0,1050,2,0,0,0,0,0,0,nan,nan,nan,nan,nan,nan,nan
23137,1,5,4,0,0,0,0,1050,2,0,0,0,0,0,0,nan,nan,nan,nan,nan,nan,nan
23138,1,5,4,0,0,0,0,1050,2,0,0,0,0,0,0,nan,nan,nan,nan,nan,nan,nan
23139,1,5,4,0,0,0,0,1050,2,0,0,0,0,0,0,nan,nan,nan,nan,nan,nan,nan
23140,1,5,4,0,0,0,0,1050,2,0,0,0,0,0,0,nan,nan,nan,nan,nan,nan,nan
23141,1,5,4,0,0,0,0,1050,2,0,0,0,0,0,0,nan,nan,nan,nan,nan,nan,nan
23142,1,5,4,0,0,0,0,1050,2,0,0,0,0,0,0,nan,nan,nan,nan,nan,nan,nan
23143,1,5,4,0,0,0,0,1051,2,0,0,0,0,0,1,nan,nan,nan,nan,nan,nan,23.829951176670875
23144,1,5,5,0,0,0,0,1051,0,0,0,0,0,0,1,nan,27.195308441394445,nan,nan,nan,nan,nan
23145,1,5,5,0,0,0,0,1051,0,0,0,0,0,0,1,nan,nan,nan,nan,nan,nan,nan
23146,1,5,4,1,0,1,0,1051,0,0,0,0,1,0,1,nan,nan,14.351297062145022,nan,11.102409208979225,nan,nan
23147,1,5,4,1,0,1,0,1051,0,0,0,0,1,0,1,nan,nan,nan,nan,nan,nan,nan
23148,1,5,4,1,0,0,0,1051,0,0,0,0,1,0,0,nan,nan,nan,nan,nan,17.294681733677862,nan
23149,1,5,4,1,0,0,0,1051,0,0,0,0,1,0,0,nan,nan,nan,nan,nan,nan,nan
23150,1,5,4,1,0,0,0,1051,0,0,0,0,1,0,0,nan,nan,nan,nan,nan,nan,nan
23151,1,5,4,1,0,0,0,1051,0,0,0,0,1,0,0,nan,nan,nan,nan,nan,nan,nan
23152,1,5,4,1,0,0,0,1051,0,0,0,0,1,0,0,nan,nan,nan,nan,nan,nan,nan
23153,1,5,4,1,0,0,0,1051,0,0,0,0,1,0,0,nan,nan,nan,nan,nan,nan,nan
23154,1,5,4,1,0,0,0,1051,0,0,0,0,1,0,0,nan,nan,nan,nan,nan,nan,nan
23155,1,5,4,0,0,0,0,1051,0,0,0,0,0,0,0,nan,nan,nan,19.704025908362382,nan,nan,nan
23156,1,5,4,0,0,0,0,1051,0,0,0,0,0,0,0,nan,nan,nan,nan,nan,nan,nan
23157,1,5,4,0,0,0,0,1052,0,0,0,0,0,1,0,nan,nan,nan,nan,nan,8.836022967367171,13.993976891604689
23158,1,5,5,0,0,0,0,1052,0,0,0,0,0,1,0,22.21607759750259,14.089589833161881,nan,nan,nan,nan,nan
23159,1,5,5,0,0,0,0,1052,0,0,0,0,0,1,0,nan,nan,nan,nan,nan,nan,nan
23160,1,5,5,0,0,0,0,1052,0,0,0,0,0,1,0,nan,nan,nan,nan,nan,nan,nan
23161,1,5,5,0,0,0,0,1052,0,0,0,0,0,1,0,nan,nan,nan,nan,nan,nan,nan
23162,1,5,5,0,0,0,0,1052,0,0,0,0,0,1,0,nan,nan,nan,nan,nan,nan,nan
23163,1,5,5,0,0,0,0,1052,0,0,0,0,0,1,0,nan,nan,nan,nan,nan,nan,nan
23164,1,5,5,0,0,0,0,1052,0,0,0,0,0,1,0,nan,nan,nan,nan,nan,nan,nan
23165,1,5,5,0,0,0,0,1052,0,0,0,0,0,1,0,nan,nan,nan,nan,nan,nan,nan
23166,1,5,5,0,0,0,0,1052,0,0,0,0,0,1,0,nan,nan,nan,nan,nan,nan,nan
23167,1,5,5,0,0,0,0,1052,0,0,0,0,0,1,0,nan,nan,nan,nan,nan,nan,nan
23168,1,5,5,0,0,0,0,1052,0,0,0,0,1,0,0,nan,nan,nan,nan,21.731183808751666,nan,nan
23169,1,5,5,0,0,0,0,1052,0,0,0,0,1,0,0,nan,nan,nan,nan,nan,nan,nan
23170,1,5,5,0,0,0,0,1052,0,0,0,0,1,0,0,nan,nan,nan,nan,nan,nan,nan
23171,1,5,5,0,0,0,0,1052,0,0,0,0,1,0,0,nan,nan,nan,nan,nan,nan,nan
23172,1,5,5,0,0,0,0,1052,0,0,0,0,1,0,0,nan,nan,nan,nan,nan,nan,nan
23173,1,5,5,0,0,0,0,1052,2,2,0,0,1,0,0,14.907053567010735,15.434219169754215,nan,nan,nan,nan,nan
23174,1,5,5,0,0,0,0,1053,2,2,0,0,1,0,1,nan,nan,nan,nan,nan,nan,16.650633090779593
23175,1,5,5,0,0,0,0,1053,2,2,0,0,1,0,1,nan,nan,nan,nan,nan,nan,nan
23176,1,5,5,0,0,0,0,1053,2,2,0,0,1,0,1,nan,nan,nan,nan,nan,nan,nan
23177,1,5,5,0,0,0,0,1053,2,2,0,0,1,0,1,nan,nan,nan,nan,nan,nan,nan
23178,1,5,5,0,0,0,0,1053,2,2,0,1,0,0,1,nan,nan,nan,22.937488927927916,nan,nan,nan
23179,1,5,5,0,0,0,0,1053,2,2,0,1,0,0,1,nan,nan,nan,nan,nan,nan,nan
23180,1,5,5,0,0,0,0,1053,2,2,0,1,0,0,1,nan,nan,nan,nan,nan,nan,nan
23181,1,5,5,0,0,0,0,1053,2,2,0,1,0,0,1,nan,nan,nan,nan,nan,nan,nan
23182,1,5,5,0,0,0,0,1053,2,2,0,1,0,0,1,nan,nan,nan,nan,nan,nan,nan
23183,1,5,5,0,0,0,0,1053,2,2,0,1,0,1,0,nan,nan,nan,nan,nan,25.882379628652416,nan
23184,1,5,5,0,0,0,0,1053,2,2,0,1,0,1,0,nan,nan,nan,nan,nan,nan,nan
23185,1,5,5,0,0,0,0,1053,2,2,0,1,0,1,0,nan,nan,nan,nan,nan,nan,nan
23186,1,5,5,0,0,0,0,1053,0,0,0,0,0,1,0,nan,nan,40.741425707419694,nan,nan,nan,nan
23187,1,5,5,0,0,0,0,1053,0,0,0,0,0,1,0,nan,nan,nan,nan,nan,nan,nan
23188,1,5,5,0,0,0,0,1053,0,0,0,0,1,0,0,nan,nan,nan,nan,19.523408431414282,nan,nan
23189,1,5,5,0,0,0,0,1053,0,0,0,0,1,0,0,nan,nan,nan,nan,nan,nan,nan
23190,1,5,5,0,0,0,0,1053,0,0,0,0,1,0,0,nan,nan,nan,nan,nan,nan,nan
23191,1,5,5,0,0,0,0,1053,0,0,0,0,1,0,0,nan,nan,nan,nan,nan,nan,nan
23192,1,5,5,0,0,0,0,1053,0,0,0,0,1,0,0,nan,nan,nan,nan,nan,nan,nan
23193,1,5,5,0,0,0,0,1053,0,0,0,0,1,0,0,nan,nan,nan,nan,nan,nan,nan
23194,1,5,5,0,0,0,0,1053,0,0,0,0,1,0,0,nan,nan,nan,nan,nan,nan,nan
23195,1,5,5,0,0,0,0,1053,0,0,0,1,0,0,0,nan,nan,nan,17.690428984464234,nan,nan,nan
23196,1,5,5,0,0,0,0,1053,0,0,0,1,0,0,0,nan,nan,nan,nan,nan,nan,nan
23197,1,5,5,0,0,0,0,1053,0,0,0,1,0,0,0,nan,nan,nan,nan,nan,nan,nan
23198,1,5,5,0,0,0,0,1053,0,0,0,1,0,0,0,nan,nan,nan,nan,nan,nan,nan
23199,1,5,5,0,0,0,0,1053,0,0,0,1,0,0,0,nan,nan,nan,nan,nan,nan,nan
23200,1,5,5,0,0,0,0,1053,0,0,0,1,0,0,0,nan,nan,nan,nan,nan,nan,nan
23201,1,5,5,0,0,0,0,1053,0,2,0,1,0,0,0,nan,27.911968115637137,nan,nan,nan,nan,nan
23202,1,5,5,0,0,0,0,1053,0,2,0,1,0,0,0,nan,nan,nan,nan,nan,nan,nan
23203,1,5,5,0,0,0,0,1053,0,2,0,1,0,0,0,nan,nan,nan,nan,nan,nan,nan
23204,1,5,5,0,0,0,0,1054,2,2,0,1,0,1,0,31.28105040232549,nan,nan,nan,nan,21.473243763830396,30.390745399094158
23205,1,5,5,0,0,0,0,1054,2,2,0,1,0,1,0,nan,nan,nan,nan,nan,nan,nan
23206,1,5,5,0,0,0,0,1054,2,2,0,1,0,1,0,nan,nan,nan,nan,nan,nan,nan
23207,1,5,5,0,0,0,0,1054,2,2,0,1,0,1,0,nan,nan,nan,nan,nan,nan,nan
23208,1,5,5,0,0,0,0,1054,2,2,0,1,0,1,0,nan,nan,nan,nan,nan,nan,nan
23209,1,5,5,0,0,0,0,1054,2,2,0,1,0,1,0,nan,nan,nan,nan,nan,nan,nan
23210,1,5,5,0,0,0,0,1054,2,2,0,1,0,1,0,nan,nan,nan,nan,nan,nan,nan
23211,1,5,5,0,0,0,0,1054,0,0,0,0,0,1,0,nan,nan,24.890472380830033,nan,nan,nan,nan
23212,1,5,5,0,0,0,0,1054,0,0,0,0,0,1,0,nan,nan,nan,nan,nan,nan,nan
23213,1,5,5,0,0,0,0,1054,0,0,0,0,0,1,0,nan,nan,nan,nan,nan,nan,nan
23214,1,5,5,0,0,0,0,1054,0,0,0,0,0,1,0,nan,nan,nan,nan,nan,nan,nan
23215,1,5,5,0,0,0,0,1054,0,0,0,0,0,1,0,nan,nan,nan,nan,nan,nan,nan
23216,1,5,5,0,0,0,0,1054,0,0,0,0,0,1,0,nan,nan,nan,nan,nan,nan,nan
23217,1,5,5,0,0,0,0,1054,0,0,0,0,0,1,0,nan,nan,nan,nan,nan,nan,nan
23218,1,5,5,0,0,0,0,1054,0,0,0,0,0,1,0,nan,nan,nan,nan,nan,nan,nan
23219,1,5,5,0,0,0,0,1054,0,0,0,0,0,1,0,nan,nan,nan,nan,nan,nan,nan
23220,1,5,5,0,0,0,0,1054,0,0,0,0,0,1,0,nan,nan,nan,nan,nan,nan,nan
23221,1,5,5,0,0,0,0,1054,0,0,0,0,0,1,0,nan,nan,nan,nan,nan,nan,nan
23222,1,5,5,0,0,0,0,1054,0,0,0,0,0,1,0,nan,nan,nan,nan,nan,nan,nan
23223,1,5,5,0,0,0,0,1054,0,0,0,0,0,1,0,nan,nan,nan,nan,nan,nan,nan
23224,1,5,5,0,0,0,0,1054,0,2,0,0,0,1,0,nan,23.29535265278173,nan,nan,nan,nan,nan
23225,1,5,5,0,1,0,0,1054,0,2,0,1,0,1,0,nan,nan,nan,29.71516310871084,nan,nan,nan
23226,1,5,5,0,1,0,0,1054,0,2,0,1,0,1,0,nan,nan,nan,nan,nan,nan,nan
23227,1,5,5,0,0,0,0,1054,0,2,0,1,0,0,0,nan,nan,nan,nan,39.61180685639192,nan,nan
23228,1,5,5,0,0,0,0,1054,0,2,0,1,0,0,0,nan,nan,nan,nan,nan,nan,nan
23229,1,5,5,0,0,0,0,1054,2,2,0,1,0,0,0,25.26635556844849,nan,nan,nan,nan,nan,nan
23230,1,5,5,0,0,0,0,1054,2,2,0,1,0,0,0,nan,nan,nan,nan,nan,nan,nan
23231,1,5,5,0,0,0,0,1054,2,2,0,1,0,0,0,nan,nan,nan,nan,nan,nan,nan
23232,1,5,5,0,0,0,0,1055,2,2,0,1,0,0,1,nan,nan,nan,nan,nan,nan,28.36402562334115
23233,1,5,5,0,0,0,0,1055,2,2,0,1,0,0,1,nan,nan,nan,nan,nan,nan,nan
23234,1,5,5,0,0,0,0,1055,2,2,0,1,0,0,1,nan,nan,nan,nan,nan,nan,nan
23235,1,5,5,0,0,0,0,1055,2,2,0,1,0,0,1,nan,nan,nan,nan,nan,nan,nan
23236,1,5,5,0,0,0,0,1055,2,2,0,1,0,0,1,nan,nan,nan,nan,nan,nan,nan
23237,1,5,5,0,0,0,0,1055,2,2,0,1,0,0,1,nan,nan,nan,nan,nan,nan,nan
23238,1,5,5,0,0,0,0,1055,2,2,0,1,0,0,1,nan,nan,nan,nan,nan,nan,nan
23239,1,5,5,0,0,0,0,1055,2,2,0,1,0,0,1,nan,nan,nan,nan,nan,nan,nan
23240,1,5,5,0,0,0,0,1055,2,2,0,1,0,0,1,nan,nan,nan,nan,nan,nan,nan
23241,1,5,5,0,0,0,0,1055,2,2,0,1,0,0,1,nan,nan,nan,nan,nan,nan,nan
23242,1,5,5,0,0,0,0,1055,2,2,0,1,0,0,1,nan,nan,nan,nan,nan,nan,nan
23243,1,5,5,0,0,0,0,1055,2,2,0,1,0,0,1,nan,nan,nan,nan,nan,nan,nan
23244,1,5,5,0,0,0,0,1055,2,2,0,1,0,0,1,nan,nan,nan,nan,nan,nan,nan
23245,1,5,5,0,0,0,0,1055,2,2,0,1,0,0,1,nan,nan,nan,nan,nan,nan,nan
23246,1,5,5,0,0,0,0,1055,2,2,0,1,0,0,1,nan,nan,nan,nan,nan,nan,nan
23247,1,5,5,0,0,0,0,1055,2,2,0,1,0,1,0,nan,nan,nan,nan,nan,42.6627275144092,nan
23248,1,5,5,0,0,0,0,1055,2,2,0,1,1,0,0,nan,nan,nan,nan,21.02874699770109,nan,nan
23249,1,5,5,0,0,0,0,1055,2,2,0,1,1,0,0,nan,nan,nan,nan,nan,nan,nan
23250,1,5,5,0,0,0,0,1055,2,2,0,1,1,0,0,nan,nan,nan,nan,nan,nan,nan
23251,1,5,5,0,0,0,0,1055,2,2,0,1,1,0,0,nan,nan,nan,nan,nan,nan,nan
23252,1,5,5,0,0,0,0,1055,0,0,0,0,1,0,0,nan,nan,40.865846560722275,nan,nan,nan,nan
23253,1,5,5,0,0,0,0,1055,0,0,0,0,1,0,0,nan,nan,nan,nan,nan,nan,nan
23254,1,5,5,0,0,0,0,1055,0,0,0,0,1,0,0,nan,nan,nan,nan,nan,nan,nan
23255,1,5,5,0,0,0,0,1055,0,0,0,0,1,0,0,nan,nan,nan,nan,nan,nan,nan
23256,1,5,5,0,0,0,0,1055,0,0,0,0,1,0,0,nan,nan,nan,nan,nan,nan,nan
23257,1,5,5,0,0,0,0,1055,0,0,0,0,1,0,0,nan,nan,nan,nan,nan,nan,nan
23258,1,5,5,0,0,0,0,1056,0,0,0,0,1,0,1,nan,nan,nan,nan,nan,nan,26.061788552378857
23259,1,5,5,0,0,0,0,1056,0,0,0,0,1,0,1,nan,nan,nan,nan,nan,nan,nan
23260,1,5,5,0,0,0,0,1056,0,0,0,0,1,0,1,nan,nan,nan,nan,nan,nan,nan
23261,1,5,5,0,0,0,0,1056,0,0,0,0,1,0,1,nan,nan,nan,nan,nan,nan,nan
23262,1,5,5,0,0,0,0,1056,0,0,0,1,0,0,1,nan,nan,nan,37.148895795005956,nan,nan,nan
23263,1,5,5,0,0,0,0,1056,0,0,0,1,0,0,1,nan,nan,nan,nan,nan,nan,nan
23264,1,5,5,0,0,0,0,1056,0,2,0,1,0,0,1,nan,39.41271252567822,nan,nan,nan,nan,nan
23265,1,5,5,0,0,0,0,1056,0,2,0,1,0,0,1,nan,nan,nan,nan,nan,nan,nan
23266,1,5,5,0,0,0,0,1056,2,2,0,1,0,0,1,36.468536632197356,nan,nan,nan,nan,nan,nan
23267,1,5,5,0,0,0,0,1056,2,2,0,1,0,0,1,nan,nan,nan,nan,nan,nan,nan
23268,1,5,5,0,0,0,0,1056,2,2,0,1,0,1,0,nan,nan,nan,nan,nan,21.48775172808746,nan
23269,1,5,5,0,0,0,0,1056,2,2,0,1,0,1,0,nan,nan,nan,nan,nan,nan,nan
23270,1,5,5,0,0,0,0,1056,2,2,0,1,0,1,0,nan,nan,nan,nan,nan,nan,nan
23271,1,5,5,0,0,0,0,1056,2,2,0,1,0,1,0,nan,nan,nan,nan,nan,nan,nan
23272,1,5,5,0,0,0,0,1056,0,0,0,0,0,1,0,nan,nan,19.569690623127826,nan,nan,nan,nan
23273,1,5,5,0,0,0,0,1056,0,0,0,0,0,1,0,nan,nan,nan,nan,nan,nan,nan
23274,1,5,5,0,0,0,0,1056,0,0,0,0,1,0,0,nan,nan,nan,nan,26.185399592995964,nan,nan
23275,1,5,5,0,0,0,0,1056,0,0,0,0,1,0,0,nan,nan,nan,nan,nan,nan,nan
23276,1,5,5,0,0,0,0,1056,0,0,0,0,1,0,0,nan,nan,nan,nan,nan,nan,nan
23277,1,5,5,0,0,0,0,1057,0,0,0,0,1,0,1,nan,nan,nan,nan,nan,nan,18.454377911453776
23278,1,5,5,0,0,0,0,1057,0,0,0,0,1,0,1,nan,nan,nan,nan,nan,nan,nan
23279,1,5,5,0,0,0,0,1057,0,0,0,0,1,0,1,nan,nan,nan,nan,nan,nan,nan
23280,1,5,5,0,0,0,0,1057,0,0,0,0,1,0,1,nan,nan,nan,nan,nan,nan,nan
23281,1,5,5,0,0,0,0,1057,0,0,0,0,1,0,1,nan,nan,nan,nan,nan,nan,nan
23282,1,5,5,0,0,0,0,1057,0,0,0,0,1,0,1,nan,nan,nan,nan,nan,nan,nan
23283,1,5,5,0,0,0,0,1057,2,0,0,0,1,0,1,17.365763633250026,nan,nan,nan,nan,nan,nan
23284,1,5,5,0,0,0,0,1057,2,0,0,0,1,0,1,nan,nan,nan,nan,nan,nan,nan
23285,1,5,5,0,0,0,0,1057,2,0,0,0,1,0,1,nan,nan,nan,nan,nan,nan,nan
23286,1,5,5,0,0,0,0,1057,2,0,0,0,1,0,1,nan,nan,nan,nan,nan,nan,nan
23287,1,5,5,0,0,0,0,1057,2,0,0,0,1,0,1,nan,nan,nan,nan,nan,nan,nan
23288,1,5,5,0,0,0,0,1057,2,0,0,0,1,0,1,nan,nan,nan,nan,nan,nan,nan
23289,1,5,5,0,0,0,0,1057,2,0,0,1,0,0,1,nan,nan,nan,26.47225489606717,nan,nan,nan
23290,1,5,5,0,0,0,0,1057,2,0,0,1,0,0,1,nan,nan,nan,nan,nan,nan,nan
23291,1,5,5,0,0,0,0,1057,2,0,0,1,0,0,1,nan,nan,nan,nan,nan,nan,nan
23292,1,5,5,0,0,0,0,1057,2,0,0,1,0,0,1,nan,nan,nan,nan,nan,nan,nan
23293,1,5,5,0,0,0,0,1057,2,0,0,1,0,0,1,nan,nan,nan,nan,nan,nan,nan
23294,1,5,5,0,0,0,0,1057,2,0,0,1,0,0,1,nan,nan,nan,nan,nan,nan,nan
23295,1,5,5,0,0,0,0,1057,2,0,0,1,0,0,1,nan,nan,nan,nan,nan,nan,nan
23296,1,5,4,0,0,0,0,1057,2,0,0,0,0,0,1,nan,nan,23.962971507939073,nan,nan,nan,nan
23297,1,5,4,0,0,0,0,1057,2,0,0,0,0,0,1,nan,nan,nan,nan,nan,nan,nan
23298,1,5,4,0,0,0,0,1057,2,0,0,0,0,0,1,nan,nan,nan,nan,nan,nan,nan
23299,1,5,5,0,0,0,0,1057,0,0,0,0,0,0,1,nan,35.53946351029299,nan,nan,nan,nan,nan
23300,1,5,5,0,0,0,0,1057,0,0,0,0,0,0,1,nan,nan,nan,nan,nan,nan,nan
23301,1,5,5,0,0,0,0,1057,0,0,0,0,0,0,1,nan,nan,nan,nan,nan,nan,nan
23302,1,5,5,0,0,0,0,1057,0,0,0,0,0,0,1,nan,nan,nan,nan,nan,nan,nan
23303,1,5,5,0,0,1,0,1057,0,0,0,0,1,0,1,nan,nan,nan,nan,28.588212585422298,nan,nan
23304,1,5,5,0,0,1,0,1057,0,0,0,0,1,0,1,nan,nan,nan,nan,nan,nan,nan
23305,1,5,5,0,0,0,0,1057,0,0,0,0,1,0,0,nan,nan,nan,nan,nan,36.75670796497798,nan
23306,1,5,5,0,0,0,0,1057,0,0,0,1,0,0,0,nan,nan,nan,17.260976579502312,nan,nan,nan
23307,1,5,5,0,0,0,0,1057,0,0,0,1,0,0,0,nan,nan,nan,nan,nan,nan,nan
23308,1,5,5,0,0,0,0,1057,0,0,0,1,0,0,0,nan,nan,nan,nan,nan,nan,nan
23309,1,5,5,0,0,0,0,1057,0,0,0,1,0,0,0,nan,nan,nan,nan,nan,nan,nan
23310,1,5,5,0,0,0,0,1057,0,0,0,1,0,0,0,nan,nan,nan,nan,nan,nan,nan
23311,1,5,5,0,0,0,0,1057,0,0,0,1,0,0,0,nan,nan,nan,nan,nan,nan,nan
23312,1,5,5,0,0,0,0,1057,0,0,0,1,0,0,0,nan,nan,nan,nan,nan,nan,nan
23313,1,5,5,0,0,0,0,1057,0,0,0,1,0,0,0,nan,nan,nan,nan,nan,nan,nan
23314,1,5,5,0,0,0,0,1057,0,0,0,1,0,0,0,nan,nan,nan,nan,nan,nan,nan
23315,1,5,5,0,0,0,0,1057,0,0,0,1,0,0,0,nan,nan,nan,nan,nan,nan,nan
23316,1,5,5,0,0,0,0,1057,0,2,0,1,0,0,0,nan,16.39142398860713,nan,nan,nan,nan,nan
23317,1,4,5,0,0,0,0,1057,0,0,0,0,0,0,0,nan,nan,21.199097946420807,nan,nan,nan,nan
23318,1,5,5,0,0,0,0,1057,0,0,0,0,0,0,0,34.61568257838371,nan,nan,nan,nan,nan,nan
23319,1,5,5,0,0,1,0,1057,0,0,0,0,1,0,0,nan,nan,nan,nan,15.542667265737691,nan,nan
23320,1,5,5,0,0,1,0,1057,0,0,0,0,1,0,0,nan,nan,nan,nan,nan,nan,nan
23321,1,5,5,0,0,1,0,1057,0,0,0,0,1,0,0,nan,nan,nan,nan,nan,nan,nan
23322,1,5,5,0,0,1,0,1057,0,0,0,0,1,0,0,nan,nan,nan,nan,nan,nan,nan
23323,1,5,5,0,0,1,0,1057,0,0,0,0,1,0,0,nan,nan,nan,nan,nan,nan,nan
23324,1,5,5,0,0,1,0,1057,0,0,0,0,1,0,0,nan,nan,nan,nan,nan,nan,nan
23325,1,5,5,0,0,1,0,1057,0,0,0,0,1,0,0,nan,nan,nan,nan,nan,nan,nan
23326,1,5,5,0,0,1,0,1057,0,0,0,0,1,0,0,nan,nan,nan,nan,nan,nan,nan
23327,1,5,5,0,0,1,0,1057,0,0,0,0,1,0,0,nan,nan,nan,nan,nan,nan,nan
23328,1,5,5,0,0,1,0,1057,0,0,0,0,1,0,0,nan,nan,nan,nan,nan,nan,nan
23329,1,5,5,0,0,1,0,1057,0,0,0,0,1,0,0,nan,nan,nan,nan,nan,nan,nan
23330,1,5,5,0,0,1,0,1057,0,0,0,0,1,0,0,nan,nan,nan,nan,nan,nan,nan
23331,1,5,5,0,0,1,0,1057,0,0,0,0,1,0,0,nan,nan,nan,nan,nan,nan,nan
23332,1,5,5,0,0,1,0,1057,0,0,0,0,1,0,0,nan,nan,nan,nan,nan,nan,nan
23333,1,5,5,0,0,1,0,1057,0,0,0,0,1,0,0,nan,nan,nan,nan,nan,nan,nan
23334,1,5,5,0,0,0,0,1058,2,0,0,0,1,0,0,16.013495382609108,nan,nan,nan,nan,29.28372312958163,56.622870576160494
23335,1,5,5,0,0,0,0,1058,2,0,0,0,1,0,0,nan,nan,nan,nan,nan,nan,nan
23336,1,5,5,0,0,0,0,1058,2,0,0,0,1,0,0,nan,nan,nan,nan,nan,nan,nan
23337,1,5,5,0,0,0,0,1058,2,0,0,0,1,0,0,nan,nan,nan,nan,nan,nan,nan
23338,1,5,5,0,0,0,0,1058,2,0,0,0,1,0,0,nan,nan,nan,nan,nan,nan,nan
23339,1,5,4,1,0,0,0,1058,2,0,0,0,1,0,0,nan,nan,22.428959903347277,nan,nan,nan,nan
23340,1,5,4,1,0,0,0,1058,2,0,0,0,1,0,0,nan,nan,nan,nan,nan,nan,nan
23341,1,5,5,0,0,0,0,1058,0,0,0,0,0,0,0,nan,25.066274172830163,nan,34.758588719509135,nan,nan,nan
23342,1,5,5,0,0,0,0,1058,0,0,0,0,0,0,0,nan,nan,nan,nan,nan,nan,nan
23343,1,5,5,0,0,0,0,1058,0,0,0,0,0,0,0,nan,nan,nan,nan,nan,nan,nan
23344,1,5,5,0,0,0,0,1058,0,0,0,0,0,0,0,nan,nan,nan,nan,nan,nan,nan
23345,1,5,5,0,0,0,0,1058,0,0,0,0,0,0,0,nan,nan,nan,nan,nan,nan,nan
23346,1,5,5,0,0,0,0,1058,0,0,0,0,0,0,0,nan,nan,nan,nan,nan,nan,nan
23347,1,5,5,0,0,0,0,1058,0,0,0,0,0,0,0,nan,nan,nan,nan,nan,nan,nan
23348,1,5,5,0,0,0,0,1058,0,0,0,0,0,0,0,nan,nan,nan,nan,nan,nan,nan
23349,1,5,5,0,0,0,0,1058,0,0,0,0,0,0,0,nan,nan,nan,nan,nan,nan,nan
23350,1,5,5,0,0,0,1,1058,0,0,0,0,0,1,0,nan,nan,nan,nan,nan,15.639556284506398,nan
23351,1,5,5,0,0,0,1,1058,2,0,0,0,0,1,0,17.313656772239483,nan,nan,nan,nan,nan,nan
23352,1,5,5,0,0,0,1,1058,2,0,0,0,0,1,0,nan,nan,nan,nan,nan,nan,nan
23353,1,5,5,0,1,0,1,1058,2,0,0,1,0,1,0,nan,nan,nan,12.205281068505428,nan,nan,nan
23354,1,5,5,0,1,0,0,1059,2,0,0,1,0,1,0,nan,nan,nan,nan,nan,nan,20.85641651291735
23355,1,5,5,0,1,0,0,1059,2,2,0,1,0,1,0,nan,13.933379227699334,nan,nan,nan,nan,nan
23356,1,5,5,0,1,0,0,1059,2,2,0,1,0,1,0,nan,nan,nan,nan,nan,nan,nan
23357,1,5,5,0,1,0,0,1059,2,2,0,1,0,1,0,nan,nan,nan,nan,nan,nan,nan
23358,1,5,5,0,1,0,0,1059,0,0,0,0,0,1,0,nan,nan,18.588928131517605,nan,nan,nan,nan
23359,1,5,5,0,1,0,0,1059,0,0,0,0,0,1,0,nan,nan,nan,nan,nan,nan,nan
23360,1,5,5,0,1,0,0,1059,0,0,0,0,0,1,0,nan,nan,nan,nan,nan,nan,nan
23361,1,5,5,0,1,0,0,1059,0,0,0,0,0,1,0,nan,nan,nan,nan,nan,nan,nan
23362,1,5,5,0,1,0,0,1059,0,0,0,0,0,1,0,nan,nan,nan,nan,nan,nan,nan
23363,1,5,5,0,1,0,0,1059,0,0,0,0,0,1,0,nan,nan,nan,nan,nan,nan,nan
23364,1,5,5,0,0,0,0,1059,0,0,0,0,0,0,0,nan,nan,nan,nan,45.911098834021686,nan,nan
23365,1,5,5,0,0,0,0,1059,0,0,0,0,0,0,0,nan,nan,nan,nan,nan,nan,nan
23366,1,5,5,0,0,0,0,1059,0,0,0,0,0,0,0,nan,nan,nan,nan,nan,nan,nan
23367,1,5,5,0,0,0,0,1059,0,0,0,0,0,0,0,nan,nan,nan,nan,nan,nan,nan
23368,1,5,5,0,0,0,0,1059,0,0,0,0,0,0,0,nan,nan,nan,nan,nan,nan,nan
23369,1,5,5,0,1,0,0,1059,0,0,0,1,0,0,0,nan,nan,nan,16.179416142822447,nan,nan,nan
23370,1,5,5,0,1,0,0,1059,0,0,0,1,0,0,0,nan,nan,nan,nan,nan,nan,nan
23371,1,5,5,0,1,0,0,1059,0,0,0,1,0,0,0,nan,nan,nan,nan,nan,nan,nan
23372,1,5,5,0,1,0,0,1059,0,0,0,1,0,0,0,nan,nan,nan,nan,nan,nan,nan
23373,1,5,5,0,1,0,0,1059,0,0,0,1,0,0,0,nan,nan,nan,nan,nan,nan,nan
23374,1,5,5,0,1,0,0,1059,0,0,0,1,0,0,0,nan,nan,nan,nan,nan,nan,nan
23375,1,5,5,0,1,0,0,1059,0,0,0,1,0,0,0,nan,nan,nan,nan,nan,nan,nan
23376,1,5,5,0,1,0,0,1059,0,0,0,1,0,0,0,nan,nan,nan,nan,nan,nan,nan
23377,1,5,5,0,1,0,0,1059,0,0,0,1,0,0,0,nan,nan,nan,nan,nan,nan,nan
23378,1,5,4,0,1,0,0,1059,0,0,0,0,0,0,0,nan,nan,20.40656381675217,nan,nan,nan,nan
23379,1,5,4,0,0,1,0,1060,0,0,0,0,0,0,1,nan,nan,nan,nan,14.459667288010678,nan,24.236432278539723
23380,1,5,4,0,0,1,0,1060,0,0,0,0,0,0,1,nan,nan,nan,nan,nan,nan,nan
23381,1,4,5,0,0,0,0,1060,0,0,0,0,0,0,0,nan,25.954841075767035,nan,nan,nan,31.31261608024579,nan
23382,1,4,5,0,0,0,0,1060,0,0,0,0,0,0,0,nan,nan,nan,nan,nan,nan,nan
23383,1,4,5,0,0,0,0,1060,0,0,0,0,0,0,0,nan,nan,nan,nan,nan,nan,nan
23384,1,4,5,0,0,0,0,1060,0,0,0,0,0,0,0,nan,nan,nan,nan,nan,nan,nan
23385,1,4,5,0,0,0,0,1060,0,0,0,0,0,0,0,nan,nan,nan,nan,nan,nan,nan
23386,1,4,5,0,0,0,0,1060,0,0,0,0,0,0,0,nan,nan,nan,nan,nan,nan,nan
23387,1,4,5,0,0,0,0,1060,0,0,0,0,0,0,0,nan,nan,nan,nan,nan,nan,nan
23388,1,5,5,0,0,0,0,1060,0,0,0,0,0,0,0,36.75117272623902,nan,nan,nan,nan,nan,nan
23389,1,5,5,0,0,0,0,1060,0,0,0,0,0,0,0,nan,nan,nan,nan,nan,nan,nan
23390,1,5,5,0,1,0,0,1060,0,0,0,1,0,0,0,nan,nan,nan,21.11761186586591,nan,nan,nan
23391,1,5,5,0,1,0,0,1060,0,0,0,1,0,0,0,nan,nan,nan,nan,nan,nan,nan
23392,1,5,5,0,1,0,0,1060,0,0,0,1,0,0,0,nan,nan,nan,nan,nan,nan,nan
23393,1,5,5,0,1,0,0,1060,0,0,0,1,0,0,0,nan,nan,nan,nan,nan,nan,nan
23394,1,5,5,0,1,0,0,1060,0,2,0,1,0,0,0,nan,13.445996594935423,nan,nan,nan,nan,nan
23395,1,5,5,0,0,1,0,1060,0,2,0,1,0,0,0,nan,nan,nan,nan,16.186336112463323,nan,nan
23396,1,5,5,0,0,1,0,1060,0,2,0,1,0,0,0,nan,nan,nan,nan,nan,nan,nan
23397,1,5,5,0,0,1,0,1060,0,2,0,1,0,0,0,nan,nan,nan,nan,nan,nan,nan
23398,1,5,5,0,0,1,0,1060,0,2,0,1,0,0,0,nan,nan,nan,nan,nan,nan,nan
23399,1,5,5,0,0,1,0,1060,0,2,0,1,0,0,0,nan,nan,nan,nan,nan,nan,nan
23400,1,5,5,0,0,1,0,1061,0,2,0,1,0,0,1,nan,nan,nan,nan,nan,nan,21.642349078036204
23401,1,4,5,0,0,1,0,1061,0,0,0,0,0,0,1,nan,nan,22.351976163125073,nan,nan,nan,nan
23402,1,4,5,0,0,1,0,1061,0,0,0,0,0,0,1,nan,nan,nan,nan,nan,nan,nan
23403,1,4,5,0,0,0,0,1061,0,0,0,0,0,0,0,nan,nan,nan,nan,nan,21.71644183583703,nan
23404,1,4,5,0,0,0,0,1061,0,0,0,0,0,0,0,nan,nan,nan,nan,nan,nan,nan
23405,1,4,5,0,0,0,0,1061,0,0,0,0,0,0,0,nan,nan,nan,nan,nan,nan,nan
23406,1,4,5,0,0,0,0,1061,0,0,0,0,0,0,0,nan,nan,nan,nan,nan,nan,nan
23407,1,5,5,0,0,0,0,1061,0,0,0,0,0,0,0,19.03883330311146,nan,nan,nan,nan,nan,nan
23408,1,5,5,0,0,0,0,1061,0,0,0,0,0,0,0,nan,nan,nan,nan,nan,nan,nan
23409,1,5,5,0,0,1,0,1061,0,0,0,0,1,0,0,nan,nan,nan,nan,14.113166132323386,nan,nan
23410,1,5,5,0,0,1,0,1061,0,0,0,0,1,0,0,nan,nan,nan,nan,nan,nan,nan
23411,1,5,5,0,0,1,0,1061,0,0,0,0,1,0,0,nan,nan,nan,nan,nan,nan,nan
23412,1,5,5,0,0,1,0,1061,0,0,0,0,1,0,0,nan,nan,nan,nan,nan,nan,nan
23413,1,5,5,0,0,1,0,1061,0,0,0,1,0,0,0,nan,nan,nan,22.464832554254826,nan,nan,nan
23414,1,5,5,0,0,1,0,1062,0,0,0,1,0,0,1,nan,nan,nan,nan,nan,nan,14.199508508354484
23415,1,5,5,0,0,1,0,1062,0,0,0,1,0,0,1,nan,nan,nan,nan,nan,nan,nan
23416,1,5,5,0,0,0,0,1062,0,0,0,1,0,0,0,nan,nan,nan,nan,nan,12.643466640100087,nan
23417,1,5,5,0,0,0,0,1062,0,0,0,1,0,0,0,nan,nan,nan,nan,nan,nan,nan
23418,1,5,5,0,0,0,0,1062,0,0,0,1,0,0,0,nan,nan,nan,nan,nan,nan,nan
23419,1,5,5,0,0,0,0,1062,0,0,0,1,0,0,0,nan,nan,nan,nan,nan,nan,nan
23420,1,4,5,0,0,0,0,1062,0,0,0,0,0,0,0,nan,25.49728813416732,18.90303181062336,nan,nan,nan,nan
23421,1,4,5,0,0,0,0,1062,0,0,0,0,0,0,0,nan,nan,nan,nan,nan,nan,nan
23422,1,4,5,0,0,0,0,1062,0,0,0,0,0,0,0,nan,nan,nan,nan,nan,nan,nan
23423,1,4,5,0,0,0,0,1062,0,0,0,0,0,0,0,nan,nan,nan,nan,nan,nan,nan
23424,1,4,5,0,0,0,0,1062,0,0,0,0,0,0,0,nan,nan,nan,nan,nan,nan,nan
23425,1,4,5,0,0,0,0,1062,0,0,0,0,0,0,0,nan,nan,nan,nan,nan,nan,nan
23426,1,5,5,0,0,0,0,1062,0,0,0,0,0,0,0,19.19692362556816,nan,nan,nan,nan,nan,nan
23427,1,5,5,0,0,0,0,1062,0,0,0,0,0,0,0,nan,nan,nan,nan,nan,nan,nan
23428,1,5,5,0,0,0,0,1063,0,0,0,0,0,0,1,nan,nan,nan,nan,nan,nan,13.715682575242681
23429,1,5,5,0,0,0,0,1063,0,0,0,0,0,0,1,nan,nan,nan,nan,nan,nan,nan
23430,1,5,5,0,0,1,0,1063,0,0,0,0,1,0,1,nan,nan,nan,nan,20.552779746773012,nan,nan
23431,1,5,5,0,0,1,0,1063,0,0,0,0,1,0,1,nan,nan,nan,nan,nan,nan,nan
23432,1,5,5,0,0,1,0,1063,0,0,0,0,1,0,1,nan,nan,nan,nan,nan,nan,nan
23433,1,5,5,0,0,1,0,1063,0,0,0,0,1,0,1,nan,nan,nan,nan,nan,nan,nan
23434,1,5,5,0,0,1,0,1063,0,0,0,0,1,0,1,nan,nan,nan,nan,nan,nan,nan
23435,1,5,5,0,0,1,0,1063,0,0,0,0,1,0,1,nan,nan,nan,nan,nan,nan,nan
23436,1,5,4,1,0,1,0,1063,0,0,0,0,1,0,1,nan,nan,16.88528781211062,nan,nan,nan,nan
23437,1,4,5,1,0,1,0,1063,0,0,0,0,1,0,1,nan,16.88003667216617,nan,nan,nan,nan,nan
23438,1,4,5,0,0,0,0,1063,0,0,0,0,0,0,0,nan,nan,nan,25.690580248057813,nan,22.41957685876696,nan
23439,1,4,5,0,0,0,0,1063,0,0,0,0,0,0,0,nan,nan,nan,nan,nan,nan,nan
23440,1,4,5,0,0,0,0,1063,0,0,0,0,0,0,0,nan,nan,nan,nan,nan,nan,nan
23441,1,4,5,0,0,0,0,1063,0,0,0,0,0,0,0,nan,nan,nan,nan,nan,nan,nan
23442,1,5,5,0,0,0,0,1063,0,0,0,0,0,0,0,16.53491508100342,nan,nan,nan,nan,nan,nan
23443,1,5,5,0,0,0,0,1063,0,0,0,0,0,0,0,nan,nan,nan,nan,nan,nan,nan
23444,1,5,5,0,0,0,0,1063,0,0,0,0,0,0,0,nan,nan,nan,nan,nan,nan,nan
23445,1,5,5,0,0,0,0,1063,0,0,0,0,0,0,0,nan,nan,nan,nan,nan,nan,nan
23446,1,5,5,0,0,0,0,1063,0,0,0,0,0,0,0,nan,nan,nan,nan,nan,nan,nan
23447,1,5,5,0,0,0,0,1063,0,0,0,0,0,0,0,nan,nan,nan,nan,nan,nan,nan
23448,1,5,5,0,0,0,0,1063,0,0,0,0,0,0,0,nan,nan,nan,nan,nan,nan,nan
23449,1,5,5,0,0,0,0,1063,0,0,0,0,0,0,0,nan,nan,nan,nan,nan,nan,nan
23450,1,5,5,0,0,0,0,1063,0,0,0,0,0,0,0,nan,nan,nan,nan,nan,nan,nan
23451,1,5,4,1,0,0,0,1063,0,0,0,0,0,0,0,nan,nan,14.64376740147054,nan,nan,nan,nan
23452,1,4,5,1,0,0,0,1063,0,0,0,0,0,0,0,nan,15.191857904184872,nan,nan,nan,nan,nan
23453,1,4,5,1,0,0,0,1064,0,0,0,0,0,0,1,nan,nan,nan,nan,nan,nan,25.05204616748233
23454,1,4,5,1,0,1,0,1064,0,0,0,0,1,0,1,nan,nan,nan,nan,24.322840042063035,nan,nan
23455,1,4,5,1,0,1,0,1064,0,0,0,0,1,0,1,nan,nan,nan,nan,nan,nan,nan
23456,1,4,5,1,0,1,0,1064,0,0,0,0,1,0,1,nan,nan,nan,nan,nan,nan,nan
23457,1,4,5,1,0,1,0,1064,0,0,0,0,1,0,1,nan,nan,nan,nan,nan,nan,nan
23458,1,5,5,1,0,1,0,1064,0,0,0,0,1,0,1,15.45158905882272,nan,nan,nan,nan,nan,nan
23459,1,5,5,1,0,1,0,1064,0,0,0,0,1,0,1,nan,nan,nan,nan,nan,nan,nan
23460,1,5,5,0,0,1,0,1064,0,0,0,0,0,0,1,nan,nan,nan,22.019094390816463,nan,nan,nan
23461,1,5,5,0,0,0,0,1064,0,0,0,0,0,0,0,nan,nan,nan,nan,nan,23.44704269072463,nan
23462,1,5,5,0,0,0,0,1064,0,0,0,0,0,0,0,nan,nan,nan,nan,nan,nan,nan
23463,1,5,5,0,0,0,0,1064,0,0,0,0,0,0,0,nan,nan,nan,nan,nan,nan,nan
23464,1,5,5,0,0,0,0,1064,0,0,0,0,0,0,0,nan,nan,nan,nan,nan,nan,nan
23465,1,5,5,0,0,0,0,1064,0,0,0,0,0,0,0,nan,nan,nan,nan,nan,nan,nan
23466,1,5,5,0,0,0,0,1064,0,0,0,0,0,0,0,nan,nan,nan,nan,nan,nan,nan
23467,1,5,5,0,0,0,0,1064,0,0,0,0,0,0,0,nan,nan,nan,nan,nan,nan,nan
23468,1,5,5,0,0,0,0,1064,0,0,0,0,0,0,0,nan,nan,nan,nan,nan,nan,nan
23469,1,5,5,0,0,0,0,1064,0,0,0,0,0,0,0,nan,nan,nan,nan,nan,nan,nan
23470,1,5,5,0,0,0,0,1064,0,0,0,0,0,0,0,nan,nan,nan,nan,nan,nan,nan
23471,1,5,5,0,0,0,0,1065,0,2,0,0,0,0,1,nan,19.103712523152353,nan,nan,nan,nan,17.772562555619515
23472,1,5,5,0,0,0,0,1065,0,2,0,0,1,0,0,nan,nan,nan,nan,17.760452316000737,10.638531283984776,nan
23473,1,5,5,0,0,0,0,1065,0,2,0,0,1,0,0,nan,nan,nan,nan,nan,nan,nan
23474,1,5,5,0,0,0,0,1065,0,2,0,1,0,0,0,nan,nan,nan,13.596786339141545,nan,nan,nan
23475,1,5,5,0,0,0,0,1065,0,2,0,1,0,0,0,nan,nan,nan,nan,nan,nan,nan
23476,1,5,5,0,0,0,0,1065,0,2,0,1,0,0,0,nan,nan,nan,nan,nan,nan,nan
23477,1,5,5,0,0,0,0,1065,0,2,0,1,0,0,0,nan,nan,nan,nan,nan,nan,nan
23478,1,5,5,0,0,0,0,1065,0,2,0,1,0,0,0,nan,nan,nan,nan,nan,nan,nan
23479,1,5,5,0,0,0,0,1065,0,2,0,1,0,0,0,nan,nan,nan,nan,nan,nan,nan
23480,1,5,5,0,0,0,0,1065,2,2,0,1,0,0,0,21.762807400555175,nan,nan,nan,nan,nan,nan
23481,1,5,5,0,0,0,0,1065,2,2,0,1,0,0,0,nan,nan,nan,nan,nan,nan,nan
23482,1,5,5,0,0,0,0,1065,2,2,0,1,0,0,0,nan,nan,nan,nan,nan,nan,nan
23483,1,5,5,0,0,0,0,1065,2,2,0,1,0,0,0,nan,nan,nan,nan,nan,nan,nan
23484,1,5,5,0,0,0,0,1065,2,2,0,1,0,0,0,nan,nan,nan,nan,nan,nan,nan
23485,1,5,5,0,0,0,0,1065,2,2,0,1,0,0,0,nan,nan,nan,nan,nan,nan,nan
23486,1,5,5,0,0,0,0,1065,2,2,0,1,0,0,0,nan,nan,nan,nan,nan,nan,nan
23487,1,5,5,0,0,0,0,1065,2,2,0,1,0,0,0,nan,nan,nan,nan,nan,nan,nan
23488,1,5,5,0,0,0,0,1066,2,2,0,1,0,0,1,nan,nan,nan,nan,nan,nan,16.928963499762176
23489,1,5,5,0,0,0,0,1066,2,2,0,1,0,0,1,nan,nan,nan,nan,nan,nan,nan
23490,1,5,5,0,0,0,0,1066,2,2,0,1,0,0,1,nan,nan,nan,nan,nan,nan,nan
23491,1,5,5,0,0,0,0,1066,2,2,0,1,0,0,1,nan,nan,nan,nan,nan,nan,nan
23492,1,5,5,0,0,0,0,1066,2,2,0,1,0,0,1,nan,nan,nan,nan,nan,nan,nan
23493,1,5,5,0,0,0,0,1066,2,2,0,1,0,0,1,nan,nan,nan,nan,nan,nan,nan
23494,1,5,5,0,0,0,0,1066,2,2,0,1,0,0,1,nan,nan,nan,nan,nan,nan,nan
23495,1,5,5,0,0,0,0,1066,2,2,0,1,0,0,1,nan,nan,nan,nan,nan,nan,nan
23496,1,5,5,0,0,0,0,1066,2,2,0,1,0,0,1,nan,nan,nan,nan,nan,nan,nan
23497,1,5,5,0,0,0,0,1066,2,2,0,1,0,0,1,nan,nan,nan,nan,nan,nan,nan
23498,1,5,5,0,0,0,0,1066,2,2,0,1,0,0,1,nan,nan,nan,nan,nan,nan,nan
23499,1,5,5,0,0,0,0,1066,2,2,0,1,0,1,0,nan,nan,nan,nan,nan,26.42829551847899,nan
23500,1,5,5,0,0,0,0,1066,0,0,0,0,0,1,0,nan,nan,49.31943952025176,nan,nan,nan,nan
23501,1,5,5,0,0,0,0,1066,0,0,0,0,0,1,0,nan,nan,nan,nan,nan,nan,nan
23502,1,5,5,0,0,0,0,1066,0,0,0,0,0,1,0,nan,nan,nan,nan,nan,nan,nan
23503,1,5,5,0,0,0,0,1066,0,0,0,0,0,1,0,nan,nan,nan,nan,nan,nan,nan
23504,1,5,5,0,0,0,0,1066,0,0,0,0,0,1,0,nan,nan,nan,nan,nan,nan,nan
23505,1,5,5,0,0,0,0,1066,0,0,0,0,0,1,0,nan,nan,nan,nan,nan,nan,nan
23506,1,5,5,0,0,0,0,1066,0,0,0,0,0,1,0,nan,nan,nan,nan,nan,nan,nan
23507,1,5,5,0,0,0,0,1067,0,0,0,0,1,0,1,nan,nan,nan,nan,34.9016729038849,nan,19.49560892169029
23508,1,5,5,0,0,0,0,1067,0,0,0,0,1,0,1,nan,nan,nan,nan,nan,nan,nan
23509,1,5,5,0,0,0,0,1067,0,0,0,0,1,0,1,nan,nan,nan,nan,nan,nan,nan
23510,1,5,5,0,0,0,0,1067,0,0,0,0,1,0,1,nan,nan,nan,nan,nan,nan,nan
23511,1,5,5,0,0,0,0,1067,0,0,0,0,1,0,1,nan,nan,nan,nan,nan,nan,nan
23512,1,5,5,0,0,0,0,1067,0,0,0,0,1,0,1,nan,nan,nan,nan,nan,nan,nan
23513,1,5,5,0,0,0,0,1067,2,0,0,0,1,0,1,33.434365168152,nan,nan,nan,nan,nan,nan
23514,1,5,5,0,0,0,0,1067,2,0,0,0,1,0,1,nan,nan,nan,nan,nan,nan,nan
23515,1,5,4,1,0,0,0,1067,2,0,0,0,1,0,1,nan,nan,14.458826987167413,nan,nan,nan,nan
23516,1,5,4,1,0,0,0,1067,2,0,0,0,1,0,1,nan,nan,nan,nan,nan,nan,nan
23517,1,5,4,1,0,0,0,1067,2,0,0,0,1,0,1,nan,nan,nan,nan,nan,nan,nan
23518,1,5,5,1,0,0,0,1067,0,0,0,0,1,0,1,nan,47.08832028188044,nan,nan,nan,nan,nan
23519,1,5,5,1,0,0,0,1067,0,0,0,0,1,0,1,nan,nan,nan,nan,nan,nan,nan
23520,1,5,5,1,0,0,0,1067,0,0,0,0,1,0,1,nan,nan,nan,nan,nan,nan,nan
23521,1,5,5,0,0,0,0,1067,0,0,0,0,0,0,1,nan,nan,nan,47.05231403284415,nan,nan,nan
23522,1,5,5,0,0,0,0,1067,0,0,0,0,0,0,1,nan,nan,nan,nan,nan,nan,nan
23523,1,5,5,0,0,0,0,1067,0,0,0,0,0,0,1,nan,nan,nan,nan,nan,nan,nan
23524,1,5,5,0,0,0,0,1067,0,0,0,0,0,0,1,nan,nan,nan,nan,nan,nan,nan
23525,1,5,4,1,0,0,0,1067,0,0,0,0,0,1,0,nan,nan,10.444983161960408,nan,nan,26.967599908421107,nan
23526,1,5,4,1,0,0,0,1067,0,0,0,0,0,1,0,nan,nan,nan,nan,nan,nan,nan
23527,1,5,4,1,0,0,0,1067,0,0,0,0,0,1,0,nan,nan,nan,nan,nan,nan,nan
23528,1,4,5,1,0,0,0,1067,0,0,0,0,0,1,0,nan,10.488001545676525,nan,nan,nan,nan,nan
23529,1,4,5,1,0,0,0,1067,0,0,0,0,0,1,0,nan,nan,nan,nan,nan,nan,nan
23530,1,4,5,1,0,0,0,1067,0,0,0,0,0,1,0,nan,nan,nan,nan,nan,nan,nan
23531,1,4,5,1,0,0,0,1067,0,0,0,0,0,1,0,nan,nan,nan,nan,nan,nan,nan
23532,1,4,5,1,0,0,0,1067,0,0,0,0,0,1,0,nan,nan,nan,nan,nan,nan,nan
23533,1,4,5,1,0,0,0,1067,0,0,0,0,0,1,0,nan,nan,nan,nan,nan,nan,nan
23534,1,4,5,1,0,0,0,1067,0,0,0,0,0,1,0,nan,nan,nan,nan,nan,nan,nan
23535,1,5,5,1,0,0,0,1067,0,0,0,0,0,1,0,22.189798819763382,nan,nan,nan,nan,nan,nan
23536,1,5,5,1,0,0,0,1067,0,0,0,0,0,1,0,nan,nan,nan,nan,nan,nan,nan
23537,1,5,5,0,1,0,0,1068,0,0,0,0,0,1,1,nan,nan,nan,16.219346870377194,nan,nan,29.111284947623062
23538,1,5,5,0,1,0,0,1068,0,0,0,0,0,1,1,nan,nan,nan,nan,nan,nan,nan
23539,1,5,5,0,1,0,0,1068,0,0,0,0,0,1,1,nan,nan,nan,nan,nan,nan,nan
23540,1,5,5,0,1,0,0,1068,0,0,0,0,0,1,1,nan,nan,nan,nan,nan,nan,nan
23541,1,5,5,0,1,0,0,1068,0,0,0,0,0,1,1,nan,nan,nan,nan,nan,nan,nan
23542,1,5,5,0,1,0,0,1068,0,0,0,0,0,1,1,nan,nan,nan,nan,nan,nan,nan
23543,1,5,5,0,1,0,0,1068,0,0,0,0,0,1,1,nan,nan,nan,nan,nan,nan,nan
23544,1,5,4,1,1,0,0,1068,0,0,0,0,0,1,1,nan,nan,18.335584093190846,nan,nan,nan,nan
23545,1,4,5,1,1,0,0,1068,0,0,0,0,0,1,1,nan,16.067686031583435,nan,nan,nan,nan,nan
23546,1,4,5,1,1,0,0,1068,0,0,0,0,0,1,1,nan,nan,nan,nan,nan,nan,nan
23547,1,4,5,1,1,0,0,1068,0,0,0,0,0,1,1,nan,nan,nan,nan,nan,nan,nan
23548,1,4,5,1,1,0,0,1068,0,0,0,0,0,1,1,nan,nan,nan,nan,nan,nan,nan
23549,1,4,5,1,0,0,0,1068,0,0,0,0,0,0,1,nan,nan,nan,nan,42.72547614918949,nan,nan
23550,1,4,5,0,1,0,0,1068,0,0,0,0,0,0,1,nan,nan,nan,12.820696215501812,nan,nan,nan
23551,1,5,5,0,1,0,0,1068,0,0,0,0,0,0,1,16.131646333731624,nan,nan,nan,nan,nan,nan
23552,1,5,5,0,1,0,0,1068,0,0,0,0,0,0,1,nan,nan,nan,nan,nan,nan,nan
23553,1,5,5,0,1,0,0,1068,0,0,0,0,0,0,1,nan,nan,nan,nan,nan,nan,nan
23554,1,5,5,0,1,0,0,1068,0,0,0,0,0,0,1,nan,nan,nan,nan,nan,nan,nan
23555,1,5,5,0,1,0,0,1068,0,0,0,0,0,0,1,nan,nan,nan,nan,nan,nan,nan
23556,1,5,5,0,1,0,0,1068,0,0,0,0,0,0,1,nan,nan,nan,nan,nan,nan,nan
23557,1,4,5,1,1,0,0,1068,0,0,0,0,0,0,1,nan,12.86348444398027,12.937104452987114,nan,nan,nan,nan
23558,1,4,5,1,1,0,0,1068,0,0,0,0,0,0,1,nan,nan,nan,nan,nan,nan,nan
23559,1,4,5,1,1,0,0,1068,0,0,0,0,0,0,1,nan,nan,nan,nan,nan,nan,nan
23560,1,4,5,1,1,0,0,1068,0,0,0,0,0,0,1,nan,nan,nan,nan,nan,nan,nan
23561,1,4,5,1,1,0,0,1068,0,0,0,0,0,0,1,nan,nan,nan,nan,nan,nan,nan
23562,1,4,5,1,1,0,0,1068,0,0,0,0,0,0,1,nan,nan,nan,nan,nan,nan,nan
23563,1,4,5,1,1,0,0,1068,0,0,0,0,0,1,0,nan,nan,nan,nan,nan,37.75147423204544,nan
23564,1,4,5,1,0,0,0,1068,0,0,0,0,0,0,0,nan,nan,nan,nan,14.096985261519876,nan,nan
23565,1,4,5,1,0,0,0,1068,0,0,0,0,0,0,0,nan,nan,nan,nan,nan,nan,nan
23566,1,4,5,1,0,0,0,1068,0,0,0,0,0,0,0,nan,nan,nan,nan,nan,nan,nan
23567,1,4,5,1,0,0,0,1068,0,0,0,0,0,0,0,nan,nan,nan,nan,nan,nan,nan
23568,1,4,5,1,0,0,0,1068,0,0,0,0,0,0,0,nan,nan,nan,nan,nan,nan,nan
23569,1,4,5,1,0,0,0,1068,0,0,0,0,0,0,0,nan,nan,nan,nan,nan,nan,nan
23570,1,4,5,1,0,0,0,1068,0,0,0,0,0,0,0,nan,nan,nan,nan,nan,nan,nan
23571,1,4,5,1,0,0,0,1068,0,0,0,0,0,0,0,nan,nan,nan,nan,nan,nan,nan
23572,1,5,5,1,0,0,0,1068,0,0,0,0,0,0,0,20.165636746674863,nan,nan,nan,nan,nan,nan
23573,1,5,5,0,1,0,0,1068,0,0,0,0,0,0,0,nan,nan,nan,22.585955129543436,nan,nan,nan
23574,1,5,5,0,1,0,0,1068,0,0,0,0,0,0,0,nan,nan,nan,nan,nan,nan,nan
23575,1,5,5,0,1,0,0,1068,0,0,0,0,0,0,0,nan,nan,nan,nan,nan,nan,nan
23576,1,5,5,0,1,0,0,1068,0,0,0,0,0,0,0,nan,nan,nan,nan,nan,nan,nan
23577,1,5,5,0,1,0,0,1068,0,0,0,0,0,0,0,nan,nan,nan,nan,nan,nan,nan
23578,1,5,5,0,1,0,0,1068,0,2,0,0,0,0,0,nan,20.458879027231887,nan,nan,nan,nan,nan
23579,1,5,5,0,1,0,0,1068,0,2,0,0,0,0,0,nan,nan,nan,nan,nan,nan,nan
23580,1,4,5,1,1,0,0,1068,0,0,0,0,0,0,0,nan,nan,23.026200917905953,nan,nan,nan,nan
23581,1,4,5,1,1,0,0,1068,0,0,0,0,0,0,0,nan,nan,nan,nan,nan,nan,nan
23582,1,4,5,1,1,0,0,1068,0,0,0,0,0,0,0,nan,nan,nan,nan,nan,nan,nan
23583,1,4,5,1,1,0,0,1068,0,0,0,0,0,0,0,nan,nan,nan,nan,nan,nan,nan
23584,1,4,5,1,1,0,0,1068,0,0,0,0,0,0,0,nan,nan,nan,nan,nan,nan,nan
23585,1,4,5,1,1,0,0,1069,0,0,0,0,0,1,0,nan,nan,nan,nan,nan,21.790105356551067,48.889697236616485
23586,1,4,5,1,1,0,0,1069,0,0,0,0,0,1,0,nan,nan,nan,nan,nan,nan,nan
23587,1,4,5,1,1,0,0,1069,0,0,0,0,0,1,0,nan,nan,nan,nan,nan,nan,nan
23588,1,4,5,1,1,0,0,1069,0,0,0,0,0,1,0,nan,nan,nan,nan,nan,nan,nan
23589,1,4,5,1,1,0,0,1069,0,0,0,0,0,1,0,nan,nan,nan,nan,nan,nan,nan
23590,1,4,5,1,0,0,0,1069,0,0,0,0,0,0,0,nan,nan,nan,nan,26.447747692545818,nan,nan
23591,1,4,5,0,1,0,0,1069,0,0,0,0,0,0,0,nan,nan,nan,18.15551668747503,nan,nan,nan
23592,1,4,5,0,1,0,0,1069,0,2,0,0,0,0,0,nan,14.159019245442323,nan,nan,nan,nan,nan
23593,1,4,5,0,1,0,0,1069,0,2,0,0,0,0,0,nan,nan,nan,nan,nan,nan,nan
23594,1,5,5,0,1,0,0,1069,0,2,0,0,0,0,0,22.407545249297982,nan,nan,nan,nan,nan,nan
23595,1,5,5,0,1,0,0,1069,0,2,0,0,0,0,0,nan,nan,nan,nan,nan,nan,nan
23596,1,5,5,0,1,0,0,1069,0,2,0,0,0,0,0,nan,nan,nan,nan,nan,nan,nan
23597,1,5,5,0,1,0,0,1069,0,2,0,0,0,0,0,nan,nan,nan,nan,nan,nan,nan
23598,1,5,5,0,1,0,0,1069,0,2,0,0,0,0,0,nan,nan,nan,nan,nan,nan,nan
23599,1,5,5,0,1,0,0,1070,0,2,0,0,0,0,1,nan,nan,nan,nan,nan,nan,13.929280969095998
23600,1,5,5,0,1,0,0,1070,0,2,0,0,0,0,1,nan,nan,nan,nan,nan,nan,nan
23601,1,5,5,0,1,0,0,1070,0,2,0,0,0,0,1,nan,nan,nan,nan,nan,nan,nan
23602,1,5,5,0,2,0,0,1070,0,2,0,1,0,0,1,nan,nan,nan,11.459608181863587,nan,nan,nan
23603,1,5,5,0,2,0,0,1070,0,2,0,1,0,0,1,nan,nan,nan,nan,nan,nan,nan
23604,1,5,5,0,2,0,0,1070,0,2,0,1,0,0,1,nan,nan,nan,nan,nan,nan,nan
23605,1,5,5,0,2,0,0,1070,0,2,0,1,0,0,1,nan,nan,nan,nan,nan,nan,nan
23606,1,5,5,0,2,0,0,1070,2,2,0,1,0,0,1,11.581920321659709,nan,nan,nan,nan,nan,nan
23607,1,5,5,0,2,0,0,1070,2,2,0,1,0,0,1,nan,nan,nan,nan,nan,nan,nan
23608,1,5,5,0,2,0,0,1070,2,2,0,1,0,0,1,nan,nan,nan,nan,nan,nan,nan
23609,1,5,5,0,1,1,0,1070,0,0,0,0,0,0,1,nan,nan,29.223234712109843,nan,18.950236713917548,nan,nan
23610,1,5,5,0,1,1,0,1070,0,0,0,0,0,0,1,nan,nan,nan,nan,nan,nan,nan
23611,1,5,5,0,1,1,0,1070,0,0,0,0,0,0,1,nan,nan,nan,nan,nan,nan,nan
23612,1,5,5,0,1,1,0,1070,0,0,0,0,0,0,1,nan,nan,nan,nan,nan,nan,nan
23613,1,5,5,0,1,1,0,1070,0,0,0,0,0,0,1,nan,nan,nan,nan,nan,nan,nan
23614,1,5,5,0,1,0,0,1070,0,0,0,0,0,0,0,nan,nan,nan,nan,nan,28.627464014545694,nan
23615,1,5,5,0,1,0,0,1070,0,0,0,0,0,0,0,nan,nan,nan,nan,nan,nan,nan
23616,1,5,5,0,1,0,0,1070,0,0,0,0,0,0,0,nan,nan,nan,nan,nan,nan,nan
23617,1,5,5,0,1,0,0,1070,0,0,0,0,0,0,0,nan,nan,nan,nan,nan,nan,nan
23618,1,5,5,0,1,0,0,1070,0,0,0,0,0,0,0,nan,nan,nan,nan,nan,nan,nan
23619,1,5,5,0,1,0,0,1070,0,0,0,0,0,0,0,nan,nan,nan,nan,nan,nan,nan
23620,1,5,5,0,1,0,0,1070,0,0,0,0,0,0,0,nan,nan,nan,nan,nan,nan,nan
23621,1,5,5,0,1,0,0,1070,2,0,0,0,0,0,0,15.012710818824416,nan,nan,nan,nan,nan,nan
23622,1,5,5,0,1,0,0,1070,2,0,0,0,0,0,0,nan,nan,nan,nan,nan,nan,nan
23623,1,5,5,0,1,0,0,1070,2,0,0,0,0,0,0,nan,nan,nan,nan,nan,nan,nan
23624,1,5,5,0,1,0,0,1070,2,0,0,0,0,0,0,nan,nan,nan,nan,nan,nan,nan
23625,1,5,5,0,1,0,0,1070,2,0,0,0,0,0,0,nan,nan,nan,nan,nan,nan,nan
23626,1,5,5,0,1,0,0,1070,2,0,0,0,0,0,0,nan,nan,nan,nan,nan,nan,nan
23627,1,5,5,0,2,0,0,1070,2,0,0,1,0,0,0,nan,nan,nan,24.98594342209981,nan,nan,nan
23628,1,5,5,0,2,0,0,1070,2,0,0,1,0,0,0,nan,nan,nan,nan,nan,nan,nan
23629,1,5,5,0,1,1,0,1070,2,0,0,1,0,0,0,nan,nan,nan,nan,20.344190448042355,nan,nan
23630,1,5,5,0,1,1,0,1070,2,0,0,1,0,0,0,nan,nan,nan,nan,nan,nan,nan
23631,1,5,5,0,1,0,1,1070,2,0,0,1,0,0,0,nan,nan,nan,nan,nan,17.04428958929566,nan
23632,1,5,5,0,1,0,1,1070,2,2,0,1,0,0,0,nan,39.92178158859315,nan,nan,nan,nan,nan
23633,1,5,5,0,1,0,0,1071,2,2,0,1,0,0,0,nan,nan,nan,nan,nan,nan,33.38913114501338
23634,1,5,5,0,1,0,0,1071,2,2,0,1,0,0,0,nan,nan,nan,nan,nan,nan,nan
23635,1,5,5,0,1,0,0,1071,0,0,0,0,0,0,0,nan,nan,26.21337313413096,nan,nan,nan,nan
23636,1,5,5,0,1,0,0,1071,0,0,0,0,0,0,0,nan,nan,nan,nan,nan,nan,nan
23637,1,5,5,0,1,0,0,1071,0,0,0,0,0,0,0,nan,nan,nan,nan,nan,nan,nan
23638,1,5,5,0,1,0,0,1071,0,0,0,0,0,0,0,nan,nan,nan,nan,nan,nan,nan
23639,1,5,5,0,1,0,0,1071,0,0,0,0,0,0,0,nan,nan,nan,nan,nan,nan,nan
23640,1,5,5,0,1,0,0,1071,0,0,0,0,0,0,0,nan,nan,nan,nan,nan,nan,nan
23641,1,5,5,0,1,0,0,1071,0,0,0,0,0,0,0,nan,nan,nan,nan,nan,nan,nan
23642,1,5,5,0,1,0,0,1071,0,0,0,0,0,0,0,nan,nan,nan,nan,nan,nan,nan
23643,1,5,5,0,1,0,0,1071,0,0,0,0,0,0,0,nan,nan,nan,nan,nan,nan,nan
23644,1,5,5,0,1,0,0,1071,0,0,0,0,0,0,0,nan,nan,nan,nan,nan,nan,nan
23645,1,5,5,0,1,0,0,1071,0,0,0,0,0,0,0,nan,nan,nan,nan,nan,nan,nan
23646,1,5,5,0,1,0,0,1071,0,0,0,0,0,0,0,nan,nan,nan,nan,nan,nan,nan
23647,1,5,5,0,1,0,0,1071,0,2,0,0,0,0,0,nan,14.74896815234024,nan,nan,nan,nan,nan
23648,1,5,5,0,1,0,1,1071,0,2,0,0,0,1,0,nan,nan,nan,nan,nan,16.941014453452226,nan
23649,1,4,5,0,1,0,1,1071,0,0,0,0,0,0,0,nan,nan,14.008500217565597,21.67158620725968,20.059468934647157,nan,nan
23650,1,4,5,0,1,0,1,1071,0,0,0,0,0,0,0,nan,nan,nan,nan,nan,nan,nan
23651,1,4,5,0,1,0,1,1071,0,0,0,0,0,0,0,nan,nan,nan,nan,nan,nan,nan
23652,1,4,5,0,1,0,1,1071,0,0,0,0,0,0,0,nan,nan,nan,nan,nan,nan,nan
23653,1,4,5,0,1,0,1,1071,0,0,0,0,0,0,0,nan,nan,nan,nan,nan,nan,nan
23654,1,4,5,0,1,0,1,1071,0,0,0,0,0,0,0,nan,nan,nan,nan,nan,nan,nan
23655,1,4,5,0,1,0,0,1072,0,0,0,0,0,0,0,nan,nan,nan,nan,nan,nan,21.913970728364802
23656,1,5,5,0,1,0,0,1072,0,0,0,0,0,0,0,35.68159847396964,nan,nan,nan,nan,nan,nan
23657,1,5,5,0,1,0,0,1072,0,0,0,0,0,0,0,nan,nan,nan,nan,nan,nan,nan
23658,1,5,5,0,1,0,0,1072,0,2,0,0,0,0,0,nan,11.525527699537633,nan,nan,nan,nan,nan
23659,1,5,5,0,1,0,0,1072,0,2,0,0,0,0,0,nan,nan,nan,nan,nan,nan,nan
23660,1,5,5,0,1,0,0,1072,0,2,0,0,0,0,0,nan,nan,nan,nan,nan,nan,nan
23661,1,5,5,0,1,0,0,1072,0,2,0,0,0,0,0,nan,nan,nan,nan,nan,nan,nan
23662,1,5,5,0,1,0,0,1072,0,2,0,0,0,0,0,nan,nan,nan,nan,nan,nan,nan
23663,1,5,5,0,1,0,0,1072,0,2,0,0,0,0,0,nan,nan,nan,nan,nan,nan,nan
23664,1,5,5,0,1,0,0,1072,0,2,0,0,0,0,0,nan,nan,nan,nan,nan,nan,nan
23665,1,5,5,0,0,1,0,1072,0,2,0,0,0,0,0,nan,nan,nan,nan,15.330947424601618,nan,nan
23666,1,5,5,0,1,1,0,1072,0,2,0,1,0,0,0,nan,nan,nan,17.551057248183497,nan,nan,nan
23667,1,5,5,0,1,1,0,1072,0,2,0,1,0,0,0,nan,nan,nan,nan,nan,nan,nan
23668,1,5,5,0,1,1,0,1072,2,2,0,1,0,0,0,11.922102723987337,nan,nan,nan,nan,nan,nan
23669,1,5,5,0,1,1,0,1072,2,2,0,1,0,0,0,nan,nan,nan,nan,nan,nan,nan
23670,1,5,5,0,1,1,0,1072,2,2,0,1,0,0,0,nan,nan,nan,nan,nan,nan,nan
23671,1,5,5,0,1,0,1,1072,2,2,0,1,0,0,0,nan,nan,nan,nan,nan,22.995976114994846,nan
23672,1,5,5,0,1,0,1,1072,0,0,0,0,0,0,0,nan,nan,22.433866707637208,nan,nan,nan,nan
23673,1,5,5,0,1,0,1,1072,0,0,0,0,0,0,0,nan,nan,nan,nan,nan,nan,nan
23674,1,5,5,0,1,0,1,1072,0,0,0,0,0,0,0,nan,nan,nan,nan,nan,nan,nan
23675,1,5,5,0,1,0,1,1072,0,0,0,0,0,0,0,nan,nan,nan,nan,nan,nan,nan
23676,1,5,5,0,1,0,1,1072,0,0,0,0,0,0,0,nan,nan,nan,nan,nan,nan,nan
23677,1,5,5,0,1,0,1,1072,0,0,0,0,0,0,0,nan,nan,nan,nan,nan,nan,nan
23678,1,5,5,0,1,0,1,1072,0,0,0,0,0,0,0,nan,nan,nan,nan,nan,nan,nan
23679,1,5,5,0,1,0,1,1072,0,0,0,0,0,0,0,nan,nan,nan,nan,nan,nan,nan
23680,1,5,5,0,0,1,1,1072,0,0,0,0,0,0,0,nan,nan,nan,nan,14.786618822028686,nan,nan
23681,1,5,5,0,0,1,1,1072,0,0,0,0,0,0,0,nan,nan,nan,nan,nan,nan,nan
23682,1,5,5,0,1,1,0,1073,0,0,0,1,0,0,0,nan,nan,nan,15.439459993838682,nan,nan,27.69883808591476
23683,1,5,5,0,1,1,0,1073,0,0,0,1,0,0,0,nan,nan,nan,nan,nan,nan,nan
23684,1,5,5,0,1,1,0,1073,0,0,0,1,0,0,0,nan,nan,nan,nan,nan,nan,nan
23685,1,5,5,0,1,1,0,1073,0,2,0,1,0,0,0,nan,26.56256461833982,nan,nan,nan,nan,nan
23686,1,5,5,0,1,1,0,1073,0,2,0,1,0,0,0,nan,nan,nan,nan,nan,nan,nan
23687,1,5,5,0,1,1,0,1073,0,2,0,1,0,0,0,nan,nan,nan,nan,nan,nan,nan
23688,1,5,5,0,1,1,0,1073,2,2,0,1,0,0,0,19.557703259361006,nan,nan,nan,nan,nan,nan
23689,1,5,5,0,1,1,0,1073,2,2,0,1,0,0,0,nan,nan,nan,nan,nan,nan,nan
23690,1,5,5,0,1,1,0,1073,2,2,0,1,0,0,0,nan,nan,nan,nan,nan,nan,nan
23691,1,5,5,0,1,0,1,1073,2,2,0,1,0,0,0,nan,nan,nan,nan,nan,20.740823186282796,nan
23692,1,5,5,0,1,0,1,1073,2,2,0,1,0,0,0,nan,nan,nan,nan,nan,nan,nan
23693,1,5,5,0,1,0,1,1073,2,2,0,1,0,0,0,nan,nan,nan,nan,nan,nan,nan
23694,1,5,5,0,1,0,1,1073,2,2,0,1,0,0,0,nan,nan,nan,nan,nan,nan,nan
23695,1,5,5,0,1,0,1,1073,0,0,0,0,0,0,0,nan,nan,23.72960494086874,nan,nan,nan,nan
23696,1,5,5,0,1,0,1,1073,0,0,0,0,0,0,0,nan,nan,nan,nan,nan,nan,nan
23697,1,5,5,0,1,0,1,1073,0,0,0,0,0,0,0,nan,nan,nan,nan,nan,nan,nan
23698,1,5,5,0,1,0,1,1073,0,0,0,0,0,0,0,nan,nan,nan,nan,nan,nan,nan
23699,1,5,5,0,1,0,1,1073,0,0,0,0,0,0,0,nan,nan,nan,nan,nan,nan,nan
23700,1,5,5,0,1,0,1,1073,0,0,0,0,0,0,0,nan,nan,nan,nan,nan,nan,nan
23701,1,5,5,0,1,0,1,1073,0,0,0,0,0,0,0,nan,nan,nan,nan,nan,nan,nan
23702,1,5,5,0,1,0,1,1073,0,0,0,0,0,0,0,nan,nan,nan,nan,nan,nan,nan
23703,1,5,5,0,1,0,1,1073,0,0,0,0,0,0,0,nan,nan,nan,nan,nan,nan,nan
23704,1,5,5,0,1,0,1,1073,0,0,0,0,0,0,0,nan,nan,nan,nan,nan,nan,nan
23705,1,5,5,0,1,0,1,1073,0,0,0,0,0,0,0,nan,nan,nan,nan,nan,nan,nan
23706,1,5,5,0,1,0,1,1073,0,0,0,0,0,0,0,nan,nan,nan,nan,nan,nan,nan
23707,1,5,5,0,1,0,2,1073,0,0,0,0,0,1,0,nan,nan,nan,nan,nan,15.134234211182047,nan
23708,1,5,5,0,1,0,1,1074,0,0,0,1,0,0,0,nan,nan,nan,26.16224385555688,28.09412113516737,nan,25.820320986378647
23709,1,5,5,0,1,0,1,1074,0,2,0,1,0,0,0,nan,24.640913889321382,nan,nan,nan,nan,nan
23710,1,5,5,0,1,0,1,1074,0,2,0,1,0,0,0,nan,nan,nan,nan,nan,nan,nan
23711,1,5,5,0,1,0,1,1074,0,2,0,1,0,0,0,nan,nan,nan,nan,nan,nan,nan
23712,1,5,5,0,1,0,1,1074,0,2,0,1,0,0,0,nan,nan,nan,nan,nan,nan,nan
23713,1,5,5,0,1,0,1,1074,0,2,0,1,0,0,0,nan,nan,nan,nan,nan,nan,nan
23714,1,5,5,0,1,0,1,1074,0,2,0,1,0,0,0,nan,nan,nan,nan,nan,nan,nan
23715,1,5,5,0,1,0,1,1074,0,2,0,1,0,0,0,nan,nan,nan,nan,nan,nan,nan
23716,1,4,5,0,1,0,1,1074,0,0,0,0,0,0,0,nan,nan,20.860166410522652,nan,nan,nan,nan
23717,1,4,5,0,1,0,1,1074,0,0,0,0,0,0,0,nan,nan,nan,nan,nan,nan,nan
23718,1,4,5,0,1,0,1,1074,0,0,0,0,0,0,0,nan,nan,nan,nan,nan,nan,nan
23719,1,4,5,0,1,0,1,1074,0,0,0,0,0,0,0,nan,nan,nan,nan,nan,nan,nan
23720,1,4,5,0,0,1,1,1074,0,0,0,0,0,0,0,nan,nan,nan,nan,12.27390532883146,nan,nan
23721,1,5,5,0,0,1,1,1074,0,0,0,0,0,0,0,32.829063762568694,nan,nan,nan,nan,nan,nan
23722,1,5,5,0,0,1,1,1074,0,0,0,0,0,0,0,nan,nan,nan,nan,nan,nan,nan
23723,1,5,5,0,0,1,1,1074,0,0,0,0,0,0,0,nan,nan,nan,nan,nan,nan,nan
23724,1,5,5,0,0,1,1,1074,0,0,0,0,0,0,0,nan,nan,nan,nan,nan,nan,nan
23725,1,5,5,0,0,1,1,1074,0,0,0,0,0,0,0,nan,nan,nan,nan,nan,nan,nan
23726,1,5,5,0,0,1,1,1074,0,0,0,0,0,0,0,nan,nan,nan,nan,nan,nan,nan
23727,1,5,5,0,0,1,1,1074,0,2,0,0,0,0,0,nan,17.210854364861007,nan,nan,nan,nan,nan
23728,1,5,5,0,0,1,1,1074,0,2,0,0,0,0,0,nan,nan,nan,nan,nan,nan,nan
23729,1,5,5,0,0,1,1,1074,0,2,0,0,0,0,0,nan,nan,nan,nan,nan,nan,nan
23730,1,5,5,0,0,0,2,1074,0,2,0,0,0,0,0,nan,nan,nan,nan,nan,23.47147045001475,nan
23731,1,4,5,1,0,0,2,1074,0,0,0,0,0,0,0,nan,nan,14.761256164118095,nan,nan,nan,nan
23732,1,4,5,1,0,0,2,1074,0,0,0,0,0,0,0,nan,nan,nan,nan,nan,nan,nan
23733,1,4,5,1,0,0,2,1074,0,0,0,0,0,0,0,nan,nan,nan,nan,nan,nan,nan
23734,1,4,5,1,0,0,1,1075,0,0,0,0,0,0,0,nan,nan,nan,nan,nan,nan,25.850240640127595
23735,1,4,5,1,0,0,1,1075,0,0,0,0,0,0,0,nan,nan,nan,nan,nan,nan,nan
23736,1,4,5,1,0,0,1,1075,0,0,0,0,0,0,0,nan,nan,nan,nan,nan,nan,nan
23737,1,4,5,1,0,0,1,1075,0,0,0,0,0,0,0,nan,nan,nan,nan,nan,nan,nan
23738,1,4,5,1,0,0,1,1075,0,0,0,0,0,0,0,nan,nan,nan,nan,nan,nan,nan
23739,1,4,5,1,0,0,1,1075,0,0,0,0,0,0,0,nan,nan,nan,nan,nan,nan,nan
23740,1,4,5,1,0,0,1,1075,0,0,0,0,0,0,0,nan,nan,nan,nan,nan,nan,nan
23741,1,4,5,1,0,0,1,1075,0,0,0,0,0,0,0,nan,nan,nan,nan,nan,nan,nan
23742,1,4,5,1,0,0,1,1075,0,0,0,0,0,0,0,nan,nan,nan,nan,nan,nan,nan
23743,1,4,5,1,0,0,1,1075,0,0,0,0,0,0,0,nan,nan,nan,nan,nan,nan,nan
23744,1,4,5,0,1,0,1,1075,0,0,0,0,0,0,0,nan,nan,nan,36.356460865335976,nan,nan,nan
23745,1,4,5,0,1,0,1,1075,0,0,0,0,0,0,0,nan,nan,nan,nan,nan,nan,nan
23746,1,4,5,0,1,0,1,1075,0,0,0,0,0,0,0,nan,nan,nan,nan,nan,nan,nan
23747,1,4,5,0,1,0,1,1075,0,0,0,0,0,0,0,nan,nan,nan,nan,nan,nan,nan
23748,1,4,5,0,1,0,2,1075,0,0,0,0,0,1,0,nan,nan,nan,nan,nan,17.67003351470339,nan
23749,1,4,5,0,1,0,1,1076,0,0,0,0,0,1,0,nan,nan,nan,nan,nan,nan,14.602714752018073
23750,1,4,5,0,1,0,1,1076,0,0,0,0,0,1,0,nan,nan,nan,nan,nan,nan,nan
23751,1,4,5,0,1,0,1,1076,0,0,0,0,0,1,0,nan,nan,nan,nan,nan,nan,nan
23752,1,5,5,0,1,0,1,1076,0,0,0,0,0,1,0,31.456521932181204,nan,nan,nan,nan,nan,nan
23753,1,4,5,1,1,0,1,1076,0,0,0,0,0,1,0,nan,26.311110906775866,22.402662609747495,nan,nan,nan,nan
23754,1,4,5,1,0,0,1,1076,0,0,0,0,0,0,0,nan,nan,nan,nan,34.01917956097168,nan,nan
23755,1,4,5,0,1,0,1,1076,0,0,0,0,0,0,0,nan,nan,nan,10.20622635147447,nan,nan,nan
23756,1,4,5,0,1,0,1,1076,0,0,0,0,0,0,0,nan,nan,nan,nan,nan,nan,nan
23757,1,4,5,0,1,0,1,1076,0,0,0,0,0,0,0,nan,nan,nan,nan,nan,nan,nan
23758,1,4,5,0,1,0,1,1076,0,0,0,0,0,0,0,nan,nan,nan,nan,nan,nan,nan
23759,1,4,5,0,1,0,1,1076,0,0,0,0,0,0,0,nan,nan,nan,nan,nan,nan,nan
23760,1,4,5,0,1,0,1,1076,0,0,0,0,0,0,0,nan,nan,nan,nan,nan,nan,nan
23761,1,4,5,0,1,0,1,1076,0,0,0,0,0,0,0,nan,nan,nan,nan,nan,nan,nan
23762,1,4,5,0,1,0,1,1076,0,0,0,0,0,0,0,nan,nan,nan,nan,nan,nan,nan
23763,1,4,5,0,1,0,1,1076,0,0,0,0,0,0,0,nan,nan,nan,nan,nan,nan,nan
23764,1,4,5,0,1,0,0,1077,0,0,0,0,0,0,0,nan,nan,nan,nan,nan,nan,15.524587422834884
23765,1,4,5,0,1,0,0,1077,0,0,0,0,0,0,0,nan,nan,nan,nan,nan,nan,nan
23766,1,4,5,0,1,0,1,1077,0,0,0,0,0,1,0,nan,nan,nan,nan,nan,18.61931902674405,nan
23767,1,4,5,0,1,0,1,1077,0,0,0,0,0,1,0,nan,nan,nan,nan,nan,nan,nan
23768,1,4,5,0,1,0,1,1077,0,0,0,0,0,1,0,nan,nan,nan,nan,nan,nan,nan
23769,1,4,5,0,1,0,1,1077,0,0,0,0,0,1,0,nan,nan,nan,nan,nan,nan,nan
23770,1,4,5,0,0,0,1,1077,0,0,0,0,0,0,0,nan,nan,nan,nan,15.746343293114478,nan,nan
23771,1,4,5,0,0,0,1,1077,0,2,0,0,0,0,0,nan,18.194300917446526,nan,nan,nan,nan,nan
23772,1,4,5,0,0,0,1,1077,0,2,0,0,0,0,0,nan,nan,nan,nan,nan,nan,nan
23773,1,4,5,0,0,0,1,1077,0,2,0,0,0,0,0,nan,nan,nan,nan,nan,nan,nan
23774,1,3,5,1,0,0,1,1077,0,0,0,0,0,0,0,nan,nan,21.142314289081696,nan,nan,nan,nan
23775,1,4,5,1,0,0,1,1077,0,0,0,0,0,0,0,23.24348131061197,nan,nan,nan,nan,nan,nan
23776,1,4,5,1,0,0,1,1077,0,0,0,0,0,0,0,nan,nan,nan,nan,nan,nan,nan
23777,1,4,5,1,0,0,1,1077,0,0,0,0,0,0,0,nan,nan,nan,nan,nan,nan,nan
23778,1,4,5,1,0,0,0,1078,0,0,0,0,0,0,0,nan,nan,nan,nan,nan,nan,13.723409872098273
23779,1,4,5,1,0,0,0,1078,0,0,0,0,0,0,0,nan,nan,nan,nan,nan,nan,nan
23780,1,4,5,1,0,0,0,1078,0,0,0,0,0,0,0,nan,nan,nan,nan,nan,nan,nan
23781,1,4,5,1,0,0,0,1078,0,0,0,0,0,0,0,nan,nan,nan,nan,nan,nan,nan
23782,1,4,5,1,0,0,0,1078,0,0,0,0,0,0,0,nan,nan,nan,nan,nan,nan,nan
23783,1,4,5,0,1,0,0,1078,0,0,0,0,0,0,0,nan,nan,nan,28.283787759792176,nan,nan,nan
23784,1,4,5,0,0,1,0,1078,0,0,0,0,0,0,0,nan,nan,nan,nan,13.974549696606118,nan,nan
23785,1,4,5,0,0,1,0,1078,0,0,0,0,0,0,0,nan,nan,nan,nan,nan,nan,nan
23786,1,4,5,0,0,1,0,1078,0,0,0,0,0,0,0,nan,nan,nan,nan,nan,nan,nan
23787,1,4,5,0,0,1,0,1078,0,0,0,0,0,0,0,nan,nan,nan,nan,nan,nan,nan
23788,1,4,5,0,0,1,0,1078,0,0,0,0,0,0,0,nan,nan,nan,nan,nan,nan,nan
23789,1,4,5,0,0,1,0,1079,0,0,0,0,0,0,1,nan,nan,nan,nan,nan,nan,10.82267021089865
23790,1,4,5,0,0,0,0,1079,0,0,0,0,0,0,0,nan,nan,nan,nan,nan,23.279866856551962,nan
23791,1,4,5,0,0,0,0,1079,0,0,0,0,0,0,0,nan,nan,nan,nan,nan,nan,nan
23792,1,5,4,1,0,0,0,1079,0,0,0,0,0,0,0,16.522785296383518,nan,17.35279640866065,nan,nan,nan,nan
23793,1,5,4,1,0,0,0,1079,0,0,0,0,0,0,0,nan,nan,nan,nan,nan,nan,nan
23794,1,5,4,1,0,0,0,1079,0,0,0,0,0,0,0,nan,nan,nan,nan,nan,nan,nan
23795,1,4,5,1,0,0,0,1079,0,0,0,0,0,0,0,nan,23.41103432457021,nan,nan,nan,nan,nan
23796,1,4,5,1,0,0,0,1079,0,0,0,0,0,0,0,nan,nan,nan,nan,nan,nan,nan
23797,1,4,5,1,0,0,0,1079,0,0,0,0,0,0,0,nan,nan,nan,nan,nan,nan,nan
23798,1,4,5,0,0,1,0,1079,0,0,0,0,0,0,0,nan,nan,nan,14.758264423016954,14.130863978727575,nan,nan
23799,1,4,5,0,0,1,0,1079,0,0,0,0,0,0,0,nan,nan,nan,nan,nan,nan,nan
23800,1,4,5,0,0,1,0,1079,0,0,0,0,0,0,0,nan,nan,nan,nan,nan,nan,nan
23801,1,4,5,0,0,1,0,1079,0,0,0,0,0,0,0,nan,nan,nan,nan,nan,nan,nan
23802,1,4,5,0,0,1,0,1079,0,0,0,0,0,0,0,nan,nan,nan,nan,nan,nan,nan
23803,1,4,5,0,0,1,0,1079,0,0,0,0,0,0,0,nan,nan,nan,nan,nan,nan,nan
23804,1,4,5,0,0,1,0,1079,0,0,0,0,0,0,0,nan,nan,nan,nan,nan,nan,nan
23805,1,4,5,0,0,1,0,1080,0,0,0,0,0,0,1,nan,nan,nan,nan,nan,nan,16.63655948141968
23806,1,5,5,0,0,0,0,1080,0,0,0,0,0,0,0,14.576612017066509,nan,nan,nan,nan,16.605427283295285,nan
23807,1,5,5,0,0,0,0,1080,0,0,0,0,0,0,0,nan,nan,nan,nan,nan,nan,nan
23808,1,5,5,0,0,0,0,1080,0,0,0,0,0,0,0,nan,nan,nan,nan,nan,nan,nan
23809,1,5,5,0,0,0,0,1080,0,2,0,0,0,0,0,nan,14.333981911044248,nan,nan,nan,nan,nan
23810,1,4,5,1,0,0,0,1080,0,0,0,0,0,0,0,nan,nan,18.40940970052543,nan,nan,nan,nan
23811,1,4,5,1,0,0,0,1080,0,0,0,0,0,0,0,nan,nan,nan,nan,nan,nan,nan
23812,1,4,5,0,1,0,0,1080,0,0,0,0,0,0,0,nan,nan,nan,14.730213534861832,nan,nan,nan
23813,1,4,5,0,1,0,0,1080,0,0,0,0,0,0,0,nan,nan,nan,nan,nan,nan,nan
23814,1,4,5,0,1,0,0,1080,0,0,0,0,0,0,0,nan,nan,nan,nan,nan,nan,nan
23815,1,4,5,0,1,0,0,1080,0,0,0,0,0,0,0,nan,nan,nan,nan,nan,nan,nan
23816,1,4,5,0,1,0,0,1080,0,0,0,0,0,0,0,nan,nan,nan,nan,nan,nan,nan
23817,1,4,5,0,1,0,0,1080,0,0,0,0,0,0,0,nan,nan,nan,nan,nan,nan,nan
23818,1,4,5,0,1,0,0,1080,0,0,0,0,0,0,0,nan,nan,nan,nan,nan,nan,nan
23819,1,4,5,0,1,0,0,1080,0,0,0,0,0,0,0,nan,nan,nan,nan,nan,nan,nan
23820,1,4,5,0,1,0,0,1080,0,0,0,0,0,0,0,nan,nan,nan,nan,nan,nan,nan
23821,1,4,5,0,1,0,0,1080,0,0,0,0,0,0,0,nan,nan,nan,nan,nan,nan,nan
23822,1,4,5,0,1,0,0,1081,0,0,0,0,0,0,1,nan,nan,nan,nan,nan,nan,17.04228476737262
23823,1,4,5,0,1,0,0,1081,0,0,0,0,0,0,1,nan,nan,nan,nan,nan,nan,nan
23824,1,4,5,0,1,0,0,1081,0,0,0,0,0,0,1,nan,nan,nan,nan,nan,nan,nan
23825,1,4,5,0,0,1,0,1081,0,0,0,0,0,0,1,nan,nan,nan,nan,26.83523182882709,nan,nan
23826,1,4,5,0,0,1,0,1081,0,0,0,0,0,0,1,nan,nan,nan,nan,nan,nan,nan
23827,1,4,5,0,0,1,0,1081,0,0,0,0,0,0,1,nan,nan,nan,nan,nan,nan,nan
23828,1,4,5,0,0,1,0,1081,0,0,0,0,0,0,1,nan,nan,nan,nan,nan,nan,nan
23829,1,4,4,1,0,0,0,1081,0,0,0,0,0,0,0,nan,nan,18.92598035543415,nan,nan,22.452692968101474,nan
23830,1,4,4,1,0,0,0,1081,0,0,0,0,0,0,0,nan,nan,nan,nan,nan,nan,nan
23831,1,5,4,1,0,0,0,1081,0,0,0,0,0,0,0,24.595608145238657,nan,nan,nan,nan,nan,nan
23832,1,4,5,1,0,0,0,1081,0,0,0,0,0,0,0,nan,23.422966666457796,nan,nan,nan,nan,nan
23833,1,4,5,0,1,0,0,1081,0,0,0,0,0,0,0,nan,nan,nan,20.871073654601787,nan,nan,nan
23834,1,4,5,0,1,0,0,1081,0,0,0,0,0,0,0,nan,nan,nan,nan,nan,nan,nan
23835,1,4,5,0,1,0,0,1081,0,0,0,0,0,0,0,nan,nan,nan,nan,nan,nan,nan
23836,1,4,5,0,1,0,0,1081,0,0,0,0,0,0,0,nan,nan,nan,nan,nan,nan,nan
23837,1,4,5,0,0,1,0,1081,0,0,0,0,0,0,0,nan,nan,nan,nan,12.5096098803333,nan,nan
23838,1,4,5,0,0,1,0,1081,0,0,0,0,0,0,0,nan,nan,nan,nan,nan,nan,nan
23839,1,4,5,0,0,1,0,1081,0,0,0,0,0,0,0,nan,nan,nan,nan,nan,nan,nan
23840,1,4,5,0,0,1,0,1081,0,0,0,0,0,0,0,nan,nan,nan,nan,nan,nan,nan
23841,1,4,5,0,0,1,0,1081,0,0,0,0,0,0,0,nan,nan,nan,nan,nan,nan,nan
23842,1,4,5,0,0,1,0,1081,0,0,0,0,0,0,0,nan,nan,nan,nan,nan,nan,nan
23843,1,4,5,0,0,1,0,1081,0,0,0,0,0,0,0,nan,nan,nan,nan,nan,nan,nan
23844,1,4,5,0,0,1,0,1081,0,0,0,0,0,0,0,nan,nan,nan,nan,nan,nan,nan
23845,1,4,5,0,0,1,0,1081,0,0,0,0,0,0,0,nan,nan,nan,nan,nan,nan,nan
23846,1,5,5,0,0,1,0,1081,0,0,0,0,0,0,0,14.71470694857635,nan,nan,nan,nan,nan,nan
23847,1,5,5,0,0,1,1,1081,0,0,0,0,1,0,0,nan,nan,nan,nan,9.646963113878883,18.864865219915373,nan
23848,1,5,5,0,0,1,1,1081,0,0,0,1,0,0,0,nan,nan,nan,15.250523112466908,nan,nan,nan
23849,1,5,5,0,0,1,0,1082,0,0,0,1,0,0,0,nan,nan,nan,nan,nan,nan,26.35902618052569
23850,1,5,5,0,0,1,0,1082,0,0,0,1,0,0,0,nan,nan,nan,nan,nan,nan,nan
23851,1,5,5,0,0,1,0,1082,0,0,0,1,0,0,0,nan,nan,nan,nan,nan,nan,nan
23852,1,5,5,0,0,1,0,1082,0,0,0,1,0,0,0,nan,nan,nan,nan,nan,nan,nan
23853,1,5,5,0,0,1,0,1082,0,0,0,1,0,0,0,nan,nan,nan,nan,nan,nan,nan
23854,1,5,5,0,0,1,0,1082,0,2,0,1,0,0,0,nan,21.683931303123245,nan,nan,nan,nan,nan
23855,1,5,5,0,0,1,0,1082,0,2,0,1,0,0,0,nan,nan,nan,nan,nan,nan,nan
23856,1,5,5,0,0,1,0,1082,0,2,0,1,0,0,0,nan,nan,nan,nan,nan,nan,nan
23857,1,5,5,0,0,1,0,1082,0,2,0,1,0,0,0,nan,nan,nan,nan,nan,nan,nan
23858,1,5,5,0,0,1,0,1082,0,2,0,1,0,0,0,nan,nan,nan,nan,nan,nan,nan
23859,1,5,5,0,0,1,0,1082,0,2,0,1,0,0,0,nan,nan,nan,nan,nan,nan,nan
23860,1,5,5,0,0,2,0,1082,0,2,0,1,1,0,0,nan,nan,nan,nan,13.434382122748502,nan,nan
23861,1,5,5,0,0,2,0,1083,0,2,0,1,1,0,1,nan,nan,nan,nan,nan,nan,12.695577703569143
23862,1,5,5,0,0,2,0,1083,0,2,0,1,1,0,1,nan,nan,nan,nan,nan,nan,nan
23863,1,5,5,0,0,2,0,1083,0,2,0,1,1,0,1,nan,nan,nan,nan,nan,nan,nan
23864,1,5,5,0,0,2,0,1083,0,2,0,1,1,0,1,nan,nan,nan,nan,nan,nan,nan
23865,1,5,5,0,0,2,0,1083,0,2,0,1,1,0,1,nan,nan,nan,nan,nan,nan,nan
23866,1,5,5,0,0,2,0,1083,0,2,0,1,1,0,1,nan,nan,nan,nan,nan,nan,nan
23867,1,5,5,0,0,2,0,1083,2,2,0,1,1,0,1,21.20320165679732,nan,nan,nan,nan,nan,nan
23868,1,5,5,0,0,2,0,1083,2,2,0,1,1,0,1,nan,nan,nan,nan,nan,nan,nan
23869,1,5,5,0,0,2,0,1083,2,2,0,1,1,0,1,nan,nan,nan,nan,nan,nan,nan
23870,1,5,5,0,0,2,0,1083,2,2,0,1,1,0,1,nan,nan,nan,nan,nan,nan,nan
23871,1,5,5,0,0,2,0,1083,2,2,0,1,1,0,1,nan,nan,nan,nan,nan,nan,nan
23872,1,5,5,0,0,2,0,1083,2,2,0,1,1,0,1,nan,nan,nan,nan,nan,nan,nan
23873,1,5,5,0,0,2,0,1083,2,2,0,1,1,0,1,nan,nan,nan,nan,nan,nan,nan
23874,1,5,5,0,0,2,0,1083,2,2,0,1,1,0,1,nan,nan,nan,nan,nan,nan,nan
23875,1,5,5,0,0,2,0,1083,2,2,0,1,1,0,1,nan,nan,nan,nan,nan,nan,nan
23876,1,5,5,0,0,2,0,1083,2,2,0,1,1,0,1,nan,nan,nan,nan,nan,nan,nan
23877,1,5,5,0,0,2,0,1083,2,2,0,1,1,0,1,nan,nan,nan,nan,nan,nan,nan
23878,1,5,5,0,0,2,0,1083,2,2,0,1,1,0,1,nan,nan,nan,nan,nan,nan,nan
23879,1,5,5,0,0,2,0,1083,2,2,0,1,1,0,1,nan,nan,nan,nan,nan,nan,nan
23880,1,5,5,0,0,1,0,1083,2,2,0,1,1,0,0,nan,nan,nan,nan,nan,32.552766458757105,nan
23881,1,5,5,0,0,1,0,1083,2,2,0,1,1,0,0,nan,nan,nan,nan,nan,nan,nan
23882,1,5,5,0,0,1,0,1083,0,0,0,0,1,0,0,nan,nan,52.90785398193111,nan,nan,nan,nan
23883,1,5,5,0,0,1,0,1083,0,0,0,0,1,0,0,nan,nan,nan,nan,nan,nan,nan
23884,1,5,5,0,0,1,0,1083,0,0,0,0,1,0,0,nan,nan,nan,nan,nan,nan,nan
23885,1,5,5,0,0,1,0,1083,0,0,0,0,1,0,0,nan,nan,nan,nan,nan,nan,nan
23886,1,5,5,0,0,1,0,1083,0,0,0,0,1,0,0,nan,nan,nan,nan,nan,nan,nan
23887,1,5,5,0,0,1,0,1083,0,0,0,0,1,0,0,nan,nan,nan,nan,nan,nan,nan
23888,1,5,5,0,0,1,0,1083,0,0,0,0,1,0,0,nan,nan,nan,nan,nan,nan,nan
23889,1,5,5,0,0,1,0,1083,0,0,0,0,1,0,0,nan,nan,nan,nan,nan,nan,nan
23890,1,5,5,0,0,1,0,1083,0,0,0,0,1,0,0,nan,nan,nan,nan,nan,nan,nan
23891,1,5,5,0,0,1,0,1083,0,0,0,0,1,0,0,nan,nan,nan,nan,nan,nan,nan
23892,1,5,5,0,0,1,0,1083,0,0,0,0,1,0,0,nan,nan,nan,nan,nan,nan,nan
23893,1,5,5,0,0,1,0,1083,0,0,0,0,1,0,0,nan,nan,nan,nan,nan,nan,nan
23894,1,5,5,0,0,1,0,1083,0,0,0,0,1,0,0,nan,nan,nan,nan,nan,nan,nan
23895,1,5,5,0,0,0,1,1083,0,2,0,1,0,0,0,nan,40.667895054884866,nan,46.64543434251027,nan,14.855548220941273,nan
23896,1,5,5,0,0,0,0,1084,0,2,0,1,0,0,0,nan,nan,nan,nan,nan,nan,34.50492896883952
23897,1,5,5,0,0,0,0,1084,0,2,0,1,0,0,0,nan,nan,nan,nan,nan,nan,nan
23898,1,5,5,0,0,0,0,1084,0,2,0,1,0,0,0,nan,nan,nan,nan,nan,nan,nan
23899,1,5,5,0,0,0,0,1084,0,2,0,1,0,0,0,nan,nan,nan,nan,nan,nan,nan
23900,1,5,5,0,0,0,0,1084,0,2,0,1,0,0,0,nan,nan,nan,nan,nan,nan,nan
23901,1,5,5,0,0,0,0,1084,0,2,0,1,0,0,0,nan,nan,nan,nan,nan,nan,nan
23902,1,5,5,0,0,0,0,1084,0,2,0,1,0,0,0,nan,nan,nan,nan,nan,nan,nan
23903,1,5,5,0,0,0,0,1084,0,2,0,1,0,0,0,nan,nan,nan,nan,nan,nan,nan
23904,1,5,5,0,0,0,0,1084,0,2,0,1,0,0,0,nan,nan,nan,nan,nan,nan,nan
23905,1,5,5,0,0,0,0,1084,2,2,0,1,0,0,0,37.813879133471346,nan,nan,nan,nan,nan,nan
23906,1,5,5,0,0,0,0,1084,2,2,0,1,0,0,0,nan,nan,nan,nan,nan,nan,nan
23907,1,5,5,0,0,0,1,1084,2,2,0,1,1,0,0,nan,nan,nan,nan,46.498485753192654,11.916681748232804,nan
23908,1,5,5,0,0,0,1,1084,2,2,0,1,1,0,0,nan,nan,nan,nan,nan,nan,nan
23909,1,5,5,0,0,0,1,1084,0,0,0,0,1,0,0,nan,nan,27.127977940050187,nan,nan,nan,nan
23910,1,5,5,0,0,0,0,1085,0,0,0,0,1,0,0,nan,nan,nan,nan,nan,nan,14.539050654449966
23911,1,5,5,0,0,0,0,1085,0,0,0,0,1,0,0,nan,nan,nan,nan,nan,nan,nan
23912,1,5,5,0,0,0,0,1085,0,0,0,0,1,0,0,nan,nan,nan,nan,nan,nan,nan
23913,1,5,5,0,0,0,0,1085,0,0,0,0,1,0,0,nan,nan,nan,nan,nan,nan,nan
23914,1,5,5,0,0,0,0,1085,0,0,0,0,1,0,0,nan,nan,nan,nan,nan,nan,nan
23915,1,5,5,0,0,0,0,1085,0,0,0,0,1,0,0,nan,nan,nan,nan,nan,nan,nan
23916,1,5,5,0,0,0,0,1085,0,0,0,0,1,0,0,nan,nan,nan,nan,nan,nan,nan
23917,1,5,5,0,0,0,0,1085,0,0,0,0,1,0,0,nan,nan,nan,nan,nan,nan,nan
23918,1,5,5,0,0,0,0,1085,0,0,0,0,1,0,0,nan,nan,nan,nan,nan,nan,nan
23919,1,5,5,0,0,0,0,1085,0,0,0,0,1,0,0,nan,nan,nan,nan,nan,nan,nan
23920,1,5,5,0,0,0,0,1085,0,0,0,0,1,0,0,nan,nan,nan,nan,nan,nan,nan
23921,1,5,5,0,0,0,0,1085,0,0,0,0,1,0,0,nan,nan,nan,nan,nan,nan,nan
23922,1,5,5,0,0,0,0,1085,0,0,0,0,1,0,0,nan,nan,nan,nan,nan,nan,nan
23923,1,5,5,0,0,0,0,1085,0,2,0,0,1,0,0,nan,28.859317616312183,nan,nan,nan,nan,nan
23924,1,5,5,0,0,0,0,1085,2,2,0,0,1,0,0,19.773759690091538,nan,nan,nan,nan,nan,nan
23925,1,5,5,0,0,0,0,1085,2,2,0,0,1,0,0,nan,nan,nan,nan,nan,nan,nan
23926,1,5,5,0,0,0,0,1085,2,2,0,0,1,0,0,nan,nan,nan,nan,nan,nan,nan
23927,1,5,5,0,0,0,0,1085,2,2,0,0,1,0,0,nan,nan,nan,nan,nan,nan,nan
23928,1,5,5,0,0,0,0,1085,2,2,0,0,1,0,0,nan,nan,nan,nan,nan,nan,nan
23929,1,5,5,0,0,0,0,1085,2,2,0,1,0,0,0,nan,nan,nan,34.37363030224151,nan,nan,nan
23930,1,5,5,0,0,0,0,1085,2,2,0,1,0,0,0,nan,nan,nan,nan,nan,nan,nan
23931,1,5,5,0,0,0,0,1085,2,2,0,1,0,0,0,nan,nan,nan,nan,nan,nan,nan
23932,1,5,5,0,0,0,0,1085,2,2,0,1,0,0,0,nan,nan,nan,nan,nan,nan,nan
23933,1,5,5,0,0,0,0,1085,2,2,0,1,0,0,0,nan,nan,nan,nan,nan,nan,nan
23934,1,5,5,0,0,0,0,1085,2,2,0,1,0,0,0,nan,nan,nan,nan,nan,nan,nan
23935,1,5,5,0,0,0,1,1085,2,2,0,1,0,1,0,nan,nan,nan,nan,nan,28.00039218772872,nan
23936,1,5,5,0,0,0,1,1085,0,0,0,0,0,1,0,nan,nan,26.613530639213423,nan,nan,nan,nan
23937,1,5,5,0,0,0,1,1085,0,0,0,0,0,1,0,nan,nan,nan,nan,nan,nan,nan
23938,1,5,5,0,0,0,1,1085,0,0,0,0,0,1,0,nan,nan,nan,nan,nan,nan,nan
23939,1,5,5,0,0,0,1,1085,0,0,0,0,0,1,0,nan,nan,nan,nan,nan,nan,nan
23940,1,5,5,0,0,0,1,1085,0,0,0,0,0,1,0,nan,nan,nan,nan,nan,nan,nan
23941,1,5,5,0,0,0,1,1085,0,0,0,0,0,1,0,nan,nan,nan,nan,nan,nan,nan
23942,1,5,5,0,0,0,1,1085,0,0,0,0,0,1,0,nan,nan,nan,nan,nan,nan,nan
23943,1,5,5,0,0,0,1,1085,0,0,0,0,0,1,0,nan,nan,nan,nan,nan,nan,nan
23944,1,5,5,0,0,0,1,1085,0,0,0,0,0,1,0,nan,nan,nan,nan,nan,nan,nan
23945,1,5,5,0,0,0,1,1085,0,0,0,0,0,1,0,nan,nan,nan,nan,nan,nan,nan
23946,1,5,5,0,0,0,1,1085,0,0,0,0,0,1,0,nan,nan,nan,nan,nan,nan,nan
23947,1,5,5,0,0,0,0,1086,0,0,0,0,0,1,0,nan,nan,nan,nan,nan,nan,36.798818254967046
23948,1,5,5,0,0,0,0,1086,0,0,0,0,1,0,0,nan,nan,nan,nan,41.61172071950932,nan,nan
23949,1,5,5,0,0,0,0,1086,2,0,0,0,1,0,0,24.251063846819306,nan,nan,nan,nan,nan,nan
23950,1,5,5,0,0,0,0,1086,2,0,0,0,1,0,0,nan,nan,nan,nan,nan,nan,nan
23951,1,5,5,0,0,0,0,1086,2,0,0,0,1,0,0,nan,nan,nan,nan,nan,nan,nan
23952,1,5,5,0,0,0,0,1086,2,0,0,0,1,0,0,nan,nan,nan,nan,nan,nan,nan
23953,1,5,5,0,0,0,0,1086,2,0,0,0,1,0,0,nan,nan,nan,nan,nan,nan,nan
23954,1,5,4,1,0,0,0,1086,2,0,0,0,1,0,0,nan,nan,18.34456534275523,nan,nan,nan,nan
23955,1,5,5,0,0,0,0,1086,0,0,0,0,0,0,0,nan,31.549210629116715,nan,25.1139310300714,nan,nan,nan
23956,1,5,5,0,0,0,0,1086,0,0,0,0,0,0,0,nan,nan,nan,nan,nan,nan,nan
23957,1,5,5,0,0,0,0,1086,0,0,0,0,0,0,0,nan,nan,nan,nan,nan,nan,nan
23958,1,5,5,0,0,0,0,1086,0,0,0,0,0,0,0,nan,nan,nan,nan,nan,nan,nan
23959,1,5,5,0,0,0,0,1086,0,0,0,0,0,0,0,nan,nan,nan,nan,nan,nan,nan
23960,1,5,5,0,0,0,0,1087,0,0,0,0,0,0,1,nan,nan,nan,nan,nan,nan,13.064768526077387
23961,1,5,5,0,0,0,0,1087,0,0,0,0,0,0,1,nan,nan,nan,nan,nan,nan,nan
23962,1,5,5,0,0,0,0,1087,0,0,0,0,0,0,1,nan,nan,nan,nan,nan,nan,nan
23963,1,5,5,0,0,0,0,1087,0,0,0,0,0,0,1,nan,nan,nan,nan,nan,nan,nan
23964,1,5,5,0,0,0,0,1087,0,0,0,0,0,0,1,nan,nan,nan,nan,nan,nan,nan
23965,1,5,5,0,0,0,0,1087,0,2,0,0,0,0,1,nan,9.983589496489003,nan,nan,nan,nan,nan
23966,1,5,5,0,0,0,0,1087,0,2,0,0,0,1,0,nan,nan,nan,nan,nan,31.204587520333007,nan
23967,1,5,5,0,0,0,0,1087,2,2,0,0,0,1,0,18.716811751746718,nan,nan,nan,nan,nan,nan
23968,1,5,5,0,1,0,0,1087,2,2,0,1,0,1,0,nan,nan,nan,13.457889041586895,nan,nan,nan
23969,1,5,5,0,1,0,0,1087,2,2,0,1,0,1,0,nan,nan,nan,nan,nan,nan,nan
23970,1,5,5,0,0,0,0,1087,0,0,0,0,0,0,0,nan,nan,15.587033156436519,nan,21.640107853618247,nan,nan
23971,1,5,5,0,0,0,0,1087,0,0,0,0,0,0,0,nan,nan,nan,nan,nan,nan,nan
23972,1,5,5,0,0,0,0,1087,0,0,0,0,0,0,0,nan,nan,nan,nan,nan,nan,nan
23973,1,5,5,0,0,0,0,1087,0,0,0,0,0,0,0,nan,nan,nan,nan,nan,nan,nan
23974,1,5,5,0,0,0,0,1087,0,0,0,0,0,0,0,nan,nan,nan,nan,nan,nan,nan
23975,1,5,5,0,0,0,0,1087,0,0,0,0,0,0,0,nan,nan,nan,nan,nan,nan,nan
23976,1,5,5,0,0,0,0,1087,0,0,0,0,0,0,0,nan,nan,nan,nan,nan,nan,nan
23977,1,5,5,0,0,0,0,1087,0,0,0,0,0,0,0,nan,nan,nan,nan,nan,nan,nan
23978,1,5,5,0,0,0,0,1087,0,0,0,0,0,0,0,nan,nan,nan,nan,nan,nan,nan
23979,1,5,5,0,0,0,0,1087,0,0,0,0,0,0,0,nan,nan,nan,nan,nan,nan,nan
23980,1,5,5,0,0,0,0,1087,0,0,0,0,0,0,0,nan,nan,nan,nan,nan,nan,nan
23981,1,5,5,0,0,0,0,1087,0,0,0,0,0,0,0,nan,nan,nan,nan,nan,nan,nan
23982,1,5,5,0,0,1,0,1087,0,0,0,0,1,0,0,nan,nan,nan,nan,12.33876443886038,nan,nan
23983,1,5,5,0,0,1,0,1087,0,0,0,0,1,0,0,nan,nan,nan,nan,nan,nan,nan
23984,1,5,5,0,0,0,1,1087,0,0,0,0,1,0,0,nan,nan,nan,nan,nan,18.15447143137135,nan
23985,1,4,5,1,0,0,0,1088,0,0,0,0,1,0,0,nan,19.76527789267493,15.388578448622866,nan,nan,nan,24.368826092562813
23986,1,5,5,1,0,0,0,1088,0,0,0,0,1,0,0,18.73665436157171,nan,nan,nan,nan,nan,nan
23987,1,5,5,1,0,0,0,1088,0,0,0,0,1,0,0,nan,nan,nan,nan,nan,nan,nan
23988,1,5,5,1,0,0,0,1088,0,0,0,0,1,0,0,nan,nan,nan,nan,nan,nan,nan
23989,1,5,5,1,0,0,0,1088,0,0,0,0,1,0,0,nan,nan,nan,nan,nan,nan,nan
23990,1,5,5,1,0,0,0,1088,0,0,0,0,1,0,0,nan,nan,nan,nan,nan,nan,nan
23991,1,5,5,1,0,0,0,1088,0,0,0,0,1,0,0,nan,nan,nan,nan,nan,nan,nan
23992,1,5,5,1,0,0,0,1088,0,0,0,0,1,0,0,nan,nan,nan,nan,nan,nan,nan
23993,1,5,5,1,0,0,0,1088,0,0,0,0,1,0,0,nan,nan,nan,nan,nan,nan,nan
23994,1,5,5,1,0,0,0,1088,0,0,0,0,1,0,0,nan,nan,nan,nan,nan,nan,nan
23995,1,5,5,1,0,0,0,1088,0,0,0,0,1,0,0,nan,nan,nan,nan,nan,nan,nan
23996,1,5,5,1,0,0,0,1088,0,0,0,0,1,0,0,nan,nan,nan,nan,nan,nan,nan
23997,1,5,5,1,0,0,1,1088,0,0,0,0,1,1,0,nan,nan,nan,nan,nan,12.456991423354339,nan
23998,1,5,5,1,0,0,1,1088,0,0,0,0,1,1,0,nan,nan,nan,nan,nan,nan,nan
23999,1,5,5,1,0,0,0,1089,0,0,0,0,1,1,0,nan,nan,nan,nan,nan,nan,13.889429335435125
24000,1,5,5,1,0,0,0,1089,0,0,0,0,1,1,0,nan,nan,nan,nan,nan,nan,nan
24001,1,5,5,1,0,0,0,1089,0,2,0,0,1,1,0,nan,16.585477185013588,nan,nan,nan,nan,nan
24002,1,5,5,0,0,0,0,1089,0,2,0,0,0,1,0,nan,nan,nan,34.28730682659443,nan,nan,nan
24003,1,4,5,1,0,0,0,1089,0,0,0,0,0,1,0,nan,nan,18.088141592143074,nan,nan,nan,nan
24004,1,4,5,1,0,0,0,1089,0,0,0,0,0,1,0,nan,nan,nan,nan,nan,nan,nan
24005,1,4,5,1,0,0,0,1089,0,0,0,0,0,1,0,nan,nan,nan,nan,nan,nan,nan
24006,1,5,5,1,0,0,0,1089,0,0,0,0,0,1,0,20.220841209469654,nan,nan,nan,nan,nan,nan
24007,1,5,5,1,0,0,0,1089,0,0,0,0,0,1,0,nan,nan,nan,nan,nan,nan,nan
24008,1,5,5,1,0,0,0,1089,0,0,0,0,0,1,0,nan,nan,nan,nan,nan,nan,nan
24009,1,5,5,1,0,0,0,1089,0,0,0,0,0,1,0,nan,nan,nan,nan,nan,nan,nan
24010,1,5,5,1,0,0,0,1089,0,0,0,0,0,1,0,nan,nan,nan,nan,nan,nan,nan
24011,1,5,5,1,0,0,0,1089,0,0,0,0,0,1,0,nan,nan,nan,nan,nan,nan,nan
24012,1,5,5,1,0,0,0,1089,0,0,0,0,0,1,0,nan,nan,nan,nan,nan,nan,nan
24013,1,5,5,1,0,0,0,1089,0,0,0,0,0,1,0,nan,nan,nan,nan,nan,nan,nan
24014,1,5,5,1,0,0,0,1089,0,0,0,0,0,1,0,nan,nan,nan,nan,nan,nan,nan
24015,1,5,5,1,0,0,0,1089,0,0,0,0,0,1,0,nan,nan,nan,nan,nan,nan,nan
24016,1,5,5,1,0,0,0,1089,0,0,0,0,0,1,0,nan,nan,nan,nan,nan,nan,nan
24017,1,5,5,1,0,0,0,1089,0,0,0,0,0,1,0,nan,nan,nan,nan,nan,nan,nan
24018,1,5,5,1,0,0,0,1089,0,0,0,0,1,0,0,nan,nan,nan,nan,36.224801097072486,nan,nan
24019,1,5,5,1,0,0,0,1089,0,2,0,0,1,0,0,nan,17.337247871633735,nan,nan,nan,nan,nan
24020,1,5,5,1,0,0,0,1089,0,2,0,0,1,0,0,nan,nan,nan,nan,nan,nan,nan
24021,1,4,5,2,0,0,0,1089,0,0,0,0,1,0,0,nan,nan,17.859803709638072,nan,nan,nan,nan
24022,1,4,5,2,0,0,0,1090,0,0,0,0,1,0,1,nan,nan,nan,nan,nan,nan,22.934248252247926
24023,1,4,5,1,0,0,0,1090,0,0,0,0,0,0,1,nan,nan,nan,21.16842520701539,nan,nan,nan
24024,1,4,5,1,0,0,0,1090,0,0,0,0,0,0,1,nan,nan,nan,nan,nan,nan,nan
24025,1,5,5,1,0,0,0,1090,0,0,0,0,0,0,1,19.03201923765664,nan,nan,nan,nan,nan,nan
24026,1,5,5,1,0,0,0,1090,0,0,0,0,0,0,1,nan,nan,nan,nan,nan,nan,nan
24027,1,5,5,1,0,0,0,1090,0,0,0,0,0,0,1,nan,nan,nan,nan,nan,nan,nan
24028,1,5,5,1,0,0,0,1090,0,0,0,0,0,0,1,nan,nan,nan,nan,nan,nan,nan
24029,1,5,5,1,0,0,0,1090,0,0,0,0,0,0,1,nan,nan,nan,nan,nan,nan,nan
24030,1,5,5,1,0,0,0,1090,0,0,0,0,0,1,0,nan,nan,nan,nan,nan,33.729036039323546,nan
24031,1,5,5,1,0,0,0,1090,0,0,0,0,0,1,0,nan,nan,nan,nan,nan,nan,nan
24032,1,5,5,1,0,0,0,1090,0,2,0,0,0,1,0,nan,13.457787659444875,nan,nan,nan,nan,nan
24033,1,5,5,1,0,0,0,1090,0,2,0,0,0,1,0,nan,nan,nan,nan,nan,nan,nan
24034,1,5,5,1,0,0,0,1090,0,2,0,0,0,1,0,nan,nan,nan,nan,nan,nan,nan
24035,1,4,5,1,1,0,0,1090,0,0,0,0,0,1,0,nan,nan,14.33753679045185,11.98424351822905,nan,nan,nan
24036,1,4,5,1,1,0,0,1090,0,0,0,0,0,1,0,nan,nan,nan,nan,nan,nan,nan
24037,1,5,5,1,1,0,0,1090,0,0,0,0,0,1,0,11.864024381015042,nan,nan,nan,nan,nan,nan
24038,1,5,5,1,1,0,0,1090,0,0,0,0,0,1,0,nan,nan,nan,nan,nan,nan,nan
24039,1,5,5,1,1,0,0,1090,0,0,0,0,0,1,0,nan,nan,nan,nan,nan,nan,nan
24040,1,5,5,1,1,0,0,1090,0,0,0,0,0,1,0,nan,nan,nan,nan,nan,nan,nan
24041,1,5,5,1,1,0,0,1090,0,0,0,0,0,1,0,nan,nan,nan,nan,nan,nan,nan
24042,1,5,5,1,1,0,0,1090,0,0,0,0,0,1,0,nan,nan,nan,nan,nan,nan,nan
24043,1,5,5,1,1,0,0,1090,0,0,0,0,0,1,0,nan,nan,nan,nan,nan,nan,nan
24044,1,5,5,1,1,0,0,1090,0,2,0,0,0,1,0,nan,11.411020880008437,nan,nan,nan,nan,nan
24045,1,5,5,1,1,0,0,1090,0,2,0,0,0,1,0,nan,nan,nan,nan,nan,nan,nan
24046,1,5,5,1,1,0,0,1090,0,2,0,0,0,1,0,nan,nan,nan,nan,nan,nan,nan
24047,1,5,5,1,1,0,0,1090,0,2,0,0,0,1,0,nan,nan,nan,nan,nan,nan,nan
24048,1,5,5,1,1,0,0,1091,0,2,0,0,0,1,1,nan,nan,nan,nan,nan,nan,26.220318041399878
24049,1,5,5,1,0,0,0,1091,0,2,0,0,0,0,1,nan,nan,nan,nan,30.21540025293507,nan,nan
24050,1,5,5,1,0,0,0,1091,0,2,0,0,0,0,1,nan,nan,nan,nan,nan,nan,nan
24051,1,5,5,1,0,0,0,1091,0,2,0,0,0,0,1,nan,nan,nan,nan,nan,nan,nan
24052,1,5,5,1,0,0,0,1091,0,2,0,0,0,0,1,nan,nan,nan,nan,nan,nan,nan
24053,1,5,5,1,0,0,0,1091,0,2,0,0,0,0,1,nan,nan,nan,nan,nan,nan,nan
24054,1,5,5,1,0,0,0,1091,2,2,0,0,0,0,1,16.381296941461187,nan,nan,nan,nan,nan,nan
24055,1,5,5,1,0,0,0,1091,2,2,0,0,0,0,1,nan,nan,nan,nan,nan,nan,nan
24056,1,5,5,1,0,0,0,1091,2,2,0,0,0,0,1,nan,nan,nan,nan,nan,nan,nan
24057,1,5,5,1,0,0,0,1091,2,2,0,0,0,0,1,nan,nan,nan,nan,nan,nan,nan
24058,1,5,5,1,0,0,0,1091,2,2,0,0,0,0,1,nan,nan,nan,nan,nan,nan,nan
24059,1,5,5,1,0,0,0,1091,2,2,0,0,0,0,1,nan,nan,nan,nan,nan,nan,nan
24060,1,5,5,1,0,0,0,1091,2,2,0,0,0,0,1,nan,nan,nan,nan,nan,nan,nan
24061,1,5,5,1,0,0,0,1091,2,2,0,0,0,0,1,nan,nan,nan,nan,nan,nan,nan
24062,1,5,5,1,0,0,0,1091,2,2,0,0,0,0,1,nan,nan,nan,nan,nan,nan,nan
24063,1,5,5,0,1,0,0,1091,2,2,0,0,0,0,1,nan,nan,nan,27.47368071454548,nan,nan,nan
24064,1,5,5,1,1,0,0,1091,0,0,0,0,0,1,0,nan,nan,28.737555052768585,nan,nan,33.62508417069694,nan
24065,1,5,5,1,1,0,0,1091,0,0,0,0,0,1,0,nan,nan,nan,nan,nan,nan,nan
24066,1,5,5,1,1,0,0,1091,0,0,0,0,0,1,0,nan,nan,nan,nan,nan,nan,nan
24067,1,5,5,1,1,0,0,1091,0,0,0,0,0,1,0,nan,nan,nan,nan,nan,nan,nan
24068,1,5,5,1,1,0,0,1091,0,0,0,0,0,1,0,nan,nan,nan,nan,nan,nan,nan
24069,1,5,5,1,1,0,0,1091,0,0,0,0,0,1,0,nan,nan,nan,nan,nan,nan,nan
24070,1,5,5,1,1,0,0,1091,0,0,0,0,0,1,0,nan,nan,nan,nan,nan,nan,nan
24071,1,5,5,1,1,0,0,1091,0,0,0,0,0,1,0,nan,nan,nan,nan,nan,nan,nan
24072,1,5,5,1,1,0,0,1091,0,0,0,0,0,1,0,nan,nan,nan,nan,nan,nan,nan
24073,1,5,5,1,1,0,0,1091,0,0,0,0,0,1,0,nan,nan,nan,nan,nan,nan,nan
24074,1,5,5,1,1,0,0,1091,0,0,0,0,0,1,0,nan,nan,nan,nan,nan,nan,nan
24075,1,5,5,1,1,0,0,1091,0,0,0,0,0,1,0,nan,nan,nan,nan,nan,nan,nan
24076,1,5,5,1,1,0,0,1091,0,0,0,0,0,1,0,nan,nan,nan,nan,nan,nan,nan
24077,1,5,5,1,1,0,0,1091,0,0,0,0,0,1,0,nan,nan,nan,nan,nan,nan,nan
24078,1,5,5,1,1,0,0,1091,0,0,0,0,0,1,0,nan,nan,nan,nan,nan,nan,nan
24079,1,5,5,0,2,0,0,1091,2,2,0,0,0,1,0,25.027921411128773,35.43486478576233,nan,16.17146255901025,nan,nan,nan
24080,1,5,5,0,1,0,0,1091,2,2,0,0,0,0,0,nan,nan,nan,nan,31.23139322543284,nan,nan
24081,1,5,5,0,1,0,0,1091,2,2,0,0,0,0,0,nan,nan,nan,nan,nan,nan,nan
24082,1,5,5,0,1,0,0,1091,2,2,0,0,0,0,0,nan,nan,nan,nan,nan,nan,nan
24083,1,5,5,0,1,0,0,1091,2,2,0,0,0,0,0,nan,nan,nan,nan,nan,nan,nan
24084,1,5,5,0,1,0,0,1091,2,2,0,0,0,0,0,nan,nan,nan,nan,nan,nan,nan
24085,1,5,5,0,1,0,0,1091,2,2,0,0,0,0,0,nan,nan,nan,nan,nan,nan,nan
24086,1,5,5,0,1,0,0,1091,2,2,0,0,0,0,0,nan,nan,nan,nan,nan,nan,nan
24087,1,5,5,0,1,0,0,1091,2,2,0,0,0,0,0,nan,nan,nan,nan,nan,nan,nan
24088,1,5,5,0,1,0,0,1091,2,2,0,0,0,0,0,nan,nan,nan,nan,nan,nan,nan
24089,1,5,5,0,1,0,0,1091,2,2,0,0,0,0,0,nan,nan,nan,nan,nan,nan,nan
24090,1,5,5,0,0,1,0,1091,2,2,0,0,0,0,0,nan,nan,nan,nan,10.420636966115126,nan,nan
24091,1,5,5,0,1,1,0,1091,2,2,0,1,0,0,0,nan,nan,nan,11.510993023057381,nan,nan,nan
24092,1,5,5,0,1,1,0,1091,2,2,0,1,0,0,0,nan,nan,nan,nan,nan,nan,nan
24093,1,5,5,0,1,1,0,1091,2,2,0,1,0,0,0,nan,nan,nan,nan,nan,nan,nan
24094,1,5,5,0,1,1,0,1091,2,2,0,1,0,0,0,nan,nan,nan,nan,nan,nan,nan
24095,1,5,5,0,1,1,0,1091,2,2,0,1,0,0,0,nan,nan,nan,nan,nan,nan,nan
24096,1,5,5,0,1,1,0,1091,2,2,0,1,0,0,0,nan,nan,nan,nan,nan,nan,nan
24097,1,5,5,0,1,1,0,1092,2,2,0,1,0,0,1,nan,nan,nan,nan,nan,nan,48.914873140645796
24098,1,5,5,0,1,1,0,1092,2,2,0,1,0,0,1,nan,nan,nan,nan,nan,nan,nan
24099,1,5,5,0,1,1,0,1092,2,2,0,1,0,0,1,nan,nan,nan,nan,nan,nan,nan
24100,1,5,5,0,1,1,0,1092,2,2,0,1,0,0,1,nan,nan,nan,nan,nan,nan,nan
24101,1,5,5,0,1,1,0,1092,2,2,0,1,0,0,1,nan,nan,nan,nan,nan,nan,nan
24102,1,5,5,0,1,1,0,1092,2,2,0,1,0,0,1,nan,nan,nan,nan,nan,nan,nan
24103,1,5,5,0,1,1,0,1092,2,2,0,1,0,0,1,nan,nan,nan,nan,nan,nan,nan
24104,1,5,5,0,1,1,0,1092,0,0,0,0,0,0,1,nan,nan,39.72962244942755,nan,nan,nan,nan
24105,1,5,5,0,1,1,0,1092,0,0,0,0,0,0,1,nan,nan,nan,nan,nan,nan,nan
24106,1,5,5,0,1,1,0,1092,0,0,0,0,0,0,1,nan,nan,nan,nan,nan,nan,nan
24107,1,5,5,0,1,1,0,1092,0,0,0,0,0,0,1,nan,nan,nan,nan,nan,nan,nan
24108,1,5,5,0,1,1,0,1092,0,0,0,0,0,0,1,nan,nan,nan,nan,nan,nan,nan
24109,1,5,5,0,1,1,0,1092,0,0,0,0,0,0,1,nan,nan,nan,nan,nan,nan,nan
24110,1,5,5,0,1,1,0,1092,0,0,0,0,0,0,1,nan,nan,nan,nan,nan,nan,nan
24111,1,5,5,0,1,1,0,1092,0,0,0,0,0,0,1,nan,nan,nan,nan,nan,nan,nan
24112,1,5,5,0,1,1,0,1092,0,0,0,0,0,0,1,nan,nan,nan,nan,nan,nan,nan
24113,1,5,5,0,1,1,0,1092,0,0,0,0,0,0,1,nan,nan,nan,nan,nan,nan,nan
24114,1,5,5,0,0,2,0,1092,0,0,0,0,0,0,1,nan,nan,nan,nan,23.380381652776123,nan,nan
24115,1,5,5,0,0,2,0,1092,0,0,0,0,0,0,1,nan,nan,nan,nan,nan,nan,nan
24116,1,5,5,0,0,2,0,1092,0,0,0,0,0,0,1,nan,nan,nan,nan,nan,nan,nan
24117,1,5,5,0,0,2,0,1092,0,0,0,0,0,0,1,nan,nan,nan,nan,nan,nan,nan
24118,1,5,5,0,0,2,0,1092,0,2,0,0,0,0,1,nan,39.22844609039748,nan,nan,nan,nan,nan
24119,1,5,5,0,0,2,0,1092,0,2,0,0,0,0,1,nan,nan,nan,nan,nan,nan,nan
24120,1,5,5,0,0,2,0,1092,0,2,0,0,0,0,1,nan,nan,nan,nan,nan,nan,nan
24121,1,5,5,0,0,1,0,1092,2,2,0,0,0,0,0,41.77999344639102,nan,nan,nan,nan,57.200239159185,nan
24122,1,5,5,0,1,1,0,1092,2,2,0,1,0,0,0,nan,nan,nan,31.304126042428834,nan,nan,nan
24123,1,5,5,0,1,1,0,1092,2,2,0,1,0,0,0,nan,nan,nan,nan,nan,nan,nan
24124,1,5,5,0,1,1,0,1092,2,2,0,1,0,0,0,nan,nan,nan,nan,nan,nan,nan
24125,1,5,5,0,1,1,0,1092,2,2,0,1,0,0,0,nan,nan,nan,nan,nan,nan,nan
24126,1,5,5,0,1,1,0,1092,2,2,0,1,0,0,0,nan,nan,nan,nan,nan,nan,nan
24127,1,5,5,0,1,1,0,1092,2,2,0,1,0,0,0,nan,nan,nan,nan,nan,nan,nan
24128,1,5,5,0,1,1,0,1092,2,2,0,1,0,0,0,nan,nan,nan,nan,nan,nan,nan
24129,1,5,5,0,1,1,0,1092,2,2,0,1,0,0,0,nan,nan,nan,nan,nan,nan,nan
24130,1,5,5,0,1,1,0,1092,2,2,0,1,0,0,0,nan,nan,nan,nan,nan,nan,nan
24131,1,5,5,0,1,1,0,1092,2,2,0,1,0,0,0,nan,nan,nan,nan,nan,nan,nan
24132,1,5,5,0,1,1,0,1092,2,2,0,1,0,0,0,nan,nan,nan,nan,nan,nan,nan
24133,1,5,5,0,1,1,0,1092,2,2,0,1,0,0,0,nan,nan,nan,nan,nan,nan,nan
24134,1,5,5,0,1,1,0,1092,0,0,0,0,0,0,0,nan,nan,29.739415208961873,nan,nan,nan,nan
24135,1,5,5,0,1,1,0,1092,0,0,0,0,0,0,0,nan,nan,nan,nan,nan,nan,nan
24136,1,5,5,0,1,1,0,1093,0,0,0,0,0,0,1,nan,nan,nan,nan,nan,nan,39.677694677575346
24137,1,5,5,0,1,0,0,1093,0,0,0,0,0,0,0,nan,nan,nan,nan,nan,15.402481238063046,nan
24138,1,5,5,0,1,0,0,1093,0,0,0,0,0,0,0,nan,nan,nan,nan,nan,nan,nan
24139,1,5,5,0,1,0,0,1093,0,0,0,0,0,0,0,nan,nan,nan,nan,nan,nan,nan
24140,1,5,5,0,1,0,0,1093,0,0,0,0,0,0,0,nan,nan,nan,nan,nan,nan,nan
24141,1,5,5,0,1,0,0,1093,0,0,0,0,0,0,0,nan,nan,nan,nan,nan,nan,nan
24142,1,5,5,0,1,0,0,1093,0,0,0,0,0,0,0,nan,nan,nan,nan,nan,nan,nan
24143,1,5,5,0,1,0,0,1093,0,0,0,0,0,0,0,nan,nan,nan,nan,nan,nan,nan
24144,1,5,5,0,1,0,0,1093,0,0,0,0,0,0,0,nan,nan,nan,nan,nan,nan,nan
24145,1,5,5,0,2,0,0,1093,0,0,0,1,0,0,0,nan,nan,nan,22.828532386651204,nan,nan,nan
24146,1,5,5,0,2,0,0,1093,0,0,0,1,0,0,0,nan,nan,nan,nan,nan,nan,nan
24147,1,5,5,0,2,0,0,1093,0,0,0,1,0,0,0,nan,nan,nan,nan,nan,nan,nan
24148,1,5,5,0,2,0,0,1093,0,0,0,1,0,0,0,nan,nan,nan,nan,nan,nan,nan
24149,1,5,5,0,2,0,0,1093,0,0,0,1,0,0,0,nan,nan,nan,nan,nan,nan,nan
24150,1,5,5,0,2,0,1,1093,0,0,0,1,0,1,0,nan,nan,nan,nan,nan,13.80774070624102,nan
24151,1,5,5,0,1,0,1,1093,0,0,0,1,0,0,0,nan,nan,nan,nan,36.79911576952509,nan,nan
24152,1,5,5,0,1,0,1,1093,0,0,0,1,0,0,0,nan,nan,nan,nan,nan,nan,nan
24153,1,5,5,0,1,0,1,1093,0,0,0,1,0,0,0,nan,nan,nan,nan,nan,nan,nan
24154,1,5,4,0,1,0,1,1093,0,0,0,0,0,0,0,nan,nan,20.287882944059675,nan,nan,nan,nan
24155,1,5,4,0,1,0,1,1093,0,0,0,0,0,0,0,nan,nan,nan,nan,nan,nan,nan
24156,1,5,4,0,1,0,1,1093,0,0,0,0,0,0,0,nan,nan,nan,nan,nan,nan,nan
24157,1,4,5,0,1,0,1,1093,0,0,0,0,0,0,0,nan,38.9896757038332,nan,nan,nan,nan,nan
24158,1,4,5,0,1,0,1,1093,0,0,0,0,0,0,0,nan,nan,nan,nan,nan,nan,nan
24159,1,4,5,0,1,0,1,1093,0,0,0,0,0,0,0,nan,nan,nan,nan,nan,nan,nan
24160,1,4,5,0,1,0,1,1093,0,0,0,0,0,0,0,nan,nan,nan,nan,nan,nan,nan
24161,1,4,5,0,1,0,1,1093,0,0,0,0,0,0,0,nan,nan,nan,nan,nan,nan,nan
24162,1,4,5,0,1,0,0,1094,0,0,0,0,0,0,0,nan,nan,nan,nan,nan,nan,25.15811448920431
24163,1,4,5,0,1,0,0,1094,0,0,0,0,0,0,0,nan,nan,nan,nan,nan,nan,nan
24164,1,4,5,0,1,0,0,1094,0,0,0,0,0,0,0,nan,nan,nan,nan,nan,nan,nan
24165,1,5,5,0,1,0,0,1094,0,0,0,0,0,0,0,44.785734776163736,nan,nan,nan,nan,nan,nan
24166,1,5,5,0,1,0,0,1094,0,0,0,0,0,0,0,nan,nan,nan,nan,nan,nan,nan
24167,1,5,5,0,1,0,0,1094,0,0,0,0,0,0,0,nan,nan,nan,nan,nan,nan,nan
24168,1,5,4,0,2,0,0,1094,0,0,0,0,0,0,0,nan,nan,13.783999387982476,22.91228551667882,nan,nan,nan
24169,1,5,4,0,2,0,0,1094,0,0,0,0,0,0,0,nan,nan,nan,nan,nan,nan,nan
24170,1,5,4,0,1,1,0,1094,0,0,0,0,0,0,0,nan,nan,nan,nan,19.216250295867212,nan,nan
24171,1,5,4,0,1,0,1,1094,0,0,0,0,0,0,0,nan,nan,nan,nan,nan,20.939798714531207,nan
24172,1,5,4,0,1,0,1,1094,0,0,0,0,0,0,0,nan,nan,nan,nan,nan,nan,nan
24173,1,5,4,0,1,0,1,1094,0,0,0,0,0,0,0,nan,nan,nan,nan,nan,nan,nan
24174,1,5,4,0,1,0,1,1094,0,0,0,0,0,0,0,nan,nan,nan,nan,nan,nan,nan
24175,1,5,4,0,1,0,1,1094,0,0,0,0,0,0,0,nan,nan,nan,nan,nan,nan,nan
24176,1,5,4,0,1,0,0,1095,0,0,0,0,0,0,0,nan,nan,nan,nan,nan,nan,14.77777252093074
24177,1,5,4,0,1,0,0,1095,0,0,0,0,0,0,0,nan,nan,nan,nan,nan,nan,nan
24178,1,5,4,0,1,0,0,1095,0,0,0,0,0,0,0,nan,nan,nan,nan,nan,nan,nan
24179,1,5,4,0,1,0,0,1095,0,0,0,0,0,0,0,nan,nan,nan,nan,nan,nan,nan
24180,1,5,4,0,1,0,0,1095,0,0,0,0,0,0,0,nan,nan,nan,nan,nan,nan,nan
24181,1,5,4,0,1,0,0,1095,2,0,0,0,0,0,0,15.359884917805175,nan,nan,nan,nan,nan,nan
24182,1,5,4,0,1,0,0,1095,2,0,0,0,0,0,0,nan,nan,nan,nan,nan,nan,nan
24183,1,5,4,0,1,0,0,1095,2,0,0,0,0,0,0,nan,nan,nan,nan,nan,nan,nan
24184,1,5,4,0,1,0,0,1095,2,0,0,0,0,0,0,nan,nan,nan,nan,nan,nan,nan
24185,1,5,5,0,1,0,0,1095,0,0,0,0,0,0,0,nan,27.274247737357655,nan,nan,nan,nan,nan
24186,1,5,5,0,2,0,0,1095,0,0,0,1,0,0,0,nan,nan,nan,18.547495319184236,nan,nan,nan
24187,1,5,5,0,2,0,0,1095,0,0,0,1,0,0,0,nan,nan,nan,nan,nan,nan,nan
24188,1,5,4,0,1,1,0,1095,0,0,0,0,0,0,0,nan,nan,20.110517975590483,nan,18.58265179123191,nan,nan
24189,1,5,4,0,1,1,0,1095,0,0,0,0,0,0,0,nan,nan,nan,nan,nan,nan,nan
24190,1,5,4,0,1,1,0,1095,0,0,0,0,0,0,0,nan,nan,nan,nan,nan,nan,nan
24191,1,5,4,0,1,1,0,1096,0,0,0,0,0,0,1,nan,nan,nan,nan,nan,nan,14.697350001839368
24192,1,5,4,0,1,1,0,1096,0,0,0,0,0,0,1,nan,nan,nan,nan,nan,nan,nan
24193,1,5,4,0,1,1,0,1096,0,0,0,0,0,0,1,nan,nan,nan,nan,nan,nan,nan
24194,1,5,4,0,1,1,0,1096,0,0,0,0,0,0,1,nan,nan,nan,nan,nan,nan,nan
24195,1,5,4,0,1,1,0,1096,0,0,0,0,0,0,1,nan,nan,nan,nan,nan,nan,nan
24196,1,5,4,0,1,1,0,1096,0,0,0,0,0,0,1,nan,nan,nan,nan,nan,nan,nan
24197,1,5,4,0,1,0,0,1096,0,0,0,0,0,0,0,nan,nan,nan,nan,nan,25.980983869885677,nan
24198,1,5,4,0,1,0,0,1096,0,0,0,0,0,0,0,nan,nan,nan,nan,nan,nan,nan
24199,1,5,4,0,1,0,0,1096,0,0,0,0,0,0,0,nan,nan,nan,nan,nan,nan,nan
24200,1,5,4,0,0,1,0,1096,0,0,0,0,0,0,0,nan,nan,nan,nan,11.834921977275371,nan,nan
24201,1,5,4,0,1,1,0,1096,0,0,0,1,0,0,0,nan,nan,nan,15.109779684597015,nan,nan,nan
24202,1,5,4,0,1,1,0,1096,0,0,0,1,0,0,0,nan,nan,nan,nan,nan,nan,nan
24203,1,5,4,0,1,1,0,1096,0,0,0,1,0,0,0,nan,nan,nan,nan,nan,nan,nan
24204,1,5,4,0,1,1,0,1096,0,0,0,1,0,0,0,nan,nan,nan,nan,nan,nan,nan
24205,1,5,4,0,1,1,0,1096,0,0,0,1,0,0,0,nan,nan,nan,nan,nan,nan,nan
24206,1,5,4,0,1,1,0,1096,0,0,0,1,0,0,0,nan,nan,nan,nan,nan,nan,nan
24207,1,5,4,0,1,1,0,1096,0,0,0,1,0,0,0,nan,nan,nan,nan,nan,nan,nan
24208,1,5,4,0,1,1,0,1096,0,0,0,1,0,0,0,nan,nan,nan,nan,nan,nan,nan
24209,1,4,5,0,1,1,0,1096,0,0,0,1,0,0,0,nan,24.941522703105875,nan,nan,nan,nan,nan
24210,1,4,5,0,1,1,0,1096,0,0,0,1,0,0,0,nan,nan,nan,nan,nan,nan,nan
24211,1,4,5,0,1,1,0,1096,0,0,0,1,0,0,0,nan,nan,nan,nan,nan,nan,nan
24212,1,5,5,0,1,1,0,1096,0,0,0,1,0,0,0,30.960589489543054,nan,nan,nan,nan,nan,nan
24213,1,5,5,0,1,1,0,1096,0,0,0,1,0,0,0,nan,nan,nan,nan,nan,nan,nan
24214,1,5,4,0,1,1,0,1096,0,0,0,0,0,0,0,nan,nan,26.253267914642493,nan,nan,nan,nan
24215,1,5,4,0,1,1,0,1096,0,0,0,0,0,0,0,nan,nan,nan,nan,nan,nan,nan
24216,1,5,4,0,0,2,0,1096,0,0,0,0,0,0,0,nan,nan,nan,nan,15.52628403359995,nan,nan
24217,1,5,4,0,0,2,0,1096,0,0,0,0,0,0,0,nan,nan,nan,nan,nan,nan,nan
24218,1,5,4,0,0,2,0,1096,0,0,0,0,0,0,0,nan,nan,nan,nan,nan,nan,nan
24219,1,5,4,0,0,2,0,1096,0,0,0,0,0,0,0,nan,nan,nan,nan,nan,nan,nan
24220,1,5,4,0,0,1,1,1096,0,0,0,0,0,0,0,nan,nan,nan,nan,nan,22.66055123510887,nan
24221,1,5,4,0,0,1,1,1096,0,0,0,0,0,0,0,nan,nan,nan,nan,nan,nan,nan
24222,1,5,4,0,0,1,1,1096,0,0,0,0,0,0,0,nan,nan,nan,nan,nan,nan,nan
24223,1,4,5,0,0,1,1,1096,0,0,0,0,0,0,0,nan,13.779966315625643,nan,nan,nan,nan,nan
24224,1,4,5,0,0,1,0,1097,0,0,0,0,0,0,0,nan,nan,nan,nan,nan,nan,32.831848020094185
24225,1,4,5,0,0,1,0,1097,0,0,0,0,0,0,0,nan,nan,nan,nan,nan,nan,nan
24226,1,4,5,0,0,1,0,1097,0,0,0,0,0,0,0,nan,nan,nan,nan,nan,nan,nan
24227,1,4,5,0,0,2,0,1097,0,0,0,0,1,0,0,nan,nan,nan,nan,11.725437220833555,nan,nan
24228,1,4,5,0,0,2,0,1097,0,0,0,0,1,0,0,nan,nan,nan,nan,nan,nan,nan
24229,1,4,5,0,0,2,0,1097,0,0,0,0,1,0,0,nan,nan,nan,nan,nan,nan,nan
24230,1,4,5,0,0,2,0,1097,0,0,0,0,1,0,0,nan,nan,nan,nan,nan,nan,nan
24231,1,4,5,0,0,2,0,1097,0,0,0,0,1,0,0,nan,nan,nan,nan,nan,nan,nan
24232,1,4,5,0,0,2,0,1097,0,0,0,0,1,0,0,nan,nan,nan,nan,nan,nan,nan
24233,1,4,5,0,0,2,0,1098,0,0,0,0,1,0,1,nan,nan,nan,nan,nan,nan,9.531341296620667
24234,1,4,5,0,0,2,0,1098,0,0,0,1,0,0,1,nan,nan,nan,32.39905789570548,nan,nan,nan
24235,1,4,5,0,0,2,0,1098,0,0,0,1,0,0,1,nan,nan,nan,nan,nan,nan,nan
24236,1,4,5,0,0,1,0,1098,0,0,0,1,0,0,0,nan,nan,nan,nan,nan,15.671741574471525,nan
24237,1,4,5,0,0,1,0,1098,0,0,0,1,0,0,0,nan,nan,nan,nan,nan,nan,nan
24238,1,4,5,0,0,1,0,1098,0,0,0,1,0,0,0,nan,nan,nan,nan,nan,nan,nan
24239,1,4,5,0,0,1,0,1098,0,0,0,1,0,0,0,nan,nan,nan,nan,nan,nan,nan
24240,1,4,5,0,0,1,0,1098,0,0,0,1,0,0,0,nan,nan,nan,nan,nan,nan,nan
24241,1,5,5,0,0,1,0,1098,0,2,0,1,0,0,0,28.97109592311972,18.046818800827168,nan,nan,nan,nan,nan
24242,1,5,5,0,0,1,0,1098,0,2,0,1,0,0,0,nan,nan,nan,nan,nan,nan,nan
24243,1,5,5,0,0,1,0,1098,0,2,0,1,0,0,0,nan,nan,nan,nan,nan,nan,nan
24244,1,4,5,0,0,1,0,1098,0,0,0,0,0,0,0,nan,nan,29.54148142419217,nan,nan,nan,nan
24245,1,4,5,0,0,1,0,1098,0,0,0,0,0,0,0,nan,nan,nan,nan,nan,nan,nan
24246,1,4,5,0,0,1,0,1098,0,0,0,0,0,0,0,nan,nan,nan,nan,nan,nan,nan
24247,1,4,5,0,0,1,0,1098,0,0,0,0,0,0,0,nan,nan,nan,nan,nan,nan,nan
24248,1,4,5,0,0,0,1,1098,0,0,0,0,0,0,0,nan,nan,nan,nan,nan,12.011007160079316,nan
24249,1,4,5,0,0,0,1,1098,0,0,0,0,0,0,0,nan,nan,nan,nan,nan,nan,nan
24250,1,4,5,0,0,0,1,1098,0,0,0,0,0,0,0,nan,nan,nan,nan,nan,nan,nan
24251,1,4,5,0,0,0,1,1098,0,0,0,0,0,0,0,nan,nan,nan,nan,nan,nan,nan
24252,1,4,5,0,0,0,1,1098,0,0,0,0,0,0,0,nan,nan,nan,nan,nan,nan,nan
24253,1,4,5,0,0,0,1,1098,0,0,0,0,0,0,0,nan,nan,nan,nan,nan,nan,nan
24254,1,4,5,0,0,0,1,1098,0,2,0,0,0,0,0,nan,12.732507420740149,nan,nan,nan,nan,nan
24255,1,4,5,0,0,0,1,1098,0,2,0,0,0,0,0,nan,nan,nan,nan,nan,nan,nan
24256,1,4,5,0,0,0,0,1099,0,2,0,0,0,0,0,nan,nan,nan,nan,nan,nan,22.165693477134482
24257,1,3,5,0,1,0,1,1099,0,0,0,0,0,1,0,nan,nan,13.137490460736444,23.367862650698953,nan,9.315648899661028,nan
24258,1,3,5,0,1,0,1,1099,0,0,0,0,0,1,0,nan,nan,nan,nan,nan,nan,nan
24259,1,3,5,0,1,0,1,1099,0,0,0,0,0,1,0,nan,nan,nan,nan,nan,nan,nan
24260,1,3,5,0,0,0,1,1099,0,0,0,0,0,0,0,nan,nan,nan,nan,32.599556137396576,nan,nan
24261,1,3,5,0,0,0,1,1099,0,0,0,0,0,0,0,nan,nan,nan,nan,nan,nan,nan
24262,1,4,5,0,0,0,1,1099,0,0,0,0,0,0,0,21.453483488265192,nan,nan,nan,nan,nan,nan
24263,1,4,5,0,0,0,1,1099,0,0,0,0,0,0,0,nan,nan,nan,nan,nan,nan,nan
24264,1,4,5,0,0,0,1,1099,0,0,0,0,0,0,0,nan,nan,nan,nan,nan,nan,nan
24265,1,4,5,0,0,0,1,1099,0,0,0,0,0,0,0,nan,nan,nan,nan,nan,nan,nan
24266,1,4,5,0,0,0,1,1099,0,0,0,0,0,0,0,nan,nan,nan,nan,nan,nan,nan
24267,1,4,5,0,0,0,1,1099,0,0,0,0,0,0,0,nan,nan,nan,nan,nan,nan,nan
24268,1,4,5,0,0,0,1,1099,0,0,0,0,0,0,0,nan,nan,nan,nan,nan,nan,nan
24269,1,4,5,0,0,0,1,1099,0,0,0,0,0,0,0,nan,nan,nan,nan,nan,nan,nan
24270,1,4,5,0,0,0,0,1100,0,0,0,0,0,0,0,nan,nan,nan,nan,nan,nan,14.122274604578706
24271,1,4,5,0,1,0,0,1100,0,0,0,1,0,0,0,nan,nan,nan,13.486168032624846,nan,nan,nan
24272,1,4,5,0,1,0,0,1100,0,0,0,1,0,0,0,nan,nan,nan,nan,nan,nan,nan
24273,1,5,5,0,1,0,0,1100,0,0,0,1,0,0,0,10.913432906756498,nan,nan,nan,nan,nan,nan
24274,1,5,5,0,1,0,0,1100,0,0,0,1,0,0,0,nan,nan,nan,nan,nan,nan,nan
24275,1,5,5,0,1,0,0,1100,0,2,0,1,0,0,0,nan,21.29422468338089,nan,nan,nan,nan,nan
24276,1,5,5,0,1,0,0,1100,0,2,0,1,0,0,0,nan,nan,nan,nan,nan,nan,nan
24277,1,4,5,0,1,0,1,1100,0,0,0,0,0,1,0,nan,nan,20.14657868462382,nan,nan,19.934964126372506,nan
24278,1,4,5,0,1,0,1,1100,0,0,0,0,0,1,0,nan,nan,nan,nan,nan,nan,nan
24279,1,4,5,0,1,0,1,1100,0,0,0,0,0,1,0,nan,nan,nan,nan,nan,nan,nan
24280,1,4,5,0,1,0,1,1100,0,0,0,0,0,1,0,nan,nan,nan,nan,nan,nan,nan
24281,1,4,5,0,1,0,1,1100,0,0,0,0,0,1,0,nan,nan,nan,nan,nan,nan,nan
24282,1,4,5,0,1,0,1,1100,0,0,0,0,0,1,0,nan,nan,nan,nan,nan,nan,nan
24283,1,5,5,0,0,0,1,1100,0,0,0,0,0,0,0,10.360348221343884,nan,nan,nan,23.05565433238371,nan,nan
24284,1,5,5,0,0,0,0,1101,0,0,0,0,0,0,0,nan,nan,nan,nan,nan,nan,14.172965175333957
24285,1,5,5,0,0,0,0,1101,0,0,0,0,0,0,0,nan,nan,nan,nan,nan,nan,nan
24286,1,5,5,0,0,0,0,1101,0,0,0,0,0,0,0,nan,nan,nan,nan,nan,nan,nan
24287,1,5,5,0,0,0,0,1101,0,0,0,0,0,0,0,nan,nan,nan,nan,nan,nan,nan
24288,1,5,5,0,0,0,0,1101,0,0,0,0,0,0,0,nan,nan,nan,nan,nan,nan,nan
24289,1,5,5,0,0,0,0,1101,0,0,0,0,0,0,0,nan,nan,nan,nan,nan,nan,nan
24290,1,5,5,0,0,0,0,1101,0,0,0,0,0,0,0,nan,nan,nan,nan,nan,nan,nan
24291,1,5,5,0,0,0,0,1101,0,0,0,0,0,0,0,nan,nan,nan,nan,nan,nan,nan
24292,1,5,5,0,0,0,1,1101,0,0,0,0,0,1,0,nan,nan,nan,nan,nan,15.19334942516798,nan
24293,1,5,5,0,1,0,1,1101,0,0,0,1,0,1,0,nan,nan,nan,22.18966667285713,nan,nan,nan
24294,1,5,5,0,1,0,1,1101,0,0,0,1,0,1,0,nan,nan,nan,nan,nan,nan,nan
24295,1,5,5,0,1,0,1,1101,2,0,0,1,0,1,0,11.80713547202322,nan,nan,nan,nan,nan,nan
24296,1,5,5,0,0,0,1,1101,2,0,0,1,0,0,0,nan,nan,nan,nan,12.64949251199505,nan,nan
24297,1,5,5,0,0,0,1,1101,2,0,0,1,0,0,0,nan,nan,nan,nan,nan,nan,nan
24298,1,5,4,0,0,0,1,1101,2,0,0,0,0,0,0,nan,nan,21.047173372768157,nan,nan,nan,nan
24299,1,5,5,0,0,0,1,1101,0,0,0,0,0,0,0,nan,24.082765286551876,nan,nan,nan,nan,nan
24300,1,5,5,0,0,0,1,1101,0,0,0,0,0,0,0,nan,nan,nan,nan,nan,nan,nan
24301,1,5,5,0,0,0,1,1101,0,0,0,0,0,0,0,nan,nan,nan,nan,nan,nan,nan
24302,1,5,5,0,0,0,1,1101,0,0,0,0,0,0,0,nan,nan,nan,nan,nan,nan,nan
24303,1,5,5,0,0,0,1,1101,0,0,0,0,0,0,0,nan,nan,nan,nan,nan,nan,nan
24304,1,5,5,0,0,0,1,1101,0,0,0,0,0,0,0,nan,nan,nan,nan,nan,nan,nan
24305,1,5,5,0,0,0,1,1101,0,0,0,0,0,0,0,nan,nan,nan,nan,nan,nan,nan
24306,1,5,5,0,0,0,1,1101,0,0,0,0,0,0,0,nan,nan,nan,nan,nan,nan,nan
24307,1,5,5,0,0,0,1,1101,0,0,0,0,0,0,0,nan,nan,nan,nan,nan,nan,nan
24308,1,5,5,0,0,0,1,1101,0,0,0,0,0,0,0,nan,nan,nan,nan,nan,nan,nan
24309,1,5,5,0,0,0,1,1101,0,0,0,0,0,0,0,nan,nan,nan,nan,nan,nan,nan
24310,1,5,5,0,0,0,0,1102,0,0,0,0,0,0,0,nan,nan,nan,nan,nan,nan,25.752018676539592
24311,1,5,5,0,0,1,0,1102,0,2,0,0,1,0,0,nan,11.64404503671176,nan,nan,14.890589575970807,nan,nan
24312,1,5,5,0,0,0,1,1102,0,2,0,0,1,0,0,nan,nan,nan,nan,nan,19.564864853931795,nan
24313,1,5,5,0,0,0,1,1102,0,2,0,0,1,0,0,nan,nan,nan,nan,nan,nan,nan
24314,1,5,5,0,0,0,1,1102,0,2,0,0,1,0,0,nan,nan,nan,nan,nan,nan,nan
24315,1,5,5,0,0,0,1,1102,0,2,0,0,1,0,0,nan,nan,nan,nan,nan,nan,nan
24316,1,5,5,0,0,0,1,1102,0,2,0,0,1,0,0,nan,nan,nan,nan,nan,nan,nan
24317,1,5,5,0,0,0,1,1102,0,2,0,0,1,0,0,nan,nan,nan,nan,nan,nan,nan
24318,1,5,5,0,0,0,1,1102,0,2,0,1,0,0,0,nan,nan,nan,25.522613930370426,nan,nan,nan
24319,1,5,5,0,0,0,1,1102,2,2,0,1,0,0,0,24.354333933097223,nan,nan,nan,nan,nan,nan
24320,1,5,5,0,0,0,0,1103,2,2,0,1,0,0,0,nan,nan,nan,nan,nan,nan,10.608818682238052
24321,1,5,5,0,0,0,0,1103,2,2,0,1,0,0,0,nan,nan,nan,nan,nan,nan,nan
24322,1,5,5,0,0,0,0,1103,2,2,0,1,0,0,0,nan,nan,nan,nan,nan,nan,nan
24323,1,5,5,0,0,0,0,1103,2,2,0,1,0,0,0,nan,nan,nan,nan,nan,nan,nan
24324,1,5,5,0,0,0,0,1103,2,2,0,1,0,0,0,nan,nan,nan,nan,nan,nan,nan
24325,1,5,5,0,0,0,0,1103,2,2,0,1,0,0,0,nan,nan,nan,nan,nan,nan,nan
24326,1,5,5,0,0,0,0,1103,2,2,0,1,0,0,0,nan,nan,nan,nan,nan,nan,nan
24327,1,5,5,0,0,0,0,1103,2,2,0,1,0,0,0,nan,nan,nan,nan,nan,nan,nan
24328,1,5,5,0,0,0,1,1103,2,2,0,1,0,1,0,nan,nan,nan,nan,nan,16.58513832445169,nan
24329,1,5,5,0,0,0,1,1103,2,2,0,1,0,1,0,nan,nan,nan,nan,nan,nan,nan
24330,1,5,5,0,0,0,1,1103,2,2,0,1,0,1,0,nan,nan,nan,nan,nan,nan,nan
24331,1,5,5,0,0,0,1,1103,2,2,0,1,0,1,0,nan,nan,nan,nan,nan,nan,nan
24332,1,5,5,0,0,0,1,1103,0,0,0,0,0,1,0,nan,nan,34.44990648752355,nan,nan,nan,nan
24333,1,5,5,0,0,0,1,1103,0,0,0,0,0,1,0,nan,nan,nan,nan,nan,nan,nan
24334,1,5,5,0,0,0,1,1103,0,0,0,0,0,1,0,nan,nan,nan,nan,nan,nan,nan
24335,1,5,5,0,0,0,1,1103,0,0,0,0,0,1,0,nan,nan,nan,nan,nan,nan,nan
24336,1,5,5,0,0,0,1,1103,0,0,0,0,0,1,0,nan,nan,nan,nan,nan,nan,nan
24337,1,5,5,0,0,0,0,1104,0,0,0,0,0,1,0,nan,nan,nan,nan,nan,nan,16.431344690012338
24338,1,5,5,0,0,0,0,1104,0,0,0,0,0,1,0,nan,nan,nan,nan,nan,nan,nan
24339,1,5,5,0,0,0,0,1104,0,0,0,0,0,1,0,nan,nan,nan,nan,nan,nan,nan
24340,1,5,5,0,0,0,0,1104,0,0,0,0,0,1,0,nan,nan,nan,nan,nan,nan,nan
24341,1,5,5,0,0,0,0,1104,0,0,0,0,0,1,0,nan,nan,nan,nan,nan,nan,nan
24342,1,5,5,0,0,0,0,1104,0,0,0,0,0,1,0,nan,nan,nan,nan,nan,nan,nan
24343,1,5,5,0,0,0,0,1104,0,0,0,0,1,0,0,nan,nan,nan,nan,32.289371733164444,nan,nan
24344,1,5,5,0,0,0,0,1104,0,0,0,0,1,0,0,nan,nan,nan,nan,nan,nan,nan
24345,1,5,5,0,0,0,0,1104,0,0,0,1,0,0,0,nan,nan,nan,26.947888233782578,nan,nan,nan
24346,1,5,5,0,0,0,0,1104,0,0,0,1,0,0,0,nan,nan,nan,nan,nan,nan,nan
24347,1,5,5,0,0,0,0,1104,2,0,0,1,0,0,0,27.345550880159863,nan,nan,nan,nan,nan,nan
24348,1,5,5,0,0,0,0,1104,2,0,0,1,0,0,0,nan,nan,nan,nan,nan,nan,nan
24349,1,5,5,0,0,0,0,1104,2,2,0,1,0,0,0,nan,38.03524529207425,nan,nan,nan,nan,nan
24350,1,5,5,0,0,0,0,1104,2,2,0,1,0,0,0,nan,nan,nan,nan,nan,nan,nan
24351,1,5,5,0,0,0,0,1104,2,2,0,1,0,0,0,nan,nan,nan,nan,nan,nan,nan
24352,1,5,5,0,0,0,0,1104,2,2,0,1,0,0,0,nan,nan,nan,nan,nan,nan,nan
24353,1,5,5,0,0,0,0,1104,2,2,0,1,0,0,0,nan,nan,nan,nan,nan,nan,nan
24354,1,5,5,0,0,0,0,1104,0,0,0,0,0,0,0,nan,nan,21.687113873340422,nan,nan,nan,nan
24355,1,5,5,0,0,0,0,1104,0,0,0,0,0,0,0,nan,nan,nan,nan,nan,nan,nan
24356,1,5,5,0,0,1,0,1104,0,0,0,0,1,0,0,nan,nan,nan,nan,13.359325698089378,nan,nan
24357,1,5,5,0,0,1,0,1104,0,0,0,0,1,0,0,nan,nan,nan,nan,nan,nan,nan
24358,1,5,5,0,0,1,0,1104,0,0,0,0,1,0,0,nan,nan,nan,nan,nan,nan,nan
24359,1,5,5,0,0,1,0,1105,0,0,0,0,1,0,1,nan,nan,nan,nan,nan,nan,22.096562387927406
24360,1,5,5,0,0,1,0,1105,0,0,0,0,1,0,1,nan,nan,nan,nan,nan,nan,nan
24361,1,5,5,0,0,1,0,1105,0,0,0,0,1,0,1,nan,nan,nan,nan,nan,nan,nan
24362,1,5,5,0,0,0,0,1105,0,0,0,0,1,0,0,nan,nan,nan,nan,nan,33.598906675357284,nan
24363,1,5,5,0,0,0,0,1105,0,0,0,0,1,0,0,nan,nan,nan,nan,nan,nan,nan
24364,1,5,5,0,0,0,0,1105,0,0,0,0,1,0,0,nan,nan,nan,nan,nan,nan,nan
24365,1,5,5,0,0,0,0,1105,0,0,0,0,1,0,0,nan,nan,nan,nan,nan,nan,nan
24366,1,5,5,0,0,0,0,1105,0,0,0,0,1,0,0,nan,nan,nan,nan,nan,nan,nan
24367,1,5,5,0,0,0,0,1105,0,0,0,0,1,0,0,nan,nan,nan,nan,nan,nan,nan
24368,1,5,5,0,0,0,0,1105,2,0,0,0,1,0,0,21.175979322808416,nan,nan,nan,nan,nan,nan
24369,1,5,5,0,0,0,0,1105,2,0,0,0,1,0,0,nan,nan,nan,nan,nan,nan,nan
24370,1,5,4,1,0,0,0,1105,2,0,0,0,1,0,0,nan,nan,16.116855572119675,nan,nan,nan,nan
24371,1,5,4,1,0,0,0,1105,2,0,0,0,1,0,0,nan,nan,nan,nan,nan,nan,nan
24372,1,5,4,1,0,0,0,1105,2,0,0,0,1,0,0,nan,nan,nan,nan,nan,nan,nan
24373,1,5,4,1,0,0,0,1105,2,0,0,0,1,0,0,nan,nan,nan,nan,nan,nan,nan
24374,1,5,4,1,0,0,0,1105,2,0,0,0,1,0,0,nan,nan,nan,nan,nan,nan,nan
24375,1,5,4,1,0,0,1,1105,2,0,0,0,1,1,0,nan,nan,nan,nan,nan,12.759708564273751,nan
24376,1,5,4,1,0,0,1,1105,2,0,0,0,1,1,0,nan,nan,nan,nan,nan,nan,nan
24377,1,5,4,1,0,0,1,1105,2,0,0,0,1,1,0,nan,nan,nan,nan,nan,nan,nan
24378,1,5,5,0,0,0,1,1105,0,0,0,0,0,1,0,nan,29.36914353105385,nan,33.1227884865948,nan,nan,nan
24379,1,5,5,0,0,0,1,1105,0,0,0,0,0,1,0,nan,nan,nan,nan,nan,nan,nan
24380,1,5,5,0,0,0,1,1105,0,0,0,0,0,1,0,nan,nan,nan,nan,nan,nan,nan
24381,1,5,5,0,0,0,1,1105,0,0,0,0,0,1,0,nan,nan,nan,nan,nan,nan,nan
24382,1,5,5,0,0,0,1,1105,0,0,0,0,0,1,0,nan,nan,nan,nan,nan,nan,nan
24383,1,5,5,0,0,0,1,1105,0,0,0,0,0,1,0,nan,nan,nan,nan,nan,nan,nan
24384,1,5,5,0,0,0,0,1106,0,0,0,0,0,1,0,nan,nan,nan,nan,nan,nan,25.642872807315143
24385,1,5,5,0,0,0,0,1106,0,0,0,0,0,1,0,nan,nan,nan,nan,nan,nan,nan
24386,1,5,5,0,0,0,0,1106,0,0,0,0,0,1,0,nan,nan,nan,nan,nan,nan,nan
24387,1,5,5,0,0,0,0,1106,0,0,0,0,0,1,0,nan,nan,nan,nan,nan,nan,nan
24388,1,5,5,0,0,0,0,1106,0,0,0,0,0,1,0,nan,nan,nan,nan,nan,nan,nan
24389,1,5,5,0,0,0,0,1106,0,0,0,0,0,1,0,nan,nan,nan,nan,nan,nan,nan
24390,1,5,5,0,0,0,0,1106,0,0,0,0,0,1,0,nan,nan,nan,nan,nan,nan,nan
24391,1,5,5,0,0,0,0,1106,0,0,0,0,0,1,0,nan,nan,nan,nan,nan,nan,nan
24392,1,5,5,0,0,0,0,1106,0,0,0,0,1,0,0,nan,nan,nan,nan,35.590946673371946,nan,nan
24393,1,5,5,0,0,0,0,1106,0,0,0,0,1,0,0,nan,nan,nan,nan,nan,nan,nan
24394,1,5,5,0,0,0,0,1107,0,0,0,0,1,0,1,nan,nan,nan,nan,nan,nan,9.775601779248973
24395,1,5,4,1,0,0,0,1107,0,0,0,0,1,0,1,nan,nan,24.798435968110425,nan,nan,nan,nan
24396,1,5,4,1,0,0,0,1107,0,0,0,0,1,0,1,nan,nan,nan,nan,nan,nan,nan
24397,1,5,4,1,0,0,0,1107,0,0,0,0,1,0,1,nan,nan,nan,nan,nan,nan,nan
24398,1,5,4,0,0,0,0,1107,0,0,0,0,0,0,1,nan,nan,nan,19.858458707338286,nan,nan,nan
24399,1,5,4,0,0,0,0,1107,2,0,0,0,0,0,1,31.26183080012197,nan,nan,nan,nan,nan,nan
24400,1,5,4,0,0,0,0,1107,2,0,0,0,0,0,1,nan,nan,nan,nan,nan,nan,nan
24401,1,5,4,0,0,0,0,1107,2,0,0,0,0,0,1,nan,nan,nan,nan,nan,nan,nan
24402,1,5,4,0,0,0,0,1107,2,0,0,0,0,0,1,nan,nan,nan,nan,nan,nan,nan
24403,1,5,4,0,0,0,0,1107,2,0,0,0,0,0,1,nan,nan,nan,nan,nan,nan,nan
24404,1,5,4,0,0,0,0,1107,2,0,0,0,0,0,1,nan,nan,nan,nan,nan,nan,nan
24405,1,5,4,0,0,0,0,1107,2,0,0,0,0,0,1,nan,nan,nan,nan,nan,nan,nan
24406,1,5,4,0,0,0,0,1107,2,0,0,0,0,0,1,nan,nan,nan,nan,nan,nan,nan
24407,1,5,4,0,0,0,0,1107,2,0,0,0,0,0,1,nan,nan,nan,nan,nan,nan,nan
24408,1,5,5,0,0,0,0,1107,0,0,0,0,0,0,1,nan,29.709041834725213,nan,nan,nan,nan,nan
24409,1,5,5,0,0,0,0,1107,0,0,0,0,0,0,1,nan,nan,nan,nan,nan,nan,nan
24410,1,5,5,0,0,0,0,1107,0,0,0,0,0,0,1,nan,nan,nan,nan,nan,nan,nan
24411,1,5,5,0,0,1,0,1107,0,0,0,0,1,0,1,nan,nan,nan,nan,18.84840404582428,nan,nan
24412,1,5,5,0,0,1,0,1107,0,0,0,0,1,0,1,nan,nan,nan,nan,nan,nan,nan
24413,1,5,5,0,0,1,0,1107,0,0,0,1,0,0,1,nan,nan,nan,14.675831247055612,nan,nan,nan
24414,1,5,5,0,0,1,0,1107,0,0,0,1,0,0,1,nan,nan,nan,nan,nan,nan,nan
24415,1,5,5,0,0,1,0,1107,0,0,0,1,0,0,1,nan,nan,nan,nan,nan,nan,nan
24416,1,5,5,0,0,1,0,1107,0,0,0,1,0,0,1,nan,nan,nan,nan,nan,nan,nan
24417,1,5,5,0,0,1,0,1107,0,0,0,1,0,0,1,nan,nan,nan,nan,nan,nan,nan
24418,1,5,5,0,0,1,0,1107,0,0,0,1,0,0,1,nan,nan,nan,nan,nan,nan,nan
24419,1,5,5,0,0,1,0,1107,0,0,0,1,0,0,1,nan,nan,nan,nan,nan,nan,nan
24420,1,5,4,0,0,0,0,1107,0,0,0,0,0,0,0,nan,nan,24.812802922588162,nan,nan,45.09928934638447,nan
24421,1,5,4,0,0,0,0,1107,0,0,0,0,0,0,0,nan,nan,nan,nan,nan,nan,nan
24422,1,5,4,0,0,0,0,1107,0,0,0,0,0,0,0,nan,nan,nan,nan,nan,nan,nan
24423,1,5,4,0,0,0,0,1107,2,0,0,0,0,0,0,23.523260540878255,nan,nan,nan,nan,nan,nan
24424,1,5,4,0,0,0,0,1107,2,0,0,0,0,0,0,nan,nan,nan,nan,nan,nan,nan
24425,1,5,4,0,0,0,0,1107,2,0,0,0,0,0,0,nan,nan,nan,nan,nan,nan,nan
24426,1,5,4,0,0,0,0,1107,2,0,0,0,0,0,0,nan,nan,nan,nan,nan,nan,nan
24427,1,5,4,0,0,0,0,1107,2,0,0,0,0,0,0,nan,nan,nan,nan,nan,nan,nan
24428,1,5,4,0,0,1,0,1107,2,0,0,0,1,0,0,nan,nan,nan,nan,17.611776129670034,nan,nan
24429,1,5,4,0,0,1,0,1107,2,0,0,1,0,0,0,nan,nan,nan,16.007424165127304,nan,nan,nan
24430,1,5,5,0,0,1,0,1107,0,0,0,1,0,0,0,nan,21.65583347833308,nan,nan,nan,nan,nan
24431,1,5,5,0,0,1,0,1107,0,0,0,1,0,0,0,nan,nan,nan,nan,nan,nan,nan
24432,1,5,5,0,0,1,0,1107,0,0,0,1,0,0,0,nan,nan,nan,nan,nan,nan,nan
24433,1,5,5,0,0,1,0,1107,0,0,0,1,0,0,0,nan,nan,nan,nan,nan,nan,nan
24434,1,5,5,0,0,1,0,1108,0,0,0,1,0,0,1,nan,nan,nan,nan,nan,nan,39.636309136873024
24435,1,5,5,0,0,1,0,1108,0,0,0,1,0,0,1,nan,nan,nan,nan,nan,nan,nan
24436,1,5,5,0,0,1,0,1108,0,0,0,1,0,0,1,nan,nan,nan,nan,nan,nan,nan
24437,1,5,5,0,0,0,0,1108,0,0,0,1,0,0,0,nan,nan,nan,nan,nan,17.113421341302455,nan
24438,1,5,5,0,0,0,0,1108,0,0,0,1,0,0,0,nan,nan,nan,nan,nan,nan,nan
24439,1,5,5,0,0,0,0,1108,0,0,0,1,0,0,0,nan,nan,nan,nan,nan,nan,nan
24440,1,5,5,0,0,0,0,1108,0,0,0,1,0,0,0,nan,nan,nan,nan,nan,nan,nan
24441,1,5,5,0,0,0,0,1108,0,2,0,1,0,0,0,nan,11.542612466939318,nan,nan,nan,nan,nan
24442,1,5,5,0,0,1,0,1108,0,2,0,1,1,0,0,nan,nan,nan,nan,13.360089742360287,nan,nan
24443,1,5,5,0,0,1,0,1108,0,2,0,1,1,0,0,nan,nan,nan,nan,nan,nan,nan
24444,1,5,5,0,0,1,0,1108,0,2,0,1,1,0,0,nan,nan,nan,nan,nan,nan,nan
24445,1,5,5,0,0,1,0,1108,0,2,0,1,1,0,0,nan,nan,nan,nan,nan,nan,nan
24446,1,5,5,0,0,1,0,1108,0,2,0,1,1,0,0,nan,nan,nan,nan,nan,nan,nan
24447,1,5,5,0,0,1,0,1108,0,2,0,1,1,0,0,nan,nan,nan,nan,nan,nan,nan
24448,1,5,5,0,0,1,0,1108,2,2,0,1,1,0,0,25.232598519465682,nan,nan,nan,nan,nan,nan
24449,1,5,5,0,0,1,0,1108,2,2,0,1,1,0,0,nan,nan,nan,nan,nan,nan,nan
24450,1,5,5,0,0,1,0,1108,2,2,0,1,1,0,0,nan,nan,nan,nan,nan,nan,nan
24451,1,5,5,0,0,0,1,1108,2,2,0,1,1,0,0,nan,nan,nan,nan,nan,14.563125379943813,nan
24452,1,5,5,0,0,0,1,1108,2,2,0,1,1,0,0,nan,nan,nan,nan,nan,nan,nan
24453,1,5,5,0,0,0,1,1108,2,2,0,1,1,0,0,nan,nan,nan,nan,nan,nan,nan
24454,1,5,5,0,0,0,1,1108,2,2,0,1,1,0,0,nan,nan,nan,nan,nan,nan,nan
24455,1,5,5,0,0,0,1,1108,2,2,0,1,1,0,0,nan,nan,nan,nan,nan,nan,nan
24456,1,5,5,0,0,0,1,1108,2,2,0,1,1,0,0,nan,nan,nan,nan,nan,nan,nan
24457,1,5,5,0,0,0,1,1108,2,2,0,1,1,0,0,nan,nan,nan,nan,nan,nan,nan
24458,1,5,5,0,0,0,1,1108,2,2,0,1,1,0,0,nan,nan,nan,nan,nan,nan,nan
24459,1,5,5,0,0,0,1,1108,2,2,0,1,1,0,0,nan,nan,nan,nan,nan,nan,nan
24460,1,5,5,0,0,0,1,1108,0,0,0,0,1,0,0,nan,nan,40.571662774309516,nan,nan,nan,nan
24461,1,5,5,0,0,0,0,1109,0,0,0,0,1,0,0,nan,nan,nan,nan,nan,nan,27.62508950712072
24462,1,5,5,0,0,0,0,1109,0,0,0,0,1,0,0,nan,nan,nan,nan,nan,nan,nan
24463,1,5,5,0,0,0,1,1109,0,0,0,0,1,1,0,nan,nan,nan,nan,nan,11.561649376286368,nan
24464,1,5,5,0,0,0,1,1109,0,0,0,0,1,1,0,nan,nan,nan,nan,nan,nan,nan
24465,1,5,5,0,0,0,1,1109,0,0,0,0,1,1,0,nan,nan,nan,nan,nan,nan,nan
24466,1,5,5,0,0,0,1,1109,0,0,0,0,1,1,0,nan,nan,nan,nan,nan,nan,nan
24467,1,5,5,0,0,0,1,1109,0,0,0,0,1,1,0,nan,nan,nan,nan,nan,nan,nan
24468,1,5,5,0,0,0,1,1109,0,0,0,0,1,1,0,nan,nan,nan,nan,nan,nan,nan
24469,1,5,5,0,0,0,1,1109,0,0,0,0,1,1,0,nan,nan,nan,nan,nan,nan,nan
24470,1,5,5,0,0,0,1,1109,0,0,0,0,1,1,0,nan,nan,nan,nan,nan,nan,nan
24471,1,5,5,0,0,0,1,1109,2,0,0,0,1,1,0,22.502390402212768,nan,nan,nan,nan,nan,nan
24472,1,5,5,0,0,0,1,1109,2,0,0,0,1,1,0,nan,nan,nan,nan,nan,nan,nan
24473,1,5,4,1,0,0,1,1109,2,0,0,0,1,1,0,nan,nan,12.230219923032564,nan,nan,nan,nan
24474,1,5,4,1,0,0,1,1109,2,0,0,0,1,1,0,nan,nan,nan,nan,nan,nan,nan
24475,1,5,4,1,0,0,1,1109,2,0,0,0,1,1,0,nan,nan,nan,nan,nan,nan,nan
24476,1,5,4,1,0,0,1,1109,2,0,0,0,1,1,0,nan,nan,nan,nan,nan,nan,nan
24477,1,5,4,1,0,0,1,1109,2,0,0,0,1,1,0,nan,nan,nan,nan,nan,nan,nan
24478,1,5,4,1,0,0,1,1109,2,0,0,0,1,1,0,nan,nan,nan,nan,nan,nan,nan
24479,1,5,4,1,0,0,1,1109,2,0,0,0,1,1,0,nan,nan,nan,nan,nan,nan,nan
24480,1,5,5,0,0,0,0,1110,0,0,0,0,0,1,0,nan,38.85388501492707,nan,51.05555739491683,nan,nan,18.152436965050583
24481,1,5,5,0,0,0,0,1110,0,0,0,0,0,1,0,nan,nan,nan,nan,nan,nan,nan
24482,1,5,5,0,0,0,0,1110,0,0,0,0,0,1,0,nan,nan,nan,nan,nan,nan,nan
24483,1,5,5,0,0,0,0,1110,0,0,0,0,0,1,0,nan,nan,nan,nan,nan,nan,nan
24484,1,5,5,0,0,0,0,1110,0,0,0,0,0,1,0,nan,nan,nan,nan,nan,nan,nan
24485,1,5,5,0,0,0,0,1110,0,0,0,0,0,1,0,nan,nan,nan,nan,nan,nan,nan
24486,1,5,4,1,0,0,0,1110,0,0,0,0,0,1,0,nan,nan,13.606995339701825,nan,nan,nan,nan
24487,1,5,4,1,0,0,0,1110,0,0,0,0,0,1,0,nan,nan,nan,nan,nan,nan,nan
24488,1,5,4,1,0,0,0,1110,0,0,0,0,0,1,0,nan,nan,nan,nan,nan,nan,nan
24489,1,5,4,1,0,0,0,1110,0,0,0,0,0,1,0,nan,nan,nan,nan,nan,nan,nan
24490,1,5,4,1,0,0,0,1110,0,0,0,0,0,1,0,nan,nan,nan,nan,nan,nan,nan
24491,1,5,4,1,0,0,0,1110,0,0,0,0,0,1,0,nan,nan,nan,nan,nan,nan,nan
24492,1,5,4,1,0,0,0,1110,0,0,0,0,0,1,0,nan,nan,nan,nan,nan,nan,nan
24493,1,5,4,1,0,0,0,1110,0,0,0,0,0,1,0,nan,nan,nan,nan,nan,nan,nan
24494,1,5,4,1,0,0,0,1110,0,0,0,0,0,1,0,nan,nan,nan,nan,nan,nan,nan
24495,1,5,4,1,0,0,0,1110,0,0,0,0,0,1,0,nan,nan,nan,nan,nan,nan,nan
24496,1,5,4,1,0,0,0,1110,0,0,0,0,0,1,0,nan,nan,nan,nan,nan,nan,nan
24497,1,5,4,1,0,0,0,1110,0,0,0,0,0,1,0,nan,nan,nan,nan,nan,nan,nan
24498,1,5,5,1,0,0,0,1110,0,0,0,0,0,1,0,27.960760797766852,18.092160695407074,nan,nan,nan,nan,nan
24499,1,5,5,1,0,0,0,1111,0,0,0,0,0,1,1,nan,nan,nan,nan,nan,nan,19.01514492359638
24500,1,5,5,1,0,0,0,1111,0,0,0,0,0,1,1,nan,nan,nan,nan,nan,nan,nan
24501,1,5,5,1,0,0,0,1111,0,0,0,0,0,1,1,nan,nan,nan,nan,nan,nan,nan
24502,1,5,5,1,0,0,0,1111,0,0,0,0,0,1,1,nan,nan,nan,nan,nan,nan,nan
24503,1,5,5,1,0,0,0,1111,0,0,0,0,0,1,1,nan,nan,nan,nan,nan,nan,nan
24504,1,5,5,1,0,0,0,1111,0,0,0,0,0,1,1,nan,nan,nan,nan,nan,nan,nan
24505,1,5,5,1,0,0,0,1111,0,0,0,0,0,1,1,nan,nan,nan,nan,nan,nan,nan
24506,1,5,5,1,0,0,0,1111,0,0,0,0,0,1,1,nan,nan,nan,nan,nan,nan,nan
24507,1,5,5,1,0,0,0,1111,0,0,0,0,1,0,1,nan,nan,nan,nan,65.44138303098589,nan,nan
24508,1,5,5,1,0,0,0,1111,0,0,0,0,1,0,1,nan,nan,nan,nan,nan,nan,nan
24509,1,5,5,1,0,0,0,1111,0,0,0,0,1,0,1,nan,nan,nan,nan,nan,nan,nan
24510,1,5,5,1,0,0,0,1111,0,0,0,0,1,0,1,nan,nan,nan,nan,nan,nan,nan
24511,1,5,5,1,0,0,0,1111,2,0,0,0,1,0,1,12.541579808566894,nan,nan,nan,nan,nan,nan
24512,1,5,5,1,0,0,0,1111,2,0,0,0,1,0,1,nan,nan,nan,nan,nan,nan,nan
24513,1,5,5,1,0,0,0,1111,2,0,0,0,1,0,1,nan,nan,nan,nan,nan,nan,nan
24514,1,5,5,1,0,0,0,1111,2,0,0,0,1,0,1,nan,nan,nan,nan,nan,nan,nan
24515,1,5,5,1,0,0,0,1111,2,0,0,0,1,0,1,nan,nan,nan,nan,nan,nan,nan
24516,1,5,5,1,0,0,0,1111,2,0,0,0,1,0,1,nan,nan,nan,nan,nan,nan,nan
24517,1,5,5,1,0,0,0,1111,2,0,0,0,1,0,1,nan,nan,nan,nan,nan,nan,nan
24518,1,5,5,1,0,0,0,1111,2,0,0,0,1,0,1,nan,nan,nan,nan,nan,nan,nan
24519,1,5,5,0,0,0,0,1111,2,0,0,0,0,0,1,nan,nan,nan,38.709056013798545,nan,nan,nan
24520,1,5,5,0,0,0,0,1111,2,0,0,0,0,0,1,nan,nan,nan,nan,nan,nan,nan
24521,1,5,5,0,0,0,0,1111,2,0,0,0,0,0,1,nan,nan,nan,nan,nan,nan,nan
24522,1,5,5,0,0,0,0,1111,2,0,0,0,0,0,1,nan,nan,nan,nan,nan,nan,nan
24523,1,5,5,0,0,0,0,1111,2,0,0,0,0,0,1,nan,nan,nan,nan,nan,nan,nan
24524,1,5,5,0,0,0,0,1111,2,0,0,0,0,0,1,nan,nan,nan,nan,nan,nan,nan
24525,1,5,5,0,0,0,0,1111,2,0,0,0,0,0,1,nan,nan,nan,nan,nan,nan,nan
24526,1,5,5,0,0,0,0,1111,2,0,0,0,0,0,1,nan,nan,nan,nan,nan,nan,nan
24527,1,5,5,0,0,0,0,1111,2,0,0,0,0,0,1,nan,nan,nan,nan,nan,nan,nan
24528,1,5,5,0,0,0,0,1111,2,0,0,0,0,0,1,nan,nan,nan,nan,nan,nan,nan
24529,1,5,5,0,0,0,0,1111,2,0,0,0,0,0,1,nan,nan,nan,nan,nan,nan,nan
24530,1,5,5,0,0,0,0,1111,2,0,0,0,0,0,1,nan,nan,nan,nan,nan,nan,nan
24531,1,5,5,0,0,0,0,1111,2,0,0,0,0,0,1,nan,nan,nan,nan,nan,nan,nan
24532,1,5,5,0,0,0,0,1111,2,0,0,0,0,0,1,nan,nan,nan,nan,nan,nan,nan
24533,1,5,5,0,0,0,0,1111,2,0,0,0,0,0,1,nan,nan,nan,nan,nan,nan,nan
24534,1,5,5,0,0,0,0,1111,2,0,0,0,0,0,1,nan,nan,nan,nan,nan,nan,nan
24535,1,5,5,0,0,0,0,1111,2,0,0,0,0,0,1,nan,nan,nan,nan,nan,nan,nan
24536,1,5,5,0,0,1,0,1111,2,0,0,0,1,0,1,nan,nan,nan,nan,28.521527201184654,nan,nan
24537,1,5,5,0,0,0,0,1111,2,2,0,0,1,0,0,nan,38.732636910619476,nan,nan,nan,73.62101875525696,nan
24538,1,5,5,1,0,0,0,1111,0,0,0,0,1,0,0,nan,nan,51.67853575267509,nan,nan,nan,nan
24539,1,5,5,1,0,0,0,1111,0,0,0,0,1,0,0,nan,nan,nan,nan,nan,nan,nan
24540,1,5,5,1,0,0,0,1111,0,0,0,0,1,0,0,nan,nan,nan,nan,nan,nan,nan
24541,1,5,5,1,0,0,0,1111,0,0,0,0,1,0,0,nan,nan,nan,nan,nan,nan,nan
24542,1,5,5,1,0,0,0,1111,0,0,0,0,1,0,0,nan,nan,nan,nan,nan,nan,nan
24543,1,5,5,1,0,0,0,1111,0,0,0,0,1,0,0,nan,nan,nan,nan,nan,nan,nan
24544,1,5,5,1,0,0,0,1111,0,0,0,0,1,0,0,nan,nan,nan,nan,nan,nan,nan
24545,1,5,5,1,0,0,0,1111,0,0,0,0,1,0,0,nan,nan,nan,nan,nan,nan,nan
24546,1,5,5,1,0,0,0,1111,0,0,0,0,1,0,0,nan,nan,nan,nan,nan,nan,nan
24547,1,5,5,1,0,0,0,1111,0,0,0,0,1,0,0,nan,nan,nan,nan,nan,nan,nan
24548,1,5,5,0,0,0,0,1111,2,0,0,0,0,0,0,37.279045899686025,nan,nan,29.090090229197813,nan,nan,nan
24549,1,5,5,0,0,0,0,1111,2,2,0,0,0,0,0,nan,11.855928475000837,nan,nan,nan,nan,nan
24550,1,5,5,0,0,0,0,1111,2,2,0,0,0,0,0,nan,nan,nan,nan,nan,nan,nan
24551,1,5,5,0,0,0,1,1111,2,2,0,0,0,1,0,nan,nan,nan,nan,nan,13.963099300650356,nan
24552,1,5,5,0,0,0,1,1111,2,2,0,0,0,1,0,nan,nan,nan,nan,nan,nan,nan
24553,1,5,5,0,0,0,1,1111,2,2,0,0,0,1,0,nan,nan,nan,nan,nan,nan,nan
24554,1,5,5,1,0,0,1,1111,0,0,0,0,0,1,0,nan,nan,16.279193377635238,nan,nan,nan,nan
24555,1,5,5,1,0,0,1,1111,0,0,0,0,0,1,0,nan,nan,nan,nan,nan,nan,nan
24556,1,5,5,1,0,0,1,1111,0,0,0,0,0,1,0,nan,nan,nan,nan,nan,nan,nan
24557,1,5,5,0,1,0,1,1111,0,0,0,0,0,1,0,nan,nan,nan,9.629566647123283,nan,nan,nan
24558,1,5,5,0,0,0,1,1111,0,0,0,0,0,0,0,nan,nan,nan,nan,22.29179533281058,nan,nan
24559,1,5,5,0,0,0,1,1111,0,0,0,0,0,0,0,nan,nan,nan,nan,nan,nan,nan
24560,1,5,5,0,0,0,1,1111,0,0,0,0,0,0,0,nan,nan,nan,nan,nan,nan,nan
24561,1,5,5,0,0,0,1,1111,0,0,0,0,0,0,0,nan,nan,nan,nan,nan,nan,nan
24562,1,5,5,0,0,0,1,1111,0,0,0,0,0,0,0,nan,nan,nan,nan,nan,nan,nan
24563,1,5,5,0,0,0,1,1111,0,0,0,0,0,0,0,nan,nan,nan,nan,nan,nan,nan
24564,1,5,5,0,0,0,1,1111,0,0,0,0,0,0,0,nan,nan,nan,nan,nan,nan,nan
24565,1,5,5,0,0,0,1,1111,0,0,0,0,0,0,0,nan,nan,nan,nan,nan,nan,nan
24566,1,5,5,0,0,0,1,1111,0,0,0,0,0,0,0,nan,nan,nan,nan,nan,nan,nan
24567,1,5,5,0,0,0,1,1111,0,2,0,0,0,0,0,nan,17.705595737399562,nan,nan,nan,nan,nan
24568,1,5,5,0,0,0,0,1112,0,2,0,0,0,0,0,nan,nan,nan,nan,nan,nan,69.09222522936398
24569,1,5,5,0,0,0,0,1112,0,2,0,0,0,0,0,nan,nan,nan,nan,nan,nan,nan
24570,1,5,5,0,0,0,0,1112,0,2,0,0,0,0,0,nan,nan,nan,nan,nan,nan,nan
24571,1,5,5,0,0,0,0,1112,0,2,0,0,0,0,0,nan,nan,nan,nan,nan,nan,nan
24572,1,5,5,0,0,1,0,1112,0,2,0,0,1,0,0,nan,nan,nan,nan,13.62608630327668,nan,nan
24573,1,5,5,0,0,0,1,1112,0,2,0,0,1,0,0,nan,nan,nan,nan,nan,22.743650681441068,nan
24574,1,5,5,0,0,0,1,1112,0,2,0,0,1,0,0,nan,nan,nan,nan,nan,nan,nan
24575,1,5,5,0,0,0,1,1112,0,2,0,0,1,0,0,nan,nan,nan,nan,nan,nan,nan
24576,1,5,5,0,0,0,1,1112,2,2,0,1,0,0,0,28.14690484676248,nan,nan,18.615560552701936,nan,nan,nan
24577,1,5,5,0,0,0,1,1112,2,2,0,1,0,0,0,nan,nan,nan,nan,nan,nan,nan
24578,1,5,5,0,0,0,1,1112,2,2,0,1,0,0,0,nan,nan,nan,nan,nan,nan,nan
24579,1,5,5,0,0,0,0,1113,2,2,0,1,0,0,0,nan,nan,nan,nan,nan,nan,11.623433746150113
24580,1,5,5,0,0,0,0,1113,2,2,0,1,0,0,0,nan,nan,nan,nan,nan,nan,nan
24581,1,5,5,0,0,0,0,1113,0,0,0,0,0,0,0,nan,nan,26.766780069807282,nan,nan,nan,nan
24582,1,5,5,0,0,0,0,1113,0,0,0,0,0,0,0,nan,nan,nan,nan,nan,nan,nan
24583,1,5,5,0,0,0,0,1113,0,0,0,0,0,0,0,nan,nan,nan,nan,nan,nan,nan
24584,1,5,5,0,0,0,0,1113,0,0,0,0,0,0,0,nan,nan,nan,nan,nan,nan,nan
24585,1,5,5,0,0,0,0,1113,0,0,0,0,0,0,0,nan,nan,nan,nan,nan,nan,nan
24586,1,5,5,0,0,0,0,1113,0,0,0,0,0,0,0,nan,nan,nan,nan,nan,nan,nan
24587,1,5,5,0,0,0,0,1113,0,0,0,0,0,0,0,nan,nan,nan,nan,nan,nan,nan
24588,1,5,5,0,0,1,0,1113,0,0,0,0,1,0,0,nan,nan,nan,nan,15.950400194920803,nan,nan
24589,1,5,5,0,0,1,0,1113,0,0,0,0,1,0,0,nan,nan,nan,nan,nan,nan,nan
24590,1,5,5,0,0,1,0,1113,0,2,0,0,1,0,0,nan,23.56416243624699,nan,nan,nan,nan,nan
24591,1,5,5,0,0,1,0,1113,0,2,0,0,1,0,0,nan,nan,nan,nan,nan,nan,nan
24592,1,5,5,0,0,0,1,1113,0,2,0,0,1,0,0,nan,nan,nan,nan,nan,19.005946723453235,nan
24593,1,5,5,0,0,0,1,1113,0,2,0,0,1,0,0,nan,nan,nan,nan,nan,nan,nan
24594,1,5,5,0,0,0,1,1113,0,2,0,0,1,0,0,nan,nan,nan,nan,nan,nan,nan
24595,1,5,5,0,0,0,1,1113,0,2,0,0,1,0,0,nan,nan,nan,nan,nan,nan,nan
24596,1,5,5,0,0,0,1,1113,0,2,0,0,1,0,0,nan,nan,nan,nan,nan,nan,nan
24597,1,4,5,1,0,0,1,1113,0,0,0,0,1,0,0,nan,nan,15.951565045561438,nan,nan,nan,nan
24598,1,5,5,0,0,0,1,1113,0,0,0,0,0,0,0,21.578380748193013,nan,nan,22.391616137767414,nan,nan,nan
24599,1,5,5,0,0,0,1,1113,0,0,0,0,0,0,0,nan,nan,nan,nan,nan,nan,nan
24600,1,5,5,0,0,0,1,1113,0,0,0,0,0,0,0,nan,nan,nan,nan,nan,nan,nan
24601,1,5,5,0,0,0,1,1113,0,0,0,0,0,0,0,nan,nan,nan,nan,nan,nan,nan
24602,1,5,5,0,0,0,1,1113,0,0,0,0,0,0,0,nan,nan,nan,nan,nan,nan,nan
24603,1,5,5,0,0,0,1,1113,0,0,0,0,0,0,0,nan,nan,nan,nan,nan,nan,nan
24604,1,5,5,0,0,0,1,1113,0,0,0,0,0,0,0,nan,nan,nan,nan,nan,nan,nan
24605,1,5,5,0,0,0,1,1113,0,0,0,0,0,0,0,nan,nan,nan,nan,nan,nan,nan
24606,1,5,5,0,0,0,1,1113,0,0,0,0,0,0,0,nan,nan,nan,nan,nan,nan,nan
24607,1,5,5,0,0,0,1,1113,0,0,0,0,0,0,0,nan,nan,nan,nan,nan,nan,nan
24608,1,5,5,0,0,0,1,1113,0,0,0,0,0,0,0,nan,nan,nan,nan,nan,nan,nan
24609,1,5,5,0,1,0,1,1113,0,0,0,1,0,0,0,nan,nan,nan,11.087650659817882,nan,nan,nan
24610,1,5,5,0,1,0,1,1113,0,2,0,1,0,0,0,nan,19.6459552048982,nan,nan,nan,nan,nan
24611,1,5,5,0,1,0,1,1113,0,2,0,1,0,0,0,nan,nan,nan,nan,nan,nan,nan
24612,1,5,5,0,1,0,0,1114,0,2,0,1,0,0,0,nan,nan,nan,nan,nan,nan,32.75322514839354
24613,1,5,5,0,1,0,0,1114,0,2,0,1,0,0,0,nan,nan,nan,nan,nan,nan,nan
24614,1,5,5,0,1,0,0,1114,0,2,0,1,0,0,0,nan,nan,nan,nan,nan,nan,nan
24615,1,5,5,0,1,0,1,1114,0,2,0,1,0,1,0,nan,nan,nan,nan,nan,22.70902061846573,nan
24616,1,5,5,0,0,0,1,1114,0,2,0,1,0,0,0,nan,nan,nan,nan,28.10313523230434,nan,nan
24617,1,4,5,0,0,0,1,1114,0,0,0,0,0,0,0,nan,nan,20.460733353014803,nan,nan,nan,nan
24618,1,4,5,0,0,0,1,1114,0,0,0,0,0,0,0,nan,nan,nan,nan,nan,nan,nan
24619,1,4,5,0,0,0,1,1114,0,0,0,0,0,0,0,nan,nan,nan,nan,nan,nan,nan
24620,1,4,5,0,0,0,1,1114,0,0,0,0,0,0,0,nan,nan,nan,nan,nan,nan,nan
24621,1,4,5,0,0,0,0,1115,0,0,0,0,0,0,0,nan,nan,nan,nan,nan,nan,9.476434228472499
24622,1,4,5,0,0,0,0,1115,0,0,0,0,0,0,0,nan,nan,nan,nan,nan,nan,nan
24623,1,4,5,0,0,0,0,1115,0,0,0,0,0,0,0,nan,nan,nan,nan,nan,nan,nan
24624,1,4,5,0,0,0,0,1115,0,0,0,0,0,0,0,nan,nan,nan,nan,nan,nan,nan
24625,1,4,5,0,0,0,0,1115,0,0,0,0,0,0,0,nan,nan,nan,nan,nan,nan,nan
24626,1,4,5,0,0,0,0,1115,0,0,0,0,0,0,0,nan,nan,nan,nan,nan,nan,nan
24627,1,4,5,0,0,0,0,1115,0,0,0,0,0,0,0,nan,nan,nan,nan,nan,nan,nan
24628,1,4,5,0,0,0,1,1115,0,2,0,0,0,1,0,nan,18.38754667136527,nan,nan,nan,13.100549030212278,nan
24629,1,4,5,0,0,0,1,1115,0,2,0,0,0,1,0,nan,nan,nan,nan,nan,nan,nan
24630,1,4,5,0,0,0,1,1115,0,2,0,0,0,1,0,nan,nan,nan,nan,nan,nan,nan
24631,1,4,5,0,0,0,1,1115,0,2,0,0,0,1,0,nan,nan,nan,nan,nan,nan,nan
24632,1,4,5,0,0,0,1,1115,0,2,0,0,0,1,0,nan,nan,nan,nan,nan,nan,nan
24633,1,5,5,0,0,0,1,1115,0,2,0,0,0,1,0,34.78764787893306,nan,nan,nan,nan,nan,nan
24634,1,5,5,0,0,0,1,1115,0,2,0,0,0,1,0,nan,nan,nan,nan,nan,nan,nan
24635,1,5,5,0,0,0,1,1115,0,2,0,0,0,1,0,nan,nan,nan,nan,nan,nan,nan
24636,1,5,5,0,0,0,1,1115,0,2,0,0,0,1,0,nan,nan,nan,nan,nan,nan,nan
24637,1,5,5,0,0,0,1,1115,0,2,0,0,0,1,0,nan,nan,nan,nan,nan,nan,nan
24638,1,5,5,0,1,0,1,1115,0,2,0,1,0,1,0,nan,nan,nan,28.655419802016695,nan,nan,nan
24639,1,5,5,0,1,0,1,1115,0,2,0,1,0,1,0,nan,nan,nan,nan,nan,nan,nan
24640,1,5,5,0,1,0,1,1115,0,2,0,1,0,1,0,nan,nan,nan,nan,nan,nan,nan
24641,1,5,5,0,1,0,1,1115,0,2,0,1,0,1,0,nan,nan,nan,nan,nan,nan,nan
24642,1,5,5,0,1,0,1,1115,0,2,0,1,0,1,0,nan,nan,nan,nan,nan,nan,nan
24643,1,5,5,0,1,0,1,1115,0,2,0,1,0,1,0,nan,nan,nan,nan,nan,nan,nan
24644,1,5,5,0,0,0,1,1115,0,2,0,1,0,0,0,nan,nan,nan,nan,28.775229506532924,nan,nan
24645,1,5,5,0,0,0,1,1115,0,2,0,1,0,0,0,nan,nan,nan,nan,nan,nan,nan
24646,1,5,5,0,0,0,1,1115,0,2,0,1,0,0,0,nan,nan,nan,nan,nan,nan,nan
24647,1,5,5,0,0,0,1,1115,0,2,0,1,0,0,0,nan,nan,nan,nan,nan,nan,nan
24648,1,5,5,0,0,0,1,1115,0,2,0,1,0,0,0,nan,nan,nan,nan,nan,nan,nan
24649,1,5,5,0,0,0,1,1115,0,2,0,1,0,0,0,nan,nan,nan,nan,nan,nan,nan
24650,1,5,5,0,0,0,1,1115,0,2,0,1,0,0,0,nan,nan,nan,nan,nan,nan,nan
24651,1,5,5,0,0,0,0,1116,0,2,0,1,0,0,0,nan,nan,nan,nan,nan,nan,29.631065544803278
24652,1,5,5,0,0,0,0,1116,2,2,0,1,0,0,0,19.68151189605487,nan,nan,nan,nan,nan,nan
24653,1,5,5,0,0,0,0,1116,2,2,0,1,0,0,0,nan,nan,nan,nan,nan,nan,nan
24654,1,5,5,0,0,0,0,1116,2,2,0,1,0,0,0,nan,nan,nan,nan,nan,nan,nan
24655,1,5,5,0,0,0,0,1116,2,2,0,1,0,0,0,nan,nan,nan,nan,nan,nan,nan
24656,1,5,5,0,0,0,0,1116,2,2,0,1,0,0,0,nan,nan,nan,nan,nan,nan,nan
24657,1,5,5,0,0,0,1,1116,2,2,0,1,0,1,0,nan,nan,nan,nan,nan,28.756384717227775,nan
24658,1,5,5,0,0,0,1,1116,2,2,0,1,0,1,0,nan,nan,nan,nan,nan,nan,nan
24659,1,5,5,0,0,0,1,1116,0,0,0,0,1,0,0,nan,nan,42.01932456922441,nan,14.65465581292301,nan,nan
24660,1,5,5,0,0,0,1,1116,0,0,0,0,1,0,0,nan,nan,nan,nan,nan,nan,nan
24661,1,5,5,0,0,0,1,1116,0,0,0,0,1,0,0,nan,nan,nan,nan,nan,nan,nan
24662,1,5,5,0,0,0,1,1116,0,0,0,0,1,0,0,nan,nan,nan,nan,nan,nan,nan
24663,1,5,5,0,0,0,1,1116,0,0,0,0,1,0,0,nan,nan,nan,nan,nan,nan,nan
24664,1,5,5,0,0,0,1,1116,0,0,0,0,1,0,0,nan,nan,nan,nan,nan,nan,nan
24665,1,5,5,0,0,0,1,1116,0,0,0,0,1,0,0,nan,nan,nan,nan,nan,nan,nan
24666,1,5,5,0,0,0,0,1117,0,0,0,0,1,0,0,nan,nan,nan,nan,nan,nan,14.673761780657514
24667,1,5,5,0,0,0,0,1117,0,0,0,0,1,0,0,nan,nan,nan,nan,nan,nan,nan
24668,1,5,5,0,0,0,0,1117,0,0,0,0,1,0,0,nan,nan,nan,nan,nan,nan,nan
24669,1,5,5,0,0,0,0,1117,0,0,0,0,1,0,0,nan,nan,nan,nan,nan,nan,nan
24670,1,5,5,0,0,0,0,1117,2,0,0,0,1,0,0,17.867955503377743,nan,nan,nan,nan,nan,nan
24671,1,5,5,0,0,0,0,1117,2,0,0,0,1,0,0,nan,nan,nan,nan,nan,nan,nan
24672,1,5,4,1,0,0,0,1117,2,0,0,0,1,0,0,nan,nan,12.539579070151376,nan,nan,nan,nan
24673,1,5,4,1,0,0,0,1117,2,0,0,0,1,0,0,nan,nan,nan,nan,nan,nan,nan
24674,1,5,4,1,0,0,0,1117,2,0,0,0,1,0,0,nan,nan,nan,nan,nan,nan,nan
24675,1,5,5,1,0,0,0,1117,0,0,0,0,1,0,0,nan,46.52992575313692,nan,nan,nan,nan,nan
24676,1,5,5,1,0,0,0,1117,0,0,0,0,1,0,0,nan,nan,nan,nan,nan,nan,nan
24677,1,5,5,1,0,0,0,1117,0,0,0,0,1,0,0,nan,nan,nan,nan,nan,nan,nan
24678,1,5,5,1,0,0,0,1117,0,0,0,0,1,0,0,nan,nan,nan,nan,nan,nan,nan
24679,1,5,5,1,0,0,1,1117,0,0,0,0,1,1,0,nan,nan,nan,nan,nan,21.665559588669566,nan
24680,1,5,5,1,0,0,1,1117,0,0,0,0,1,1,0,nan,nan,nan,nan,nan,nan,nan
24681,1,5,5,1,0,0,1,1117,0,0,0,0,1,1,0,nan,nan,nan,nan,nan,nan,nan
24682,1,5,5,1,0,0,1,1117,0,0,0,0,1,1,0,nan,nan,nan,nan,nan,nan,nan
24683,1,5,5,1,0,0,1,1117,0,0,0,0,1,1,0,nan,nan,nan,nan,nan,nan,nan
24684,1,5,4,2,0,0,1,1117,0,0,0,0,1,1,0,nan,nan,11.724004895830149,nan,nan,nan,nan
24685,1,5,4,2,0,0,1,1117,0,0,0,0,1,1,0,nan,nan,nan,nan,nan,nan,nan
24686,1,5,4,2,0,0,1,1117,0,0,0,0,1,1,0,nan,nan,nan,nan,nan,nan,nan
24687,1,5,4,2,0,0,1,1117,2,0,0,0,1,1,0,16.62044775369941,nan,nan,nan,nan,nan,nan
24688,1,5,4,2,0,0,1,1117,2,0,0,0,1,1,0,nan,nan,nan,nan,nan,nan,nan
24689,1,5,4,2,0,0,1,1117,2,0,0,0,1,1,0,nan,nan,nan,nan,nan,nan,nan
24690,1,5,4,2,0,0,0,1118,2,0,0,0,1,1,0,nan,nan,nan,nan,nan,nan,24.554294365505484
24691,1,5,4,2,0,0,0,1118,2,0,0,0,1,1,0,nan,nan,nan,nan,nan,nan,nan
24692,1,5,4,2,0,0,0,1118,2,0,0,0,1,1,0,nan,nan,nan,nan,nan,nan,nan
24693,1,5,5,1,0,0,0,1118,0,0,0,0,0,1,0,nan,17.903456895604904,nan,55.12278756533124,nan,nan,nan
24694,1,5,5,1,0,0,0,1118,0,0,0,0,0,1,0,nan,nan,nan,nan,nan,nan,nan
24695,1,5,5,1,0,0,0,1118,0,0,0,0,0,1,0,nan,nan,nan,nan,nan,nan,nan
24696,1,5,5,1,0,0,0,1118,0,0,0,0,0,1,0,nan,nan,nan,nan,nan,nan,nan
24697,1,5,5,1,0,0,0,1118,0,0,0,0,0,1,0,nan,nan,nan,nan,nan,nan,nan
24698,1,5,5,1,0,0,0,1118,0,0,0,0,0,1,0,nan,nan,nan,nan,nan,nan,nan
24699,1,5,5,1,0,0,0,1118,0,0,0,0,0,1,0,nan,nan,nan,nan,nan,nan,nan
24700,1,5,5,1,0,0,0,1118,0,0,0,0,0,1,0,nan,nan,nan,nan,nan,nan,nan
24701,1,5,5,1,0,0,0,1118,0,0,0,0,0,1,0,nan,nan,nan,nan,nan,nan,nan
24702,1,5,5,1,0,0,0,1118,0,0,0,0,0,1,0,nan,nan,nan,nan,nan,nan,nan
24703,1,5,5,1,0,0,0,1118,0,0,0,0,0,1,0,nan,nan,nan,nan,nan,nan,nan
24704,1,5,5,1,0,0,0,1118,0,0,0,0,0,1,0,nan,nan,nan,nan,nan,nan,nan
24705,1,5,5,1,0,0,0,1119,0,0,0,0,0,1,1,nan,nan,nan,nan,nan,nan,14.810328098126774
24706,1,5,4,2,0,0,0,1119,0,0,0,0,0,1,1,nan,nan,21.986472380878695,nan,nan,nan,nan
24707,1,5,4,2,0,0,0,1119,2,0,0,0,0,1,1,20.196993898589426,nan,nan,nan,nan,nan,nan
24708,1,5,4,2,0,0,0,1119,2,0,0,0,0,1,1,nan,nan,nan,nan,nan,nan,nan
24709,1,5,4,2,0,0,0,1119,2,0,0,0,0,1,1,nan,nan,nan,nan,nan,nan,nan
24710,1,5,4,2,0,0,0,1119,2,0,0,0,0,1,1,nan,nan,nan,nan,nan,nan,nan
24711,1,5,4,1,1,0,0,1119,2,0,0,0,0,1,1,nan,nan,nan,17.887950054057,nan,nan,nan
24712,1,5,4,1,1,0,0,1119,2,0,0,0,0,1,1,nan,nan,nan,nan,nan,nan,nan
24713,1,5,4,1,1,0,0,1119,2,0,0,0,0,1,1,nan,nan,nan,nan,nan,nan,nan
24714,1,5,4,1,0,0,0,1119,2,0,0,0,0,0,1,nan,nan,nan,nan,55.00421293078034,nan,nan
24715,1,5,4,1,0,0,0,1119,2,0,0,0,0,0,1,nan,nan,nan,nan,nan,nan,nan
24716,1,5,5,1,0,0,0,1119,0,0,0,0,0,0,1,nan,23.401946662921546,nan,nan,nan,nan,nan
24717,1,5,5,1,0,0,0,1119,0,0,0,0,0,0,1,nan,nan,nan,nan,nan,nan,nan
24718,1,5,5,1,0,0,0,1119,0,0,0,0,0,0,1,nan,nan,nan,nan,nan,nan,nan
24719,1,5,5,1,0,0,0,1119,0,0,0,0,0,0,1,nan,nan,nan,nan,nan,nan,nan
24720,1,5,5,1,0,0,0,1119,0,0,0,0,0,0,1,nan,nan,nan,nan,nan,nan,nan
24721,1,5,5,1,0,0,0,1119,0,0,0,0,0,0,1,nan,nan,nan,nan,nan,nan,nan
24722,1,5,5,1,0,0,0,1119,0,0,0,0,0,0,1,nan,nan,nan,nan,nan,nan,nan
24723,1,5,4,2,0,0,0,1119,0,0,0,0,0,0,1,nan,nan,17.382062314147333,nan,nan,nan,nan
24724,1,5,4,2,0,0,0,1119,0,0,0,0,0,0,1,nan,nan,nan,nan,nan,nan,nan
24725,1,5,4,2,0,0,0,1119,0,0,0,0,0,0,1,nan,nan,nan,nan,nan,nan,nan
24726,1,5,4,2,0,0,0,1119,0,0,0,0,0,0,1,nan,nan,nan,nan,nan,nan,nan
24727,1,5,4,2,0,0,0,1119,0,0,0,0,0,0,1,nan,nan,nan,nan,nan,nan,nan
24728,1,5,4,1,1,0,0,1119,0,0,0,0,0,0,1,nan,nan,nan,17.308804871539905,nan,nan,nan
24729,1,5,4,1,1,0,0,1119,0,0,0,0,0,0,1,nan,nan,nan,nan,nan,nan,nan
24730,1,5,4,1,1,0,0,1119,0,0,0,0,0,0,1,nan,nan,nan,nan,nan,nan,nan
24731,1,5,4,1,1,0,0,1119,0,0,0,0,0,1,0,nan,nan,nan,nan,nan,52.66859594120979,nan
24732,1,5,4,1,1,0,0,1119,2,0,0,0,0,1,0,24.719674099942495,nan,nan,nan,nan,nan,nan
24733,1,5,4,1,0,0,0,1119,2,0,0,0,0,0,0,nan,nan,nan,nan,19.151351326985605,nan,nan
24734,1,5,4,1,0,0,0,1119,2,0,0,0,0,0,0,nan,nan,nan,nan,nan,nan,nan
24735,1,5,4,1,0,0,0,1119,2,0,0,0,0,0,0,nan,nan,nan,nan,nan,nan,nan
24736,1,5,4,1,0,0,0,1119,2,0,0,0,0,0,0,nan,nan,nan,nan,nan,nan,nan
24737,1,5,5,1,0,0,0,1119,0,0,0,0,0,0,0,nan,21.442830551448424,nan,nan,nan,nan,nan
24738,1,5,4,2,0,0,0,1119,0,0,0,0,0,0,0,nan,nan,15.286782778930501,nan,nan,nan,nan
24739,1,5,4,2,0,0,0,1119,0,0,0,0,0,0,0,nan,nan,nan,nan,nan,nan,nan
24740,1,5,4,2,0,0,0,1119,0,0,0,0,0,0,0,nan,nan,nan,nan,nan,nan,nan
24741,1,5,4,2,0,0,0,1119,0,0,0,0,0,0,0,nan,nan,nan,nan,nan,nan,nan
24742,1,5,4,2,0,0,0,1119,0,0,0,0,0,0,0,nan,nan,nan,nan,nan,nan,nan
24743,1,5,4,2,0,0,0,1120,0,0,0,0,0,0,1,nan,nan,nan,nan,nan,nan,37.88070242507092
24744,1,5,4,2,0,0,0,1120,0,0,0,0,0,0,1,nan,nan,nan,nan,nan,nan,nan
24745,1,5,4,1,0,1,0,1120,0,0,0,0,0,0,1,nan,nan,nan,16.407259348874504,12.20247487238521,nan,nan
24746,1,5,4,1,0,0,0,1120,0,0,0,0,0,0,0,nan,nan,nan,nan,nan,15.095430863020738,nan
24747,1,5,4,1,0,0,0,1120,0,0,0,0,0,0,0,nan,nan,nan,nan,nan,nan,nan
24748,1,5,4,1,0,0,0,1120,0,0,0,0,0,0,0,nan,nan,nan,nan,nan,nan,nan
24749,1,5,4,1,0,0,0,1120,0,0,0,0,0,0,0,nan,nan,nan,nan,nan,nan,nan
24750,1,5,4,1,0,0,0,1120,0,0,0,0,0,0,0,nan,nan,nan,nan,nan,nan,nan
24751,1,5,4,1,0,0,0,1120,2,0,0,0,0,0,0,19.140658335745684,nan,nan,nan,nan,nan,nan
24752,1,5,4,1,0,0,0,1120,2,0,0,0,0,0,0,nan,nan,nan,nan,nan,nan,nan
24753,1,5,4,1,0,0,0,1120,2,0,0,0,0,0,0,nan,nan,nan,nan,nan,nan,nan
24754,1,5,4,1,0,0,0,1120,2,0,0,0,0,0,0,nan,nan,nan,nan,nan,nan,nan
24755,1,5,4,1,0,0,0,1120,2,0,0,0,0,0,0,nan,nan,nan,nan,nan,nan,nan
24756,1,5,4,1,0,0,0,1120,2,0,0,0,0,0,0,nan,nan,nan,nan,nan,nan,nan
24757,1,5,4,1,0,0,0,1120,2,0,0,0,0,0,0,nan,nan,nan,nan,nan,nan,nan
24758,1,5,5,1,0,0,0,1120,0,0,0,0,0,0,0,nan,20.667765500787937,nan,nan,nan,nan,nan
24759,1,5,5,1,0,0,0,1120,0,0,0,0,0,0,0,nan,nan,nan,nan,nan,nan,nan
24760,1,5,5,1,0,0,0,1120,0,0,0,0,0,0,0,nan,nan,nan,nan,nan,nan,nan
24761,1,5,4,2,0,0,0,1120,0,0,0,0,0,0,0,nan,nan,23.23967911156069,nan,nan,nan,nan
24762,1,5,4,2,0,0,0,1120,0,0,0,0,0,0,0,nan,nan,nan,nan,nan,nan,nan
24763,1,5,4,1,1,0,0,1120,0,0,0,0,0,0,0,nan,nan,nan,17.667039417083288,nan,nan,nan
24764,1,5,4,1,1,0,0,1120,0,0,0,0,0,0,0,nan,nan,nan,nan,nan,nan,nan
24765,1,5,4,1,1,0,0,1120,0,0,0,0,0,0,0,nan,nan,nan,nan,nan,nan,nan
24766,1,5,4,1,1,0,0,1120,0,0,0,0,0,0,0,nan,nan,nan,nan,nan,nan,nan
24767,1,5,4,1,0,1,0,1120,0,0,0,0,0,0,0,nan,nan,nan,nan,21.981965666011092,nan,nan
24768,1,5,4,1,0,1,0,1120,0,0,0,0,0,0,0,nan,nan,nan,nan,nan,nan,nan
24769,1,4,5,1,0,1,0,1120,0,0,0,0,0,0,0,nan,10.742653264373075,nan,nan,nan,nan,nan
24770,1,4,5,1,0,1,0,1121,0,0,0,0,0,0,1,nan,nan,nan,nan,nan,nan,26.749116297447472
24771,1,4,5,1,0,1,0,1121,0,0,0,0,0,0,1,nan,nan,nan,nan,nan,nan,nan
24772,1,4,5,1,0,1,0,1121,0,0,0,0,0,0,1,nan,nan,nan,nan,nan,nan,nan
24773,1,4,5,1,0,0,0,1121,0,0,0,0,0,0,0,nan,nan,nan,nan,nan,26.373264907033445,nan
24774,1,4,5,1,0,0,0,1121,0,0,0,0,0,0,0,nan,nan,nan,nan,nan,nan,nan
24775,1,4,5,1,0,0,0,1121,0,0,0,0,0,0,0,nan,nan,nan,nan,nan,nan,nan
24776,1,5,5,1,0,0,0,1121,0,0,0,0,0,0,0,25.301309908973053,nan,nan,nan,nan,nan,nan
24777,1,5,5,1,0,0,0,1121,0,0,0,0,0,0,0,nan,nan,nan,nan,nan,nan,nan
24778,1,5,5,0,1,0,0,1121,0,0,0,0,0,0,0,nan,nan,nan,15.658572152562556,nan,nan,nan
24779,1,5,5,0,1,0,0,1121,0,0,0,0,0,0,0,nan,nan,nan,nan,nan,nan,nan
24780,1,5,5,0,1,0,0,1121,0,0,0,0,0,0,0,nan,nan,nan,nan,nan,nan,nan
24781,1,5,5,0,1,0,0,1121,0,0,0,0,0,0,0,nan,nan,nan,nan,nan,nan,nan
24782,1,5,4,1,1,0,0,1121,0,0,0,0,0,0,0,nan,nan,20.434589958724246,nan,nan,nan,nan
24783,1,5,4,1,1,0,0,1122,0,0,0,0,0,0,1,nan,nan,nan,nan,nan,nan,13.55694473956828
24784,1,5,4,1,1,0,0,1122,0,0,0,0,0,0,1,nan,nan,nan,nan,nan,nan,nan
24785,1,5,4,1,1,0,0,1122,0,0,0,0,0,0,1,nan,nan,nan,nan,nan,nan,nan
24786,1,5,4,1,1,0,0,1122,0,0,0,0,0,0,1,nan,nan,nan,nan,nan,nan,nan
24787,1,5,4,1,0,1,0,1122,0,0,0,0,0,0,1,nan,nan,nan,nan,19.18991112292497,nan,nan
24788,1,5,4,1,0,1,0,1122,0,0,0,0,0,0,1,nan,nan,nan,nan,nan,nan,nan
24789,1,5,4,1,0,1,0,1122,0,0,0,0,0,0,1,nan,nan,nan,nan,nan,nan,nan
24790,1,4,5,1,0,1,0,1122,0,0,0,0,0,0,1,nan,20.88915767304934,nan,nan,nan,nan,nan
24791,1,4,5,1,0,1,0,1122,0,0,0,0,0,0,1,nan,nan,nan,nan,nan,nan,nan
24792,1,4,5,1,0,1,0,1122,0,0,0,0,0,0,1,nan,nan,nan,nan,nan,nan,nan
24793,1,4,5,1,0,1,0,1122,0,0,0,0,0,0,1,nan,nan,nan,nan,nan,nan,nan
24794,1,4,5,1,0,0,0,1122,0,0,0,0,0,0,0,nan,nan,nan,nan,nan,21.25156278907525,nan
24795,1,5,5,1,0,0,0,1122,0,0,0,0,0,0,0,18.255785414025013,nan,nan,nan,nan,nan,nan
24796,1,5,5,1,0,0,0,1122,0,0,0,0,0,0,0,nan,nan,nan,nan,nan,nan,nan
24797,1,5,5,1,0,0,0,1122,0,0,0,0,0,0,0,nan,nan,nan,nan,nan,nan,nan
24798,1,5,5,1,0,0,0,1122,0,0,0,0,0,0,0,nan,nan,nan,nan,nan,nan,nan
24799,1,5,5,1,0,0,0,1122,0,0,0,0,0,0,0,nan,nan,nan,nan,nan,nan,nan
24800,1,5,5,1,0,0,0,1122,0,0,0,0,0,0,0,nan,nan,nan,nan,nan,nan,nan
24801,1,5,4,2,0,0,0,1122,0,0,0,0,0,0,0,nan,nan,19.50239584908195,nan,nan,nan,nan
24802,1,5,4,2,0,0,0,1123,0,0,0,0,0,0,1,nan,nan,nan,nan,nan,nan,18.549561804647965
24803,1,5,4,2,0,0,0,1123,0,0,0,0,0,0,1,nan,nan,nan,nan,nan,nan,nan
24804,1,4,5,2,0,0,0,1123,0,0,0,0,0,0,1,nan,14.620656225117273,nan,nan,nan,nan,nan
24805,1,4,5,2,0,0,0,1123,0,0,0,0,0,0,1,nan,nan,nan,nan,nan,nan,nan
24806,1,4,5,2,0,0,0,1123,0,0,0,0,0,0,1,nan,nan,nan,nan,nan,nan,nan
24807,1,4,5,2,0,0,0,1123,0,0,0,0,0,0,1,nan,nan,nan,nan,nan,nan,nan
24808,1,4,5,2,0,0,0,1123,0,0,0,0,0,0,1,nan,nan,nan,nan,nan,nan,nan
24809,1,4,5,2,0,0,0,1123,0,0,0,0,0,0,1,nan,nan,nan,nan,nan,nan,nan
24810,1,4,5,2,0,0,0,1123,0,0,0,0,0,0,1,nan,nan,nan,nan,nan,nan,nan
24811,1,5,5,2,0,0,0,1123,0,0,0,0,0,0,1,16.417917139253404,nan,nan,nan,nan,nan,nan
24812,1,5,5,2,0,0,0,1123,0,0,0,0,0,0,1,nan,nan,nan,nan,nan,nan,nan
24813,1,5,5,2,0,0,0,1123,0,0,0,0,0,0,1,nan,nan,nan,nan,nan,nan,nan
24814,1,5,5,2,0,1,0,1123,0,0,0,0,1,0,1,nan,nan,nan,nan,27.19084625286996,nan,nan
24815,1,5,5,2,0,1,0,1123,0,0,0,0,1,0,1,nan,nan,nan,nan,nan,nan,nan
24816,1,5,5,2,0,1,0,1123,0,0,0,0,1,0,1,nan,nan,nan,nan,nan,nan,nan
24817,1,5,5,2,0,1,0,1123,0,0,0,0,1,0,1,nan,nan,nan,nan,nan,nan,nan
24818,1,5,5,1,0,0,0,1123,0,0,0,0,0,0,0,nan,nan,nan,39.687597043739515,nan,23.776209927480522,nan
24819,1,5,5,1,0,0,0,1123,0,0,0,0,0,0,0,nan,nan,nan,nan,nan,nan,nan
24820,1,5,5,1,0,0,0,1123,0,0,0,0,0,0,0,nan,nan,nan,nan,nan,nan,nan
24821,1,5,5,1,0,0,0,1123,0,0,0,0,0,0,0,nan,nan,nan,nan,nan,nan,nan
24822,1,5,5,1,0,0,0,1123,0,0,0,0,0,0,0,nan,nan,nan,nan,nan,nan,nan
24823,1,5,4,2,0,0,0,1123,0,0,0,0,0,0,0,nan,nan,21.53712506996817,nan,nan,nan,nan
24824,1,5,4,2,0,0,0,1123,0,0,0,0,0,0,0,nan,nan,nan,nan,nan,nan,nan
24825,1,5,4,2,0,0,0,1123,0,0,0,0,0,0,0,nan,nan,nan,nan,nan,nan,nan
24826,1,5,4,2,0,0,0,1123,0,0,0,0,0,0,0,nan,nan,nan,nan,nan,nan,nan
24827,1,5,4,2,0,0,0,1123,0,0,0,0,0,0,0,nan,nan,nan,nan,nan,nan,nan
24828,1,5,4,1,1,0,0,1123,0,0,0,0,0,0,0,nan,nan,nan,9.835425841894903,nan,nan,nan
24829,1,5,4,1,1,0,0,1123,0,0,0,0,0,0,0,nan,nan,nan,nan,nan,nan,nan
24830,1,5,5,1,0,1,0,1123,0,0,0,0,0,0,0,19.290430896802718,25.684203946475463,nan,nan,16.162434379264596,nan,nan
24831,1,5,5,1,0,1,0,1123,0,0,0,0,0,0,0,nan,nan,nan,nan,nan,nan,nan
24832,1,5,5,1,0,1,0,1123,0,0,0,0,0,0,0,nan,nan,nan,nan,nan,nan,nan
24833,1,5,5,1,0,0,1,1123,0,0,0,0,0,0,0,nan,nan,nan,nan,nan,15.453786031466734,nan
24834,1,5,5,1,0,0,1,1123,0,0,0,0,0,0,0,nan,nan,nan,nan,nan,nan,nan
24835,1,5,5,1,0,0,1,1123,0,0,0,0,0,0,0,nan,nan,nan,nan,nan,nan,nan
24836,1,5,5,1,0,0,1,1123,0,0,0,0,0,0,0,nan,nan,nan,nan,nan,nan,nan
24837,1,5,5,1,0,0,1,1123,0,0,0,0,0,0,0,nan,nan,nan,nan,nan,nan,nan
24838,1,5,5,1,0,0,1,1123,0,0,0,0,0,0,0,nan,nan,nan,nan,nan,nan,nan
24839,1,5,4,2,0,0,0,1124,0,0,0,0,0,0,0,nan,nan,16.204721638288902,nan,nan,nan,36.61305615800666
24840,1,5,4,2,0,0,0,1124,0,0,0,0,0,0,0,nan,nan,nan,nan,nan,nan,nan
24841,1,5,4,2,0,0,0,1124,2,0,0,0,0,0,0,11.041267180135037,nan,nan,nan,nan,nan,nan
24842,1,5,4,2,0,0,0,1124,2,0,0,0,0,0,0,nan,nan,nan,nan,nan,nan,nan
24843,1,5,4,2,0,0,0,1124,2,0,0,0,0,0,0,nan,nan,nan,nan,nan,nan,nan
24844,1,5,4,2,0,0,1,1124,2,0,0,0,0,1,0,nan,nan,nan,nan,nan,11.080970407794666,nan
24845,1,5,4,1,1,0,1,1124,2,0,0,0,0,1,0,nan,nan,nan,17.036673463197076,nan,nan,nan
24846,1,5,4,1,1,0,1,1124,2,0,0,0,0,1,0,nan,nan,nan,nan,nan,nan,nan
24847,1,5,4,1,1,0,1,1124,2,0,0,0,0,1,0,nan,nan,nan,nan,nan,nan,nan
24848,1,5,4,1,1,0,1,1124,2,0,0,0,0,1,0,nan,nan,nan,nan,nan,nan,nan
24849,1,5,4,1,1,0,1,1124,2,0,0,0,0,1,0,nan,nan,nan,nan,nan,nan,nan
24850,1,5,4,1,1,0,1,1124,2,0,0,0,0,1,0,nan,nan,nan,nan,nan,nan,nan
24851,1,5,4,1,1,0,1,1124,2,0,0,0,0,1,0,nan,nan,nan,nan,nan,nan,nan
24852,1,5,4,1,1,0,1,1124,2,0,0,0,0,1,0,nan,nan,nan,nan,nan,nan,nan
24853,1,5,4,1,0,0,1,1124,2,0,0,0,0,0,0,nan,nan,nan,nan,23.465295367997896,nan,nan
24854,1,5,4,1,0,0,1,1124,2,0,0,0,0,0,0,nan,nan,nan,nan,nan,nan,nan
24855,1,5,4,1,0,0,1,1124,2,0,0,0,0,0,0,nan,nan,nan,nan,nan,nan,nan
24856,1,5,5,1,0,0,1,1124,0,0,0,0,0,0,0,nan,25.452525178548967,nan,nan,nan,nan,nan
24857,1,5,5,1,0,0,1,1124,0,0,0,0,0,0,0,nan,nan,nan,nan,nan,nan,nan
24858,1,5,5,1,0,0,1,1124,0,0,0,0,0,0,0,nan,nan,nan,nan,nan,nan,nan
24859,1,5,5,1,0,0,1,1124,0,0,0,0,0,0,0,nan,nan,nan,nan,nan,nan,nan
24860,1,5,4,2,0,0,1,1124,0,0,0,0,0,0,0,nan,nan,20.898068369719113,nan,nan,nan,nan
24861,1,5,4,2,0,0,0,1125,0,0,0,0,0,0,0,nan,nan,nan,nan,nan,nan,22.73705243508084
24862,1,5,4,2,0,0,0,1125,0,0,0,0,0,0,0,nan,nan,nan,nan,nan,nan,nan
24863,1,5,4,2,0,0,0,1125,0,0,0,0,0,0,0,nan,nan,nan,nan,nan,nan,nan
24864,1,5,4,2,0,0,0,1125,0,0,0,0,0,0,0,nan,nan,nan,nan,nan,nan,nan
24865,1,5,4,2,0,0,0,1125,0,0,0,0,0,0,0,nan,nan,nan,nan,nan,nan,nan
24866,1,5,4,2,0,0,0,1125,0,0,0,0,0,0,0,nan,nan,nan,nan,nan,nan,nan
24867,1,5,4,1,1,0,0,1125,0,0,0,0,0,0,0,nan,nan,nan,21.777149814781296,nan,nan,nan
24868,1,5,4,1,1,0,0,1125,0,0,0,0,0,0,0,nan,nan,nan,nan,nan,nan,nan
24869,1,5,4,1,1,0,0,1125,0,0,0,0,0,0,0,nan,nan,nan,nan,nan,nan,nan
24870,1,5,5,1,1,0,0,1125,0,0,0,0,0,0,0,29.00825607356819,14.523719128450466,nan,nan,nan,nan,nan
24871,1,5,5,1,1,0,0,1125,0,0,0,0,0,0,0,nan,nan,nan,nan,nan,nan,nan
24872,1,5,5,1,0,1,0,1125,0,0,0,0,0,0,0,nan,nan,nan,nan,18.94783120527063,nan,nan
24873,1,5,5,1,0,1,0,1125,0,0,0,0,0,0,0,nan,nan,nan,nan,nan,nan,nan
24874,1,5,5,1,0,1,0,1125,0,0,0,0,0,0,0,nan,nan,nan,nan,nan,nan,nan
24875,1,5,5,1,0,1,0,1125,0,0,0,0,0,0,0,nan,nan,nan,nan,nan,nan,nan
24876,1,5,5,1,0,1,0,1125,0,0,0,0,0,0,0,nan,nan,nan,nan,nan,nan,nan
24877,1,5,5,1,0,1,0,1125,0,0,0,0,0,0,0,nan,nan,nan,nan,nan,nan,nan
24878,1,5,5,1,0,1,0,1125,0,0,0,0,0,0,0,nan,nan,nan,nan,nan,nan,nan
24879,1,5,5,1,0,1,0,1125,0,0,0,0,0,0,0,nan,nan,nan,nan,nan,nan,nan
24880,1,5,4,2,0,0,1,1125,0,0,0,0,0,0,0,nan,nan,20.30299102191202,nan,nan,36.10002170430016,nan
24881,1,5,4,2,0,0,1,1125,0,0,0,0,0,0,0,nan,nan,nan,nan,nan,nan,nan
24882,1,5,4,2,0,0,1,1125,0,0,0,0,0,0,0,nan,nan,nan,nan,nan,nan,nan
24883,1,5,4,2,0,0,1,1125,0,0,0,0,0,0,0,nan,nan,nan,nan,nan,nan,nan
24884,1,5,4,2,0,0,1,1125,0,0,0,0,0,0,0,nan,nan,nan,nan,nan,nan,nan
24885,1,5,4,2,0,0,0,1126,0,0,0,0,0,0,0,nan,nan,nan,nan,nan,nan,23.74689430836588
24886,1,5,4,2,0,1,0,1126,0,0,0,0,1,0,0,nan,nan,nan,nan,13.240129070956755,nan,nan
24887,1,5,4,2,0,1,0,1126,0,0,0,0,1,0,0,nan,nan,nan,nan,nan,nan,nan
24888,1,5,4,2,0,1,0,1126,0,0,0,0,1,0,0,nan,nan,nan,nan,nan,nan,nan
24889,1,5,4,2,0,1,0,1126,0,0,0,0,1,0,0,nan,nan,nan,nan,nan,nan,nan
24890,1,5,4,1,0,1,0,1126,0,0,0,0,0,0,0,nan,nan,nan,23.14352951309411,nan,nan,nan
24891,1,4,5,1,0,1,0,1126,0,0,0,0,0,0,0,nan,20.676472580431437,nan,nan,nan,nan,nan
24892,1,4,5,1,0,1,0,1126,0,0,0,0,0,0,0,nan,nan,nan,nan,nan,nan,nan
24893,1,4,5,1,0,0,1,1126,0,0,0,0,0,0,0,nan,nan,nan,nan,nan,12.898875672013673,nan
24894,1,4,5,1,0,0,1,1126,0,0,0,0,0,0,0,nan,nan,nan,nan,nan,nan,nan
24895,1,4,5,1,0,0,1,1126,0,0,0,0,0,0,0,nan,nan,nan,nan,nan,nan,nan
24896,1,4,5,1,0,0,1,1126,0,0,0,0,0,0,0,nan,nan,nan,nan,nan,nan,nan
24897,1,4,5,1,0,0,1,1126,0,0,0,0,0,0,0,nan,nan,nan,nan,nan,nan,nan
24898,1,4,5,1,0,0,1,1126,0,0,0,0,0,0,0,nan,nan,nan,nan,nan,nan,nan
24899,1,4,5,1,0,0,1,1126,0,0,0,0,0,0,0,nan,nan,nan,nan,nan,nan,nan
24900,1,4,4,2,0,0,1,1126,0,0,0,0,0,0,0,nan,nan,19.225256637106213,nan,nan,nan,nan
24901,1,4,4,2,0,0,1,1126,0,0,0,0,0,0,0,nan,nan,nan,nan,nan,nan,nan
24902,1,4,4,2,0,0,1,1126,0,0,0,0,0,0,0,nan,nan,nan,nan,nan,nan,nan
24903,1,5,4,2,0,0,1,1126,0,0,0,0,0,0,0,32.42971747525007,nan,nan,nan,nan,nan,nan
24904,1,5,4,2,0,0,1,1126,0,0,0,0,0,0,0,nan,nan,nan,nan,nan,nan,nan
24905,1,5,4,2,0,1,1,1126,0,0,0,0,1,0,0,nan,nan,nan,nan,19.708407702964905,nan,nan
24906,1,5,4,2,0,1,1,1126,0,0,0,0,1,0,0,nan,nan,nan,nan,nan,nan,nan
24907,1,5,4,2,0,1,1,1126,0,0,0,0,1,0,0,nan,nan,nan,nan,nan,nan,nan
24908,1,5,4,2,0,1,1,1126,0,0,0,0,1,0,0,nan,nan,nan,nan,nan,nan,nan
24909,1,5,4,1,0,1,0,1127,0,0,0,0,0,0,0,nan,nan,nan,19.174412287480664,nan,nan,24.246375205209915
24910,1,5,4,1,0,1,0,1127,0,0,0,0,0,0,0,nan,nan,nan,nan,nan,nan,nan
24911,1,4,5,1,0,1,0,1127,0,0,0,0,0,0,0,nan,20.463086188668967,nan,nan,nan,nan,nan
24912,1,4,5,1,0,0,1,1127,0,0,0,0,0,0,0,nan,nan,nan,nan,nan,18.863622987944836,nan
24913,1,4,5,1,0,0,1,1127,0,0,0,0,0,0,0,nan,nan,nan,nan,nan,nan,nan
24914,1,4,5,1,0,0,1,1127,0,0,0,0,0,0,0,nan,nan,nan,nan,nan,nan,nan
24915,1,4,5,1,0,0,1,1127,0,0,0,0,0,0,0,nan,nan,nan,nan,nan,nan,nan
24916,1,4,5,1,0,0,1,1127,0,0,0,0,0,0,0,nan,nan,nan,nan,nan,nan,nan
24917,1,4,5,1,0,0,1,1127,0,0,0,0,0,0,0,nan,nan,nan,nan,nan,nan,nan
24918,1,5,5,1,0,0,1,1127,0,0,0,0,0,0,0,15.674562644060643,nan,nan,nan,nan,nan,nan
24919,1,5,5,1,0,0,1,1127,0,0,0,0,0,0,0,nan,nan,nan,nan,nan,nan,nan
24920,1,5,5,1,0,0,1,1127,0,0,0,0,0,0,0,nan,nan,nan,nan,nan,nan,nan
24921,1,5,5,1,0,0,1,1127,0,0,0,0,0,0,0,nan,nan,nan,nan,nan,nan,nan
24922,1,5,5,1,0,1,1,1127,0,2,0,0,1,0,0,nan,10.581475269900693,nan,nan,16.708074343499902,nan,nan
24923,1,5,5,1,0,1,1,1127,0,2,0,0,1,0,0,nan,nan,nan,nan,nan,nan,nan
24924,1,5,5,1,0,1,1,1127,0,2,0,0,1,0,0,nan,nan,nan,nan,nan,nan,nan
24925,1,5,5,1,0,1,1,1127,0,2,0,0,1,0,0,nan,nan,nan,nan,nan,nan,nan
24926,1,5,5,1,0,1,1,1127,0,2,0,0,1,0,0,nan,nan,nan,nan,nan,nan,nan
24927,1,5,5,1,0,1,1,1127,0,2,0,0,1,0,0,nan,nan,nan,nan,nan,nan,nan
24928,1,5,5,1,0,1,0,1128,0,2,0,0,1,0,0,nan,nan,nan,nan,nan,nan,18.95785393044207
24929,1,5,5,1,0,1,0,1128,0,2,0,0,1,0,0,nan,nan,nan,nan,nan,nan,nan
24930,1,5,5,1,0,0,1,1128,0,2,0,0,1,0,0,nan,nan,nan,nan,nan,17.921269567403215,nan
24931,1,4,5,2,0,0,1,1128,0,0,0,0,1,0,0,nan,nan,31.372630838504847,nan,nan,nan,nan
24932,1,4,5,2,0,0,1,1128,0,0,0,0,1,0,0,nan,nan,nan,nan,nan,nan,nan
24933,1,4,5,2,0,0,1,1128,0,0,0,0,1,0,0,nan,nan,nan,nan,nan,nan,nan
24934,1,4,5,2,0,0,1,1128,0,0,0,0,1,0,0,nan,nan,nan,nan,nan,nan,nan
24935,1,4,5,2,0,0,1,1128,0,0,0,0,1,0,0,nan,nan,nan,nan,nan,nan,nan
24936,1,4,5,2,0,0,1,1128,0,0,0,0,1,0,0,nan,nan,nan,nan,nan,nan,nan
24937,1,4,5,1,0,0,1,1128,0,0,0,0,0,0,0,nan,nan,nan,27.86188749021312,nan,nan,nan
24938,1,4,5,1,0,0,1,1128,0,0,0,0,0,0,0,nan,nan,nan,nan,nan,nan,nan
24939,1,4,5,1,0,0,1,1128,0,0,0,0,0,0,0,nan,nan,nan,nan,nan,nan,nan
24940,1,4,5,1,0,0,1,1128,0,0,0,0,0,0,0,nan,nan,nan,nan,nan,nan,nan
24941,1,4,5,1,0,0,1,1128,0,0,0,0,0,0,0,nan,nan,nan,nan,nan,nan,nan
24942,1,4,4,2,0,0,1,1128,0,0,0,0,0,0,0,nan,nan,10.671339134518348,nan,nan,nan,nan
24943,1,4,4,2,0,0,1,1128,0,0,0,0,0,0,0,nan,nan,nan,nan,nan,nan,nan
24944,1,5,4,2,0,0,1,1128,0,0,0,0,0,0,0,25.859801062782935,nan,nan,nan,nan,nan,nan
24945,1,4,5,2,0,0,1,1128,0,0,0,0,0,0,0,nan,23.34520794222408,nan,nan,nan,nan,nan
24946,1,4,5,2,0,0,1,1128,0,0,0,0,0,0,0,nan,nan,nan,nan,nan,nan,nan
24947,1,4,5,2,0,0,1,1128,0,0,0,0,0,0,0,nan,nan,nan,nan,nan,nan,nan
24948,1,4,5,2,0,0,1,1128,0,0,0,0,0,0,0,nan,nan,nan,nan,nan,nan,nan
24949,1,4,5,1,0,1,1,1128,0,0,0,0,0,0,0,nan,nan,nan,12.626209844886034,27.48241731957023,nan,nan
24950,1,4,5,1,0,1,0,1129,0,0,0,0,0,0,0,nan,nan,nan,nan,nan,nan,21.557307696028147
24951,1,4,5,1,0,1,0,1129,0,0,0,0,0,0,0,nan,nan,nan,nan,nan,nan,nan
24952,1,4,5,1,0,1,0,1129,0,0,0,0,0,0,0,nan,nan,nan,nan,nan,nan,nan
24953,1,4,5,1,0,1,0,1129,0,0,0,0,0,0,0,nan,nan,nan,nan,nan,nan,nan
24954,1,5,5,1,0,1,0,1129,0,0,0,0,0,0,0,9.659244465899974,nan,nan,nan,nan,nan,nan
24955,1,5,5,1,0,1,0,1129,0,0,0,0,0,0,0,nan,nan,nan,nan,nan,nan,nan
24956,1,5,5,1,0,1,0,1129,0,0,0,0,0,0,0,nan,nan,nan,nan,nan,nan,nan
24957,1,5,5,1,0,1,0,1129,0,2,0,0,0,0,0,nan,12.194301838750107,nan,nan,nan,nan,nan
24958,1,5,5,1,0,1,0,1129,0,2,0,0,0,0,0,nan,nan,nan,nan,nan,nan,nan
24959,1,5,5,1,0,0,1,1129,0,2,0,0,0,0,0,nan,nan,nan,nan,nan,28.84714718489704,nan
24960,1,5,5,1,0,0,1,1129,0,2,0,0,0,0,0,nan,nan,nan,nan,nan,nan,nan
24961,1,5,5,1,0,0,1,1129,0,2,0,0,0,0,0,nan,nan,nan,nan,nan,nan,nan
24962,1,4,5,2,0,0,1,1129,0,0,0,0,0,0,0,nan,nan,20.04134170027828,nan,nan,nan,nan
24963,1,4,5,2,0,0,1,1129,0,0,0,0,0,0,0,nan,nan,nan,nan,nan,nan,nan
24964,1,4,5,2,0,1,1,1129,0,0,0,0,1,0,0,nan,nan,nan,nan,14.639081380271818,nan,nan
24965,1,4,5,2,0,1,1,1129,0,0,0,0,1,0,0,nan,nan,nan,nan,nan,nan,nan
24966,1,4,5,2,0,1,1,1129,0,0,0,0,1,0,0,nan,nan,nan,nan,nan,nan,nan
24967,1,4,5,2,0,1,1,1129,0,0,0,0,1,0,0,nan,nan,nan,nan,nan,nan,nan
24968,1,4,5,2,0,1,1,1129,0,0,0,0,1,0,0,nan,nan,nan,nan,nan,nan,nan
24969,1,4,5,2,0,1,1,1129,0,0,0,0,1,0,0,nan,nan,nan,nan,nan,nan,nan
24970,1,4,5,1,0,1,1,1129,0,0,0,0,0,0,0,nan,nan,nan,20.992517226906784,nan,nan,nan
24971,1,4,5,1,0,1,1,1129,0,0,0,0,0,0,0,nan,nan,nan,nan,nan,nan,nan
24972,1,4,5,1,0,1,1,1129,0,0,0,0,0,0,0,nan,nan,nan,nan,nan,nan,nan
24973,1,4,5,1,0,1,0,1130,0,0,0,0,0,0,0,nan,nan,nan,nan,nan,nan,22.81187727361248
24974,1,4,5,1,0,1,0,1130,0,0,0,0,0,0,0,nan,nan,nan,nan,nan,nan,nan
24975,1,4,5,1,0,1,0,1130,0,2,0,0,0,0,0,nan,17.93510594821055,nan,nan,nan,nan,nan
24976,1,4,5,1,0,1,0,1130,0,2,0,0,0,0,0,nan,nan,nan,nan,nan,nan,nan
24977,1,4,5,1,0,1,0,1130,0,2,0,0,0,0,0,nan,nan,nan,nan,nan,nan,nan
24978,1,4,5,1,0,1,0,1130,0,2,0,0,0,0,0,nan,nan,nan,nan,nan,nan,nan
24979,1,4,5,1,0,1,0,1130,0,2,0,0,0,0,0,nan,nan,nan,nan,nan,nan,nan
24980,1,4,5,1,0,1,0,1130,0,2,0,0,0,0,0,nan,nan,nan,nan,nan,nan,nan
24981,1,5,5,1,0,0,1,1130,0,2,0,0,0,0,0,26.76841866626637,nan,nan,nan,nan,22.042121877337195,nan
24982,1,5,5,1,0,0,1,1130,0,2,0,0,0,0,0,nan,nan,nan,nan,nan,nan,nan
24983,1,5,5,1,0,0,1,1130,0,2,0,0,0,0,0,nan,nan,nan,nan,nan,nan,nan
24984,1,5,5,1,0,0,1,1130,0,2,0,0,0,0,0,nan,nan,nan,nan,nan,nan,nan
24985,1,4,5,2,0,0,1,1130,0,0,0,0,0,0,0,nan,nan,22.884855987558694,nan,nan,nan,nan
24986,1,4,5,2,0,0,1,1130,0,0,0,0,0,0,0,nan,nan,nan,nan,nan,nan,nan
24987,1,4,5,2,0,0,1,1130,0,0,0,0,0,0,0,nan,nan,nan,nan,nan,nan,nan
24988,1,4,5,2,0,0,1,1130,0,0,0,0,0,0,0,nan,nan,nan,nan,nan,nan,nan
24989,1,4,5,2,0,0,0,1131,0,0,0,0,0,0,0,nan,nan,nan,nan,nan,nan,16.483941872975265
24990,1,4,5,2,0,0,0,1131,0,0,0,0,0,0,0,nan,nan,nan,nan,nan,nan,nan
24991,1,4,5,2,0,0,0,1131,0,0,0,0,0,0,0,nan,nan,nan,nan,nan,nan,nan
24992,1,4,5,2,0,0,0,1131,0,0,0,0,0,0,0,nan,nan,nan,nan,nan,nan,nan
24993,1,4,5,2,0,0,1,1131,0,0,0,0,0,1,0,nan,nan,nan,nan,nan,12.143593233937281,nan
24994,1,5,5,2,0,0,1,1131,0,0,0,0,0,1,0,12.810289487315458,nan,nan,nan,nan,nan,nan
24995,1,5,5,2,0,0,1,1131,0,0,0,0,0,1,0,nan,nan,nan,nan,nan,nan,nan
24996,1,5,5,2,0,0,1,1131,0,0,0,0,0,1,0,nan,nan,nan,nan,nan,nan,nan
24997,1,5,5,2,0,0,1,1131,0,0,0,0,0,1,0,nan,nan,nan,nan,nan,nan,nan
24998,1,5,4,3,0,0,1,1131,0,0,0,0,0,1,0,nan,nan,13.37776192327874,nan,nan,nan,nan
24999,1,5,4,3,0,0,1,1131,0,0,0,0,1,0,0,nan,nan,nan,nan,35.137836419802625,nan,nan
